,log_name,noise_level,complexity,drift_pattern,n_drifts,n_change_points,n_sudden,n_gradual,drift_type,actual_cp,detected_cp,log_size,lag,lag_indices,TP,FP,FN_TP
0,log_419_1708942732.xes,0.0,na,[],0,0,0,0,no_drift,[0],[0],1029,0.1,102,1,0,1
1,log_419_1708942732.xes,0.0,na,[],0,0,0,0,sudden,[],[],1029,0.1,102,0,0,0
2,log_419_1708942732.xes,0.0,na,[],0,0,0,0,gradual_start,[],[],1029,0.1,102,0,0,0
3,log_419_1708942732.xes,0.0,na,[],0,0,0,0,gradual_end,[],[],1029,0.1,102,0,0,0
4,log_116_1708942735.xes,0.3,na,[],0,0,0,0,no_drift,[0],[0],1250,0.1,125,1,0,1
5,log_116_1708942735.xes,0.3,na,[],0,0,0,0,sudden,[],[],1250,0.1,125,0,0,0
6,log_116_1708942735.xes,0.3,na,[],0,0,0,0,gradual_start,[],[],1250,0.1,125,0,0,0
7,log_116_1708942735.xes,0.3,na,[],0,0,0,0,gradual_end,[],[],1250,0.1,125,0,0,0
8,log_1_1708942732.xes,0.3,na,"['gradual', 'gradual']",2,4,0,2,no_drift,[],[],5545,0.1,554,0,0,0
9,log_1_1708942732.xes,0.3,na,"['gradual', 'gradual']",2,4,0,2,sudden,[],[],5545,0.1,554,0,0,0
10,log_1_1708942732.xes,0.3,na,"['gradual', 'gradual']",2,4,0,2,gradual_start,"[1610, 3321]",[3322],5545,0.1,554,1,0,2
11,log_1_1708942732.xes,0.3,na,"['gradual', 'gradual']",2,4,0,2,gradual_end,"[2025, 3738]",[3727],5545,0.1,554,1,0,2
12,log_876_1708942736.xes,0.6,na,['sudden'],1,1,1,0,no_drift,[],[0],2641,0.1,264,0,1,0
13,log_876_1708942736.xes,0.6,na,['sudden'],1,1,1,0,sudden,[1448],[],2641,0.1,264,0,0,1
14,log_876_1708942736.xes,0.6,na,['sudden'],1,1,1,0,gradual_start,[],[],2641,0.1,264,0,0,0
15,log_876_1708942736.xes,0.6,na,['sudden'],1,1,1,0,gradual_end,[],[],2641,0.1,264,0,0,0
16,log_381_1708942732.xes,0.3,na,[],0,0,0,0,no_drift,[0],[0],5850,0.1,585,1,0,1
17,log_381_1708942732.xes,0.3,na,[],0,0,0,0,sudden,[],[],5850,0.1,585,0,0,0
18,log_381_1708942732.xes,0.3,na,[],0,0,0,0,gradual_start,[],[],5850,0.1,585,0,0,0
19,log_381_1708942732.xes,0.3,na,[],0,0,0,0,gradual_end,[],[],5850,0.1,585,0,0,0
20,log_39_1708942732.xes,0.6,na,[],0,0,0,0,no_drift,[0],[0],3426,0.1,342,1,0,1
21,log_39_1708942732.xes,0.6,na,[],0,0,0,0,sudden,[],[],3426,0.1,342,0,0,0
22,log_39_1708942732.xes,0.6,na,[],0,0,0,0,gradual_start,[],[],3426,0.1,342,0,0,0
23,log_39_1708942732.xes,0.6,na,[],0,0,0,0,gradual_end,[],[],3426,0.1,342,0,0,0
24,log_154_1708942735.xes,0.6,na,[],0,0,0,0,no_drift,[0],[0],2328,0.1,232,1,0,1
25,log_154_1708942735.xes,0.6,na,[],0,0,0,0,sudden,[],[],2328,0.1,232,0,0,0
26,log_154_1708942735.xes,0.6,na,[],0,0,0,0,gradual_start,[],[],2328,0.1,232,0,0,0
27,log_154_1708942735.xes,0.6,na,[],0,0,0,0,gradual_end,[],[],2328,0.1,232,0,0,0
28,log_457_1708942732.xes,0.6,na,[],0,0,0,0,no_drift,[0],[0],5601,0.1,560,1,0,1
29,log_457_1708942732.xes,0.6,na,[],0,0,0,0,sudden,[],[],5601,0.1,560,0,0,0
30,log_457_1708942732.xes,0.6,na,[],0,0,0,0,gradual_start,[],[],5601,0.1,560,0,0,0
31,log_457_1708942732.xes,0.6,na,[],0,0,0,0,gradual_end,[],[],5601,0.1,560,0,0,0
32,log_115_1708942732.xes,0.0,na,[],0,0,0,0,no_drift,[0],[0],3681,0.1,368,1,0,1
33,log_115_1708942732.xes,0.0,na,[],0,0,0,0,sudden,[],[],3681,0.1,368,0,0,0
34,log_115_1708942732.xes,0.0,na,[],0,0,0,0,gradual_start,[],[],3681,0.1,368,0,0,0
35,log_115_1708942732.xes,0.0,na,[],0,0,0,0,gradual_end,[],[],3681,0.1,368,0,0,0
36,log_610_1708942734.xes,0.0,na,[],0,0,0,0,no_drift,[0],[0],4096,0.1,409,1,0,1
37,log_610_1708942734.xes,0.0,na,[],0,0,0,0,sudden,[],[],4096,0.1,409,0,0,0
38,log_610_1708942734.xes,0.0,na,[],0,0,0,0,gradual_start,[],[],4096,0.1,409,0,0,0
39,log_610_1708942734.xes,0.0,na,[],0,0,0,0,gradual_end,[],[],4096,0.1,409,0,0,0
40,log_382_1708942734.xes,0.6,na,"['sudden', 'sudden']",2,2,2,0,no_drift,[],[],4882,0.1,488,0,0,0
41,log_382_1708942734.xes,0.6,na,"['sudden', 'sudden']",2,2,2,0,sudden,"[1542, 3084]","[3073, 1513]",4882,0.1,488,2,0,2
42,log_382_1708942734.xes,0.6,na,"['sudden', 'sudden']",2,2,2,0,gradual_start,[],[],4882,0.1,488,0,0,0
43,log_382_1708942734.xes,0.6,na,"['sudden', 'sudden']",2,2,2,0,gradual_end,[],[],4882,0.1,488,0,0,0
44,log_799_1708942732.xes,0.0,na,[],0,0,0,0,no_drift,[0],[0],2786,0.1,278,1,0,1
45,log_799_1708942732.xes,0.0,na,[],0,0,0,0,sudden,[],[],2786,0.1,278,0,0,0
46,log_799_1708942732.xes,0.0,na,[],0,0,0,0,gradual_start,[],[],2786,0.1,278,0,0,0
47,log_799_1708942732.xes,0.0,na,[],0,0,0,0,gradual_end,[],[],2786,0.1,278,0,0,0
48,log_609_1708942732.xes,0.3,na,['sudden'],1,1,1,0,no_drift,[],[0],2609,0.1,260,0,1,0
49,log_609_1708942732.xes,0.3,na,['sudden'],1,1,1,0,sudden,[1410],[],2609,0.1,260,0,0,1
50,log_609_1708942732.xes,0.3,na,['sudden'],1,1,1,0,gradual_start,[],[],2609,0.1,260,0,0,0
51,log_609_1708942732.xes,0.3,na,['sudden'],1,1,1,0,gradual_end,[],[],2609,0.1,260,0,0,0
52,log_685_1708942732.xes,0.6,na,"['sudden', 'sudden']",2,2,2,0,no_drift,[],[],4716,0.1,471,0,0,0
53,log_685_1708942732.xes,0.6,na,"['sudden', 'sudden']",2,2,2,0,sudden,"[1990, 3195]","[1933, 3175]",4716,0.1,471,2,0,2
54,log_685_1708942732.xes,0.6,na,"['sudden', 'sudden']",2,2,2,0,gradual_start,[],[],4716,0.1,471,0,0,0
55,log_685_1708942732.xes,0.6,na,"['sudden', 'sudden']",2,2,2,0,gradual_end,[],[],4716,0.1,471,0,0,0
56,log_495_1708942732.xes,0.0,na,['gradual'],1,2,0,1,no_drift,[],[],2546,0.1,254,0,0,0
57,log_495_1708942732.xes,0.0,na,['gradual'],1,2,0,1,sudden,[],[],2546,0.1,254,0,0,0
58,log_495_1708942732.xes,0.0,na,['gradual'],1,2,0,1,gradual_start,[1091],[1081],2546,0.1,254,1,0,1
59,log_495_1708942732.xes,0.0,na,['gradual'],1,2,0,1,gradual_end,[1417],[1405],2546,0.1,254,1,0,1
60,log_761_1708942732.xes,0.0,na,['sudden'],1,1,1,0,no_drift,[],[],2941,0.1,294,0,0,0
61,log_761_1708942732.xes,0.0,na,['sudden'],1,1,1,0,sudden,[1287],[1261],2941,0.1,294,1,0,1
62,log_761_1708942732.xes,0.0,na,['sudden'],1,1,1,0,gradual_start,[],[],2941,0.1,294,0,0,0
63,log_761_1708942732.xes,0.0,na,['sudden'],1,1,1,0,gradual_end,[],[],2941,0.1,294,0,0,0
64,log_2_1708942735.xes,0.0,na,['gradual'],1,2,0,1,no_drift,[],[],2808,0.1,280,0,0,0
65,log_2_1708942735.xes,0.0,na,['gradual'],1,2,0,1,sudden,[],[],2808,0.1,280,0,0,0
66,log_2_1708942735.xes,0.0,na,['gradual'],1,2,0,1,gradual_start,[1231],[1247],2808,0.1,280,1,0,1
67,log_2_1708942735.xes,0.0,na,['gradual'],1,2,0,1,gradual_end,[1624],[1583],2808,0.1,280,1,0,1
68,log_153_1708942732.xes,0.0,na,[],0,0,0,0,no_drift,[0],[0],5955,0.1,595,1,0,1
69,log_153_1708942732.xes,0.0,na,[],0,0,0,0,sudden,[],[],5955,0.1,595,0,0,0
70,log_153_1708942732.xes,0.0,na,[],0,0,0,0,gradual_start,[],[],5955,0.1,595,0,0,0
71,log_153_1708942732.xes,0.0,na,[],0,0,0,0,gradual_end,[],[],5955,0.1,595,0,0,0
72,log_229_1708942732.xes,0.6,na,[],0,0,0,0,no_drift,[0],[0],5096,0.1,509,1,0,1
73,log_229_1708942732.xes,0.6,na,[],0,0,0,0,sudden,[],[],5096,0.1,509,0,0,0
74,log_229_1708942732.xes,0.6,na,[],0,0,0,0,gradual_start,[],[],5096,0.1,509,0,0,0
75,log_229_1708942732.xes,0.6,na,[],0,0,0,0,gradual_end,[],[],5096,0.1,509,0,0,0
76,log_913_1708942732.xes,0.6,na,"['gradual', 'sudden']",2,3,1,1,no_drift,[],[],4690,0.1,469,0,0,0
77,log_913_1708942732.xes,0.6,na,"['gradual', 'sudden']",2,3,1,1,sudden,[3626],[3612],4690,0.1,469,1,0,1
78,log_913_1708942732.xes,0.6,na,"['gradual', 'sudden']",2,3,1,1,gradual_start,[1368],[],4690,0.1,469,0,0,1
79,log_913_1708942732.xes,0.6,na,"['gradual', 'sudden']",2,3,1,1,gradual_end,[1711],[],4690,0.1,469,0,0,1
80,log_837_1708942732.xes,0.0,na,['gradual'],1,2,0,1,no_drift,[],[],3216,0.1,321,0,0,0
81,log_837_1708942732.xes,0.0,na,['gradual'],1,2,0,1,sudden,[],[],3216,0.1,321,0,0,0
82,log_837_1708942732.xes,0.0,na,['gradual'],1,2,0,1,gradual_start,[1808],[1793],3216,0.1,321,1,0,1
83,log_837_1708942732.xes,0.0,na,['gradual'],1,2,0,1,gradual_end,[2152],[2129],3216,0.1,321,1,0,1
84,log_267_1708942732.xes,0.3,na,"['gradual', 'gradual', 'gradual']",3,6,0,3,no_drift,[],[],6422,0.1,642,0,0,0
85,log_267_1708942732.xes,0.3,na,"['gradual', 'gradual', 'gradual']",3,6,0,3,sudden,[],[],6422,0.1,642,0,0,0
86,log_267_1708942732.xes,0.3,na,"['gradual', 'gradual', 'gradual']",3,6,0,3,gradual_start,"[1056, 2864, 4643]","[4641, 2849]",6422,0.1,642,2,0,3
87,log_267_1708942732.xes,0.3,na,"['gradual', 'gradual', 'gradual']",3,6,0,3,gradual_end,"[1483, 3203, 5067]","[5089, 3201]",6422,0.1,642,2,0,3
88,log_420_1708942732.xes,0.3,na,"['sudden', 'gradual']",2,3,1,1,no_drift,[],[],4296,0.1,429,0,0,0
89,log_420_1708942732.xes,0.3,na,"['sudden', 'gradual']",2,3,1,1,sudden,[1246],[1219],4296,0.1,429,1,0,1
90,log_420_1708942732.xes,0.3,na,"['sudden', 'gradual']",2,3,1,1,gradual_start,[2284],[2290],4296,0.1,429,1,0,1
91,log_420_1708942732.xes,0.3,na,"['sudden', 'gradual']",2,3,1,1,gradual_end,[2774],[2752],4296,0.1,429,1,0,1
92,log_533_1708942732.xes,0.0,na,"['gradual', 'sudden', 'sudden']",3,4,2,1,no_drift,[],[],6790,0.1,679,0,0,0
93,log_533_1708942732.xes,0.0,na,"['gradual', 'sudden', 'sudden']",3,4,2,1,sudden,"[3982, 5658]",[3928],6790,0.1,679,1,0,2
94,log_533_1708942732.xes,0.0,na,"['gradual', 'sudden', 'sudden']",3,4,2,1,gradual_start,[1451],[],6790,0.1,679,0,0,1
95,log_533_1708942732.xes,0.0,na,"['gradual', 'sudden', 'sudden']",3,4,2,1,gradual_end,[2020],[],6790,0.1,679,0,0,1
96,log_305_1708942732.xes,0.0,na,"['gradual', 'sudden', 'sudden']",3,4,2,1,no_drift,[],[],6423,0.1,642,0,0,0
97,log_305_1708942732.xes,0.0,na,"['gradual', 'sudden', 'sudden']",3,4,2,1,sudden,"[3592, 4915]","[4865, 3553]",6423,0.1,642,2,0,2
98,log_305_1708942732.xes,0.0,na,"['gradual', 'sudden', 'sudden']",3,4,2,1,gradual_start,[1393],[],6423,0.1,642,0,0,1
99,log_305_1708942732.xes,0.0,na,"['gradual', 'sudden', 'sudden']",3,4,2,1,gradual_end,[1835],[],6423,0.1,642,0,0,1
100,log_875_1708942732.xes,0.0,na,[],0,0,0,0,no_drift,[0],[0],6944,0.1,694,1,0,1
101,log_875_1708942732.xes,0.0,na,[],0,0,0,0,sudden,[],[],6944,0.1,694,0,0,0
102,log_875_1708942732.xes,0.0,na,[],0,0,0,0,gradual_start,[],[],6944,0.1,694,0,0,0
103,log_875_1708942732.xes,0.0,na,[],0,0,0,0,gradual_end,[],[],6944,0.1,694,0,0,0
104,log_343_1708942732.xes,0.0,na,"['gradual', 'gradual']",2,4,0,2,no_drift,[],[0],6232,0.1,623,0,1,0
105,log_343_1708942732.xes,0.0,na,"['gradual', 'gradual']",2,4,0,2,sudden,[],[],6232,0.1,623,0,0,0
106,log_343_1708942732.xes,0.0,na,"['gradual', 'gradual']",2,4,0,2,gradual_start,"[1868, 4233]",[],6232,0.1,623,0,0,2
107,log_343_1708942732.xes,0.0,na,"['gradual', 'gradual']",2,4,0,2,gradual_end,"[2419, 4688]",[],6232,0.1,623,0,0,2
108,log_914_1708942736.xes,0.6,na,[],0,0,0,0,no_drift,[0],[0],1096,0.1,109,1,0,1
109,log_914_1708942736.xes,0.6,na,[],0,0,0,0,sudden,[],[],1096,0.1,109,0,0,0
110,log_914_1708942736.xes,0.6,na,[],0,0,0,0,gradual_start,[],[],1096,0.1,109,0,0,0
111,log_914_1708942736.xes,0.6,na,[],0,0,0,0,gradual_end,[],[],1096,0.1,109,0,0,0
112,log_421_1708942737.xes,0.6,na,[],0,0,0,0,no_drift,[0],[0],1396,0.1,139,1,0,1
113,log_421_1708942737.xes,0.6,na,[],0,0,0,0,sudden,[],[],1396,0.1,139,0,0,0
114,log_421_1708942737.xes,0.6,na,[],0,0,0,0,gradual_start,[],[],1396,0.1,139,0,0,0
115,log_421_1708942737.xes,0.6,na,[],0,0,0,0,gradual_end,[],[],1396,0.1,139,0,0,0
116,log_686_1708942734.xes,0.0,na,"['gradual', 'sudden']",2,3,1,1,no_drift,[],[],5589,0.1,558,0,0,0
117,log_686_1708942734.xes,0.0,na,"['gradual', 'sudden']",2,3,1,1,sudden,[3654],[3619],5589,0.1,558,1,0,1
118,log_686_1708942734.xes,0.0,na,"['gradual', 'sudden']",2,3,1,1,gradual_start,[1973],[1972],5589,0.1,558,1,0,1
119,log_686_1708942734.xes,0.0,na,"['gradual', 'sudden']",2,3,1,1,gradual_end,[2291],[2269],5589,0.1,558,1,0,1
120,log_838_1708942735.xes,0.3,na,['gradual'],1,2,0,1,no_drift,[],[],3399,0.1,339,0,0,0
121,log_838_1708942735.xes,0.3,na,['gradual'],1,2,0,1,sudden,[],[],3399,0.1,339,0,0,0
122,log_838_1708942735.xes,0.3,na,['gradual'],1,2,0,1,gradual_start,[1819],[1873],3399,0.1,339,1,0,1
123,log_838_1708942735.xes,0.3,na,['gradual'],1,2,0,1,gradual_end,[2335],[2289],3399,0.1,339,1,0,1
124,log_458_1708942736.xes,0.0,na,"['sudden', 'sudden']",2,2,2,0,no_drift,[],[],4140,0.1,414,0,0,0
125,log_458_1708942736.xes,0.0,na,"['sudden', 'sudden']",2,2,2,0,sudden,"[1355, 2624]","[2581, 1341]",4140,0.1,414,2,0,2
126,log_458_1708942736.xes,0.0,na,"['sudden', 'sudden']",2,2,2,0,gradual_start,[],[],4140,0.1,414,0,0,0
127,log_458_1708942736.xes,0.0,na,"['sudden', 'sudden']",2,2,2,0,gradual_end,[],[],4140,0.1,414,0,0,0
128,log_192_1708942740.xes,0.0,na,[],0,0,0,0,no_drift,[0],[0],1163,0.1,116,1,0,1
129,log_192_1708942740.xes,0.0,na,[],0,0,0,0,sudden,[],[],1163,0.1,116,0,0,0
130,log_192_1708942740.xes,0.0,na,[],0,0,0,0,gradual_start,[],[],1163,0.1,116,0,0,0
131,log_192_1708942740.xes,0.0,na,[],0,0,0,0,gradual_end,[],[],1163,0.1,116,0,0,0
132,log_344_1708942738.xes,0.0,na,[],0,0,0,0,no_drift,[0],[0],1236,0.1,123,1,0,1
133,log_344_1708942738.xes,0.0,na,[],0,0,0,0,sudden,[],[],1236,0.1,123,0,0,0
134,log_344_1708942738.xes,0.0,na,[],0,0,0,0,gradual_start,[],[],1236,0.1,123,0,0,0
135,log_344_1708942738.xes,0.0,na,[],0,0,0,0,gradual_end,[],[],1236,0.1,123,0,0,0
136,log_534_1708942736.xes,0.3,na,['gradual'],1,2,0,1,no_drift,[],[],3328,0.1,332,0,0,0
137,log_534_1708942736.xes,0.3,na,['gradual'],1,2,0,1,sudden,[],[],3328,0.1,332,0,0,0
138,log_534_1708942736.xes,0.3,na,['gradual'],1,2,0,1,gradual_start,[1500],[1489],3328,0.1,332,1,0,1
139,log_534_1708942736.xes,0.3,na,['gradual'],1,2,0,1,gradual_end,[1828],[1793],3328,0.1,332,1,0,1
140,log_611_1708942735.xes,0.0,na,"['sudden', 'sudden']",2,2,2,0,no_drift,[],[],3771,0.1,377,0,0,0
141,log_611_1708942735.xes,0.0,na,"['sudden', 'sudden']",2,2,2,0,sudden,"[1042, 2683]",[2665],3771,0.1,377,1,0,2
142,log_611_1708942735.xes,0.0,na,"['sudden', 'sudden']",2,2,2,0,gradual_start,[],[],3771,0.1,377,0,0,0
143,log_611_1708942735.xes,0.0,na,"['sudden', 'sudden']",2,2,2,0,gradual_end,[],[],3771,0.1,377,0,0,0
144,log_268_1708942737.xes,0.3,na,"['gradual', 'gradual']",2,4,0,2,no_drift,[],[],5148,0.1,514,0,0,0
145,log_268_1708942737.xes,0.3,na,"['gradual', 'gradual']",2,4,0,2,sudden,[],[],5148,0.1,514,0,0,0
146,log_268_1708942737.xes,0.3,na,"['gradual', 'gradual']",2,4,0,2,gradual_start,"[1116, 3150]","[1126, 3151]",5148,0.1,514,2,0,2
147,log_268_1708942737.xes,0.3,na,"['gradual', 'gradual']",2,4,0,2,gradual_end,"[1687, 3523]","[1701, 3526]",5148,0.1,514,2,0,2
148,log_496_1708942734.xes,0.0,na,[],0,0,0,0,no_drift,[0],[0],4191,0.1,419,1,0,1
149,log_496_1708942734.xes,0.0,na,[],0,0,0,0,sudden,[],[],4191,0.1,419,0,0,0
150,log_496_1708942734.xes,0.0,na,[],0,0,0,0,gradual_start,[],[],4191,0.1,419,0,0,0
151,log_496_1708942734.xes,0.0,na,[],0,0,0,0,gradual_end,[],[],4191,0.1,419,0,0,0
152,log_117_1708942736.xes,0.6,na,"['sudden', 'gradual', 'sudden']",3,4,2,1,no_drift,[],[],5594,0.1,559,0,0,0
153,log_117_1708942736.xes,0.6,na,"['sudden', 'gradual', 'sudden']",3,4,2,1,sudden,"[1353, 4384]",[4348],5594,0.1,559,1,0,2
154,log_117_1708942736.xes,0.6,na,"['sudden', 'gradual', 'sudden']",3,4,2,1,gradual_start,[2646],[],5594,0.1,559,0,0,1
155,log_117_1708942736.xes,0.6,na,"['sudden', 'gradual', 'sudden']",3,4,2,1,gradual_end,[3051],[],5594,0.1,559,0,0,1
156,log_383_1708942736.xes,0.0,na,[],0,0,0,0,no_drift,[0],[0],5808,0.1,580,1,0,1
157,log_383_1708942736.xes,0.0,na,[],0,0,0,0,sudden,[],[],5808,0.1,580,0,0,0
158,log_383_1708942736.xes,0.0,na,[],0,0,0,0,gradual_start,[],[],5808,0.1,580,0,0,0
159,log_383_1708942736.xes,0.0,na,[],0,0,0,0,gradual_end,[],[],5808,0.1,580,0,0,0
160,log_877_1708942737.xes,0.0,na,"['sudden', 'gradual']",2,3,1,1,no_drift,[],[],4463,0.1,446,0,0,0
161,log_877_1708942737.xes,0.0,na,"['sudden', 'gradual']",2,3,1,1,sudden,[1419],[1387],4463,0.1,446,1,0,1
162,log_877_1708942737.xes,0.0,na,"['sudden', 'gradual']",2,3,1,1,gradual_start,[2825],[2817],4463,0.1,446,1,0,1
163,log_877_1708942737.xes,0.0,na,"['sudden', 'gradual']",2,3,1,1,gradual_end,[3281],[3301],4463,0.1,446,1,0,1
164,log_723_1708942732.xes,0.0,na,"['gradual', 'gradual', 'gradual']",3,6,0,3,no_drift,[],[],6671,0.1,667,0,0,0
165,log_723_1708942732.xes,0.0,na,"['gradual', 'gradual', 'gradual']",3,6,0,3,sudden,[],[],6671,0.1,667,0,0,0
166,log_723_1708942732.xes,0.0,na,"['gradual', 'gradual', 'gradual']",3,6,0,3,gradual_start,"[1125, 2922, 4947]",[1123],6671,0.1,667,1,0,3
167,log_723_1708942732.xes,0.0,na,"['gradual', 'gradual', 'gradual']",3,6,0,3,gradual_end,"[1501, 3236, 5417]",[1453],6671,0.1,667,1,0,3
168,log_687_1708942738.xes,0.0,na,"['gradual', 'gradual']",2,4,0,2,no_drift,[],[],5298,0.1,529,0,0,0
169,log_687_1708942738.xes,0.0,na,"['gradual', 'gradual']",2,4,0,2,sudden,[],[],5298,0.1,529,0,0,0
170,log_687_1708942738.xes,0.0,na,"['gradual', 'gradual']",2,4,0,2,gradual_start,"[1382, 3438]",[1327],5298,0.1,529,1,0,2
171,log_687_1708942738.xes,0.0,na,"['gradual', 'gradual']",2,4,0,2,gradual_end,"[1889, 3743]",[1899],5298,0.1,529,1,0,2
172,log_724_1708942740.xes,0.6,na,['gradual'],1,2,0,1,no_drift,[],[],3205,0.1,320,0,0,0
173,log_724_1708942740.xes,0.6,na,['gradual'],1,2,0,1,sudden,[],[],3205,0.1,320,0,0,0
174,log_724_1708942740.xes,0.6,na,['gradual'],1,2,0,1,gradual_start,[1395],[1329],3205,0.1,320,1,0,1
175,log_724_1708942740.xes,0.6,na,['gradual'],1,2,0,1,gradual_end,[1934],[1937],3205,0.1,320,1,0,1
176,log_40_1708942733.xes,0.3,na,['gradual'],1,2,0,1,no_drift,[],[],2907,0.1,290,0,0,0
177,log_40_1708942733.xes,0.3,na,['gradual'],1,2,0,1,sudden,[],[],2907,0.1,290,0,0,0
178,log_40_1708942733.xes,0.3,na,['gradual'],1,2,0,1,gradual_start,[1277],[1275],2907,0.1,290,1,0,1
179,log_40_1708942733.xes,0.3,na,['gradual'],1,2,0,1,gradual_end,[1708],[1695],2907,0.1,290,1,0,1
180,log_191_1708942732.xes,0.6,na,"['gradual', 'gradual', 'gradual']",3,6,0,3,no_drift,[],[],7440,0.1,744,0,0,0
181,log_191_1708942732.xes,0.6,na,"['gradual', 'gradual', 'gradual']",3,6,0,3,sudden,[],[],7440,0.1,744,0,0,0
182,log_191_1708942732.xes,0.6,na,"['gradual', 'gradual', 'gradual']",3,6,0,3,gradual_start,"[1171, 3142, 5664]","[3109, 5662]",7440,0.1,744,2,0,3
183,log_191_1708942732.xes,0.6,na,"['gradual', 'gradual', 'gradual']",3,6,0,3,gradual_end,"[1709, 3738, 6205]","[3701, 6143]",7440,0.1,744,2,0,3
184,log_459_1708942738.xes,0.3,na,"['gradual', 'sudden']",2,3,1,1,no_drift,[],[],4110,0.1,411,0,0,0
185,log_459_1708942738.xes,0.3,na,"['gradual', 'sudden']",2,3,1,1,sudden,[2986],[2961],4110,0.1,411,1,0,1
186,log_459_1708942738.xes,0.3,na,"['gradual', 'sudden']",2,3,1,1,gradual_start,[1222],[1201],4110,0.1,411,1,0,1
187,log_459_1708942738.xes,0.3,na,"['gradual', 'sudden']",2,3,1,1,gradual_end,[1529],[1521],4110,0.1,411,1,0,1
188,log_269_1708942739.xes,0.6,na,[],0,0,0,0,no_drift,[0],[0],3518,0.1,351,1,0,1
189,log_269_1708942739.xes,0.6,na,[],0,0,0,0,sudden,[],[],3518,0.1,351,0,0,0
190,log_269_1708942739.xes,0.6,na,[],0,0,0,0,gradual_start,[],[],3518,0.1,351,0,0,0
191,log_269_1708942739.xes,0.6,na,[],0,0,0,0,gradual_end,[],[],3518,0.1,351,0,0,0
192,log_762_1708942734.xes,0.0,na,"['gradual', 'gradual']",2,4,0,2,no_drift,[],[],5437,0.1,543,0,0,0
193,log_762_1708942734.xes,0.0,na,"['gradual', 'gradual']",2,4,0,2,sudden,[],[],5437,0.1,543,0,0,0
194,log_762_1708942734.xes,0.0,na,"['gradual', 'gradual']",2,4,0,2,gradual_start,"[1304, 3028]","[1324, 3025]",5437,0.1,543,2,0,2
195,log_762_1708942734.xes,0.0,na,"['gradual', 'gradual']",2,4,0,2,gradual_end,"[1842, 3583]","[1837, 3592]",5437,0.1,543,2,0,2
196,log_571_1708942732.xes,0.3,na,"['gradual', 'gradual']",2,4,0,2,no_drift,[],[],5285,0.1,528,0,0,0
197,log_571_1708942732.xes,0.3,na,"['gradual', 'gradual']",2,4,0,2,sudden,[],[],5285,0.1,528,0,0,0
198,log_571_1708942732.xes,0.3,na,"['gradual', 'gradual']",2,4,0,2,gradual_start,"[1418, 3624]",[1431],5285,0.1,528,1,0,2
199,log_571_1708942732.xes,0.3,na,"['gradual', 'gradual']",2,4,0,2,gradual_end,"[1974, 4044]",[1925],5285,0.1,528,1,0,2
200,log_155_1708942737.xes,0.0,na,"['gradual', 'gradual', 'sudden']",3,5,1,2,no_drift,[],[],7600,0.1,760,0,0,0
201,log_155_1708942737.xes,0.0,na,"['gradual', 'gradual', 'sudden']",3,5,1,2,sudden,[5860],[5853],7600,0.1,760,1,0,1
202,log_155_1708942737.xes,0.0,na,"['gradual', 'gradual', 'sudden']",3,5,1,2,gradual_start,"[2001, 3872]",[1939],7600,0.1,760,1,0,2
203,log_155_1708942737.xes,0.0,na,"['gradual', 'gradual', 'sudden']",3,5,1,2,gradual_end,"[2353, 4236]",[2319],7600,0.1,760,1,0,2
204,log_800_1708942733.xes,0.3,na,"['gradual', 'sudden', 'sudden']",3,4,2,1,no_drift,[],[],6587,0.1,658,0,0,0
205,log_800_1708942733.xes,0.3,na,"['gradual', 'sudden', 'sudden']",3,4,2,1,sudden,"[3204, 5101]",[5057],6587,0.1,658,1,0,2
206,log_800_1708942733.xes,0.3,na,"['gradual', 'sudden', 'sudden']",3,4,2,1,gradual_start,[1692],[1665],6587,0.1,658,1,0,1
207,log_800_1708942733.xes,0.3,na,"['gradual', 'sudden', 'sudden']",3,4,2,1,gradual_end,[2034],[1985],6587,0.1,658,1,0,1
208,log_3_1708942738.xes,0.6,na,[],0,0,0,0,no_drift,[0],[0],7940,0.1,794,1,0,1
209,log_3_1708942738.xes,0.6,na,[],0,0,0,0,sudden,[],[],7940,0.1,794,0,0,0
210,log_3_1708942738.xes,0.6,na,[],0,0,0,0,gradual_start,[],[],7940,0.1,794,0,0,0
211,log_3_1708942738.xes,0.6,na,[],0,0,0,0,gradual_end,[],[],7940,0.1,794,0,0,0
212,log_915_1708942737.xes,0.3,na,"['gradual', 'gradual']",2,4,0,2,no_drift,[],[],6081,0.1,608,0,0,0
213,log_915_1708942737.xes,0.3,na,"['gradual', 'gradual']",2,4,0,2,sudden,[],[],6081,0.1,608,0,0,0
214,log_915_1708942737.xes,0.3,na,"['gradual', 'gradual']",2,4,0,2,gradual_start,"[1517, 3749]",[1501],6081,0.1,608,1,0,2
215,log_915_1708942737.xes,0.3,na,"['gradual', 'gradual']",2,4,0,2,gradual_end,"[2003, 4152]",[2041],6081,0.1,608,1,0,2
216,log_345_1708942739.xes,0.0,na,[],0,0,0,0,no_drift,[0],[0],5764,0.1,576,1,0,1
217,log_345_1708942739.xes,0.0,na,[],0,0,0,0,sudden,[],[],5764,0.1,576,0,0,0
218,log_345_1708942739.xes,0.0,na,[],0,0,0,0,gradual_start,[],[],5764,0.1,576,0,0,0
219,log_345_1708942739.xes,0.0,na,[],0,0,0,0,gradual_end,[],[],5764,0.1,576,0,0,0
220,log_230_1708942735.xes,0.0,na,"['gradual', 'sudden', 'sudden']",3,4,2,1,no_drift,[],[],6360,0.1,636,0,0,0
221,log_230_1708942735.xes,0.0,na,"['gradual', 'sudden', 'sudden']",3,4,2,1,sudden,"[3273, 4919]",[4899],6360,0.1,636,1,0,2
222,log_230_1708942735.xes,0.0,na,"['gradual', 'sudden', 'sudden']",3,4,2,1,gradual_start,[1480],[1458],6360,0.1,636,1,0,1
223,log_230_1708942735.xes,0.0,na,"['gradual', 'sudden', 'sudden']",3,4,2,1,gradual_end,[1928],[1923],6360,0.1,636,1,0,1
224,log_535_1708942739.xes,0.3,na,"['gradual', 'gradual', 'sudden']",3,5,1,2,no_drift,[],[0],6799,0.1,679,0,1,0
225,log_535_1708942739.xes,0.3,na,"['gradual', 'gradual', 'sudden']",3,5,1,2,sudden,[5760],[],6799,0.1,679,0,0,1
226,log_535_1708942739.xes,0.3,na,"['gradual', 'gradual', 'sudden']",3,5,1,2,gradual_start,"[1477, 3629]",[],6799,0.1,679,0,0,2
227,log_535_1708942739.xes,0.3,na,"['gradual', 'gradual', 'sudden']",3,5,1,2,gradual_end,"[1944, 4142]",[],6799,0.1,679,0,0,2
228,log_647_1708942732.xes,0.3,na,"['gradual', 'sudden', 'sudden']",3,4,2,1,no_drift,[],[],6786,0.1,678,0,0,0
229,log_647_1708942732.xes,0.3,na,"['gradual', 'sudden', 'sudden']",3,4,2,1,sudden,"[3436, 5081]","[5050, 3433]",6786,0.1,678,2,0,2
230,log_647_1708942732.xes,0.3,na,"['gradual', 'sudden', 'sudden']",3,4,2,1,gradual_start,[1639],[],6786,0.1,678,0,0,1
231,log_647_1708942732.xes,0.3,na,"['gradual', 'sudden', 'sudden']",3,4,2,1,gradual_end,[2163],[],6786,0.1,678,0,0,1
232,log_801_1708942742.xes,0.0,na,['sudden'],1,1,1,0,no_drift,[],[],2381,0.1,238,0,0,0
233,log_801_1708942742.xes,0.0,na,['sudden'],1,1,1,0,sudden,[1123],[1112],2381,0.1,238,1,0,1
234,log_801_1708942742.xes,0.0,na,['sudden'],1,1,1,0,gradual_start,[],[],2381,0.1,238,0,0,0
235,log_801_1708942742.xes,0.0,na,['sudden'],1,1,1,0,gradual_end,[],[],2381,0.1,238,0,0,0
236,log_231_1708942742.xes,0.0,na,['sudden'],1,1,1,0,no_drift,[],[],3184,0.1,318,0,0,0
237,log_231_1708942742.xes,0.0,na,['sudden'],1,1,1,0,sudden,[1863],[1846],3184,0.1,318,1,0,1
238,log_231_1708942742.xes,0.0,na,['sudden'],1,1,1,0,gradual_start,[],[],3184,0.1,318,0,0,0
239,log_231_1708942742.xes,0.0,na,['sudden'],1,1,1,0,gradual_end,[],[],3184,0.1,318,0,0,0
240,log_422_1708942739.xes,0.0,na,"['sudden', 'gradual', 'gradual']",3,5,1,2,no_drift,[],[],7011,0.1,701,0,0,0
241,log_422_1708942739.xes,0.0,na,"['sudden', 'gradual', 'gradual']",3,5,1,2,sudden,[1777],[1751],7011,0.1,701,1,0,1
242,log_422_1708942739.xes,0.0,na,"['sudden', 'gradual', 'gradual']",3,5,1,2,gradual_start,"[3328, 5251]",[3326],7011,0.1,701,1,0,2
243,log_422_1708942739.xes,0.0,na,"['sudden', 'gradual', 'gradual']",3,5,1,2,gradual_end,"[3884, 5849]",[3816],7011,0.1,701,1,0,2
244,log_612_1708942739.xes,0.0,na,"['sudden', 'gradual']",2,3,1,1,no_drift,[],[],4485,0.1,448,0,0,0
245,log_612_1708942739.xes,0.0,na,"['sudden', 'gradual']",2,3,1,1,sudden,[1110],[1079],4485,0.1,448,1,0,1
246,log_612_1708942739.xes,0.0,na,"['sudden', 'gradual']",2,3,1,1,gradual_start,[2491],[],4485,0.1,448,0,0,1
247,log_612_1708942739.xes,0.0,na,"['sudden', 'gradual']",2,3,1,1,gradual_end,[2871],[],4485,0.1,448,0,0,1
248,log_725_1708942742.xes,0.3,na,['sudden'],1,1,1,0,no_drift,[],[],3804,0.1,380,0,0,0
249,log_725_1708942742.xes,0.3,na,['sudden'],1,1,1,0,sudden,[1877],[1863],3804,0.1,380,1,0,1
250,log_725_1708942742.xes,0.3,na,['sudden'],1,1,1,0,gradual_start,[],[],3804,0.1,380,0,0,0
251,log_725_1708942742.xes,0.3,na,['sudden'],1,1,1,0,gradual_end,[],[],3804,0.1,380,0,0,0
252,log_648_1708942743.xes,0.3,na,[],0,0,0,0,no_drift,[0],[0],3426,0.1,342,1,0,1
253,log_648_1708942743.xes,0.3,na,[],0,0,0,0,sudden,[],[],3426,0.1,342,0,0,0
254,log_648_1708942743.xes,0.3,na,[],0,0,0,0,gradual_start,[],[],3426,0.1,342,0,0,0
255,log_648_1708942743.xes,0.3,na,[],0,0,0,0,gradual_end,[],[],3426,0.1,342,0,0,0
256,log_306_1708942737.xes,0.3,na,[],0,0,0,0,no_drift,[0],[0],3620,0.1,362,1,0,1
257,log_306_1708942737.xes,0.3,na,[],0,0,0,0,sudden,[],[],3620,0.1,362,0,0,0
258,log_306_1708942737.xes,0.3,na,[],0,0,0,0,gradual_start,[],[],3620,0.1,362,0,0,0
259,log_306_1708942737.xes,0.3,na,[],0,0,0,0,gradual_end,[],[],3620,0.1,362,0,0,0
260,log_879_1708942745.xes,0.0,na,[],0,0,0,0,no_drift,[0],[0],1396,0.1,139,1,0,1
261,log_879_1708942745.xes,0.0,na,[],0,0,0,0,sudden,[],[],1396,0.1,139,0,0,0
262,log_879_1708942745.xes,0.0,na,[],0,0,0,0,gradual_start,[],[],1396,0.1,139,0,0,0
263,log_879_1708942745.xes,0.0,na,[],0,0,0,0,gradual_end,[],[],1396,0.1,139,0,0,0
264,log_878_1708942741.xes,0.0,na,[],0,0,0,0,no_drift,[0],[0],5307,0.1,530,1,0,1
265,log_878_1708942741.xes,0.0,na,[],0,0,0,0,sudden,[],[],5307,0.1,530,0,0,0
266,log_878_1708942741.xes,0.0,na,[],0,0,0,0,gradual_start,[],[],5307,0.1,530,0,0,0
267,log_878_1708942741.xes,0.0,na,[],0,0,0,0,gradual_end,[],[],5307,0.1,530,0,0,0
268,log_763_1708942741.xes,0.6,na,[],0,0,0,0,no_drift,[0],[0],1848,0.1,184,1,0,1
269,log_763_1708942741.xes,0.6,na,[],0,0,0,0,sudden,[],[],1848,0.1,184,0,0,0
270,log_763_1708942741.xes,0.6,na,[],0,0,0,0,gradual_start,[],[],1848,0.1,184,0,0,0
271,log_763_1708942741.xes,0.6,na,[],0,0,0,0,gradual_end,[],[],1848,0.1,184,0,0,0
272,log_497_1708942741.xes,0.3,na,"['gradual', 'sudden']",2,3,1,1,no_drift,[],[],5307,0.1,530,0,0,0
273,log_497_1708942741.xes,0.3,na,"['gradual', 'sudden']",2,3,1,1,sudden,[3889],[3849],5307,0.1,530,1,0,1
274,log_497_1708942741.xes,0.3,na,"['gradual', 'sudden']",2,3,1,1,gradual_start,[1956],[1977],5307,0.1,530,1,0,1
275,log_497_1708942741.xes,0.3,na,"['gradual', 'sudden']",2,3,1,1,gradual_end,[2477],[2445],5307,0.1,530,1,0,1
276,log_270_1708942743.xes,0.6,na,"['gradual', 'gradual']",2,4,0,2,no_drift,[],[],5468,0.1,546,0,0,0
277,log_270_1708942743.xes,0.6,na,"['gradual', 'gradual']",2,4,0,2,sudden,[],[],5468,0.1,546,0,0,0
278,log_270_1708942743.xes,0.6,na,"['gradual', 'gradual']",2,4,0,2,gradual_start,"[1189, 3428]",[1216],5468,0.1,546,1,0,2
279,log_270_1708942743.xes,0.6,na,"['gradual', 'gradual']",2,4,0,2,gradual_end,"[1675, 3826]",[1702],5468,0.1,546,1,0,2
280,log_193_1708942740.xes,0.6,na,"['gradual', 'gradual']",2,4,0,2,no_drift,[],[0],6044,0.1,604,0,1,0
281,log_193_1708942740.xes,0.6,na,"['gradual', 'gradual']",2,4,0,2,sudden,[],[],6044,0.1,604,0,0,0
282,log_193_1708942740.xes,0.6,na,"['gradual', 'gradual']",2,4,0,2,gradual_start,"[1907, 4098]",[],6044,0.1,604,0,0,2
283,log_193_1708942740.xes,0.6,na,"['gradual', 'gradual']",2,4,0,2,gradual_end,"[2468, 4607]",[],6044,0.1,604,0,0,2
284,log_572_1708942741.xes,0.6,na,[],0,0,0,0,no_drift,[0],[0],5274,0.1,527,1,0,1
285,log_572_1708942741.xes,0.6,na,[],0,0,0,0,sudden,[],[],5274,0.1,527,0,0,0
286,log_572_1708942741.xes,0.6,na,[],0,0,0,0,gradual_start,[],[],5274,0.1,527,0,0,0
287,log_572_1708942741.xes,0.6,na,[],0,0,0,0,gradual_end,[],[],5274,0.1,527,0,0,0
288,log_346_1708942743.xes,0.0,na,['gradual'],1,2,0,1,no_drift,[],[],3905,0.1,390,0,0,0
289,log_346_1708942743.xes,0.0,na,['gradual'],1,2,0,1,sudden,[],[],3905,0.1,390,0,0,0
290,log_346_1708942743.xes,0.0,na,['gradual'],1,2,0,1,gradual_start,[1750],[1749],3905,0.1,390,1,0,1
291,log_346_1708942743.xes,0.0,na,['gradual'],1,2,0,1,gradual_end,[2236],[2205],3905,0.1,390,1,0,1
292,log_726_1708942745.xes,0.3,na,['gradual'],1,2,0,1,no_drift,[],[],3180,0.1,318,0,0,0
293,log_726_1708942745.xes,0.3,na,['gradual'],1,2,0,1,sudden,[],[],3180,0.1,318,0,0,0
294,log_726_1708942745.xes,0.3,na,['gradual'],1,2,0,1,gradual_start,[1443],[1441],3180,0.1,318,1,0,1
295,log_726_1708942745.xes,0.3,na,['gradual'],1,2,0,1,gradual_end,[1890],[1876],3180,0.1,318,1,0,1
296,log_613_1708942744.xes,0.3,na,['gradual'],1,2,0,1,no_drift,[],[],3100,0.1,310,0,0,0
297,log_613_1708942744.xes,0.3,na,['gradual'],1,2,0,1,sudden,[],[],3100,0.1,310,0,0,0
298,log_613_1708942744.xes,0.3,na,['gradual'],1,2,0,1,gradual_start,[1734],[1726],3100,0.1,310,1,0,1
299,log_613_1708942744.xes,0.3,na,['gradual'],1,2,0,1,gradual_end,[2087],[2131],3100,0.1,310,1,0,1
300,log_41_1708942740.xes,0.0,na,"['sudden', 'sudden', 'gradual']",3,4,2,1,no_drift,[],[],7634,0.1,763,0,0,0
301,log_41_1708942740.xes,0.0,na,"['sudden', 'sudden', 'gradual']",3,4,2,1,sudden,"[1569, 3218]",[3193],7634,0.1,763,1,0,2
302,log_41_1708942740.xes,0.0,na,"['sudden', 'sudden', 'gradual']",3,4,2,1,gradual_start,[5086],[],7634,0.1,763,0,0,1
303,log_41_1708942740.xes,0.0,na,"['sudden', 'sudden', 'gradual']",3,4,2,1,gradual_end,[5649],[],7634,0.1,763,0,0,1
304,log_460_1708942741.xes,0.0,na,"['sudden', 'sudden', 'sudden']",3,3,3,0,no_drift,[],[],6361,0.1,636,0,0,0
305,log_460_1708942741.xes,0.0,na,"['sudden', 'sudden', 'sudden']",3,3,3,0,sudden,"[1713, 3608, 5107]","[3566, 5085]",6361,0.1,636,2,0,3
306,log_460_1708942741.xes,0.0,na,"['sudden', 'sudden', 'sudden']",3,3,3,0,gradual_start,[],[],6361,0.1,636,0,0,0
307,log_460_1708942741.xes,0.0,na,"['sudden', 'sudden', 'sudden']",3,3,3,0,gradual_end,[],[],6361,0.1,636,0,0,0
308,log_156_1708942744.xes,0.0,na,"['gradual', 'sudden']",2,3,1,1,no_drift,[],[],5598,0.1,559,0,0,0
309,log_156_1708942744.xes,0.0,na,"['gradual', 'sudden']",2,3,1,1,sudden,[3772],[3727],5598,0.1,559,1,0,1
310,log_156_1708942744.xes,0.0,na,"['gradual', 'sudden']",2,3,1,1,gradual_start,[1978],[],5598,0.1,559,0,0,1
311,log_156_1708942744.xes,0.0,na,"['gradual', 'sudden']",2,3,1,1,gradual_end,[2415],[],5598,0.1,559,0,0,1
312,log_118_1708942740.xes,0.0,na,['gradual'],1,2,0,1,no_drift,[],[],3026,0.1,302,0,0,0
313,log_118_1708942740.xes,0.0,na,['gradual'],1,2,0,1,sudden,[],[],3026,0.1,302,0,0,0
314,log_118_1708942740.xes,0.0,na,['gradual'],1,2,0,1,gradual_start,[1057],[1036],3026,0.1,302,1,0,1
315,log_118_1708942740.xes,0.0,na,['gradual'],1,2,0,1,gradual_end,[1538],[1531],3026,0.1,302,1,0,1
316,log_880_1708942746.xes,0.6,na,['sudden'],1,1,1,0,no_drift,[],[],3144,0.1,314,0,0,0
317,log_880_1708942746.xes,0.6,na,['sudden'],1,1,1,0,sudden,[1175],[1156],3144,0.1,314,1,0,1
318,log_880_1708942746.xes,0.6,na,['sudden'],1,1,1,0,gradual_start,[],[],3144,0.1,314,0,0,0
319,log_880_1708942746.xes,0.6,na,['sudden'],1,1,1,0,gradual_end,[],[],3144,0.1,314,0,0,0
320,log_839_1708942738.xes,0.0,na,[],0,0,0,0,no_drift,[0],[0],7320,0.1,732,1,0,1
321,log_839_1708942738.xes,0.0,na,[],0,0,0,0,sudden,[],[],7320,0.1,732,0,0,0
322,log_839_1708942738.xes,0.0,na,[],0,0,0,0,gradual_start,[],[],7320,0.1,732,0,0,0
323,log_839_1708942738.xes,0.0,na,[],0,0,0,0,gradual_end,[],[],7320,0.1,732,0,0,0
324,log_271_1708942747.xes,0.3,na,[],0,0,0,0,no_drift,[0],[0],3081,0.1,308,1,0,1
325,log_271_1708942747.xes,0.3,na,[],0,0,0,0,sudden,[],[],3081,0.1,308,0,0,0
326,log_271_1708942747.xes,0.3,na,[],0,0,0,0,gradual_start,[],[],3081,0.1,308,0,0,0
327,log_271_1708942747.xes,0.3,na,[],0,0,0,0,gradual_end,[],[],3081,0.1,308,0,0,0
328,log_307_1708942745.xes,0.0,na,"['gradual', 'sudden']",2,3,1,1,no_drift,[],[],5336,0.1,533,0,0,0
329,log_307_1708942745.xes,0.0,na,"['gradual', 'sudden']",2,3,1,1,sudden,[3873],[3823],5336,0.1,533,1,0,1
330,log_307_1708942745.xes,0.0,na,"['gradual', 'sudden']",2,3,1,1,gradual_start,[1692],[],5336,0.1,533,0,0,1
331,log_307_1708942745.xes,0.0,na,"['gradual', 'sudden']",2,3,1,1,gradual_end,[2073],[],5336,0.1,533,0,0,1
332,log_384_1708942740.xes,0.0,na,"['gradual', 'gradual']",2,4,0,2,no_drift,[],[],5264,0.1,526,0,0,0
333,log_384_1708942740.xes,0.0,na,"['gradual', 'gradual']",2,4,0,2,sudden,[],[],5264,0.1,526,0,0,0
334,log_384_1708942740.xes,0.0,na,"['gradual', 'gradual']",2,4,0,2,gradual_start,"[1048, 2708]","[2705, 1015]",5264,0.1,526,2,0,2
335,log_384_1708942740.xes,0.0,na,"['gradual', 'gradual']",2,4,0,2,gradual_end,"[1491, 3282]","[3277, 1483]",5264,0.1,526,2,0,2
336,log_77_1708942732.xes,0.3,na,"['sudden', 'sudden', 'sudden']",3,3,3,0,no_drift,[],[],6021,0.1,602,0,0,0
337,log_77_1708942732.xes,0.3,na,"['sudden', 'sudden', 'sudden']",3,3,3,0,sudden,"[1343, 3289, 4422]","[1321, 4381, 3241]",6021,0.1,602,3,0,3
338,log_77_1708942732.xes,0.3,na,"['sudden', 'sudden', 'sudden']",3,3,3,0,gradual_start,[],[],6021,0.1,602,0,0,0
339,log_77_1708942732.xes,0.3,na,"['sudden', 'sudden', 'sudden']",3,3,3,0,gradual_end,[],[],6021,0.1,602,0,0,0
340,log_536_1708942744.xes,0.3,na,['sudden'],1,1,1,0,no_drift,[],[],2961,0.1,296,0,0,0
341,log_536_1708942744.xes,0.3,na,['sudden'],1,1,1,0,sudden,[1832],[1835],2961,0.1,296,1,0,1
342,log_536_1708942744.xes,0.3,na,['sudden'],1,1,1,0,gradual_start,[],[],2961,0.1,296,0,0,0
343,log_536_1708942744.xes,0.3,na,['sudden'],1,1,1,0,gradual_end,[],[],2961,0.1,296,0,0,0
344,log_308_1708942748.xes,0.0,na,['sudden'],1,1,1,0,no_drift,[],[],3107,0.1,310,0,0,0
345,log_308_1708942748.xes,0.0,na,['sudden'],1,1,1,0,sudden,[1131],[1111],3107,0.1,310,1,0,1
346,log_308_1708942748.xes,0.0,na,['sudden'],1,1,1,0,gradual_start,[],[],3107,0.1,310,0,0,0
347,log_308_1708942748.xes,0.0,na,['sudden'],1,1,1,0,gradual_end,[],[],3107,0.1,310,0,0,0
348,log_916_1708942743.xes,0.3,na,"['gradual', 'sudden', 'sudden']",3,4,2,1,no_drift,[],[0],5759,0.1,575,0,1,0
349,log_916_1708942743.xes,0.3,na,"['gradual', 'sudden', 'sudden']",3,4,2,1,sudden,"[3326, 4607]",[],5759,0.1,575,0,0,2
350,log_916_1708942743.xes,0.3,na,"['gradual', 'sudden', 'sudden']",3,4,2,1,gradual_start,[1436],[],5759,0.1,575,0,0,1
351,log_916_1708942743.xes,0.3,na,"['gradual', 'sudden', 'sudden']",3,4,2,1,gradual_end,[1924],[],5759,0.1,575,0,0,1
352,log_802_1708942745.xes,0.6,na,"['sudden', 'sudden']",2,2,2,0,no_drift,[],[],4475,0.1,447,0,0,0
353,log_802_1708942745.xes,0.6,na,"['sudden', 'sudden']",2,2,2,0,sudden,"[1522, 2535]","[2509, 1497]",4475,0.1,447,2,0,2
354,log_802_1708942745.xes,0.6,na,"['sudden', 'sudden']",2,2,2,0,gradual_start,[],[],4475,0.1,447,0,0,0
355,log_802_1708942745.xes,0.6,na,"['sudden', 'sudden']",2,2,2,0,gradual_end,[],[],4475,0.1,447,0,0,0
356,log_194_1708942746.xes,0.0,na,['gradual'],1,2,0,1,no_drift,[],[],3579,0.1,357,0,0,0
357,log_194_1708942746.xes,0.0,na,['gradual'],1,2,0,1,sudden,[],[],3579,0.1,357,0,0,0
358,log_194_1708942746.xes,0.0,na,['gradual'],1,2,0,1,gradual_start,[1423],[1429],3579,0.1,357,1,0,1
359,log_194_1708942746.xes,0.0,na,['gradual'],1,2,0,1,gradual_end,[1878],[1854],3579,0.1,357,1,0,1
360,log_537_1708942749.xes,0.6,na,[],0,0,0,0,no_drift,[0],[0],1922,0.1,192,1,0,1
361,log_537_1708942749.xes,0.6,na,[],0,0,0,0,sudden,[],[],1922,0.1,192,0,0,0
362,log_537_1708942749.xes,0.6,na,[],0,0,0,0,gradual_start,[],[],1922,0.1,192,0,0,0
363,log_537_1708942749.xes,0.6,na,[],0,0,0,0,gradual_end,[],[],1922,0.1,192,0,0,0
364,log_614_1708942746.xes,0.0,na,['gradual'],1,2,0,1,no_drift,[],[],3271,0.1,327,0,0,0
365,log_614_1708942746.xes,0.0,na,['gradual'],1,2,0,1,sudden,[],[],3271,0.1,327,0,0,0
366,log_614_1708942746.xes,0.0,na,['gradual'],1,2,0,1,gradual_start,[1212],[1201],3271,0.1,327,1,0,1
367,log_614_1708942746.xes,0.0,na,['gradual'],1,2,0,1,gradual_end,[1772],[1729],3271,0.1,327,1,0,1
368,log_573_1708942746.xes,0.3,na,[],0,0,0,0,no_drift,[0],[0],3345,0.1,334,1,0,1
369,log_573_1708942746.xes,0.3,na,[],0,0,0,0,sudden,[],[],3345,0.1,334,0,0,0
370,log_573_1708942746.xes,0.3,na,[],0,0,0,0,gradual_start,[],[],3345,0.1,334,0,0,0
371,log_573_1708942746.xes,0.3,na,[],0,0,0,0,gradual_end,[],[],3345,0.1,334,0,0,0
372,log_4_1708942744.xes,0.0,na,"['sudden', 'sudden']",2,2,2,0,no_drift,[],[],4442,0.1,444,0,0,0
373,log_4_1708942744.xes,0.0,na,"['sudden', 'sudden']",2,2,2,0,sudden,"[1640, 3358]",[1607],4442,0.1,444,1,0,2
374,log_4_1708942744.xes,0.0,na,"['sudden', 'sudden']",2,2,2,0,gradual_start,[],[],4442,0.1,444,0,0,0
375,log_4_1708942744.xes,0.0,na,"['sudden', 'sudden']",2,2,2,0,gradual_end,[],[],4442,0.1,444,0,0,0
376,log_615_1708942749.xes,0.3,na,[],0,0,0,0,no_drift,[0],[0],2124,0.1,212,1,0,1
377,log_615_1708942749.xes,0.3,na,[],0,0,0,0,sudden,[],[],2124,0.1,212,0,0,0
378,log_615_1708942749.xes,0.3,na,[],0,0,0,0,gradual_start,[],[],2124,0.1,212,0,0,0
379,log_615_1708942749.xes,0.3,na,[],0,0,0,0,gradual_end,[],[],2124,0.1,212,0,0,0
380,log_764_1708942745.xes,0.3,na,"['sudden', 'sudden', 'sudden']",3,3,3,0,no_drift,[],[],6654,0.1,665,0,0,0
381,log_764_1708942745.xes,0.3,na,"['sudden', 'sudden', 'sudden']",3,3,3,0,sudden,"[1622, 3575, 4665]",[1552],6654,0.1,665,1,0,3
382,log_764_1708942745.xes,0.3,na,"['sudden', 'sudden', 'sudden']",3,3,3,0,gradual_start,[],[],6654,0.1,665,0,0,0
383,log_764_1708942745.xes,0.3,na,"['sudden', 'sudden', 'sudden']",3,3,3,0,gradual_end,[],[],6654,0.1,665,0,0,0
384,log_649_1708942745.xes,0.6,na,[],0,0,0,0,no_drift,[0],[0],3128,0.1,312,1,0,1
385,log_649_1708942745.xes,0.6,na,[],0,0,0,0,sudden,[],[],3128,0.1,312,0,0,0
386,log_649_1708942745.xes,0.6,na,[],0,0,0,0,gradual_start,[],[],3128,0.1,312,0,0,0
387,log_649_1708942745.xes,0.6,na,[],0,0,0,0,gradual_end,[],[],3128,0.1,312,0,0,0
388,log_42_1708942747.xes,0.6,na,[],0,0,0,0,no_drift,[0],[0],6452,0.1,645,1,0,1
389,log_42_1708942747.xes,0.6,na,[],0,0,0,0,sudden,[],[],6452,0.1,645,0,0,0
390,log_42_1708942747.xes,0.6,na,[],0,0,0,0,gradual_start,[],[],6452,0.1,645,0,0,0
391,log_42_1708942747.xes,0.6,na,[],0,0,0,0,gradual_end,[],[],6452,0.1,645,0,0,0
392,log_727_1708942748.xes,0.3,na,['sudden'],1,1,1,0,no_drift,[],[],3573,0.1,357,0,0,0
393,log_727_1708942748.xes,0.3,na,['sudden'],1,1,1,0,sudden,[1958],[1939],3573,0.1,357,1,0,1
394,log_727_1708942748.xes,0.3,na,['sudden'],1,1,1,0,gradual_start,[],[],3573,0.1,357,0,0,0
395,log_727_1708942748.xes,0.3,na,['sudden'],1,1,1,0,gradual_end,[],[],3573,0.1,357,0,0,0
396,log_385_1708942748.xes,0.0,na,"['gradual', 'gradual']",2,4,0,2,no_drift,[],[],4682,0.1,468,0,0,0
397,log_385_1708942748.xes,0.0,na,"['gradual', 'gradual']",2,4,0,2,sudden,[],[],4682,0.1,468,0,0,0
398,log_385_1708942748.xes,0.0,na,"['gradual', 'gradual']",2,4,0,2,gradual_start,"[1008, 2899]",[2899],4682,0.1,468,1,0,2
399,log_385_1708942748.xes,0.0,na,"['gradual', 'gradual']",2,4,0,2,gradual_end,"[1331, 3227]",[3221],4682,0.1,468,1,0,2
400,log_538_1708942749.xes,0.0,na,[],0,0,0,0,no_drift,[0],[0],1087,0.1,108,1,0,1
401,log_538_1708942749.xes,0.0,na,[],0,0,0,0,sudden,[],[],1087,0.1,108,0,0,0
402,log_538_1708942749.xes,0.0,na,[],0,0,0,0,gradual_start,[],[],1087,0.1,108,0,0,0
403,log_538_1708942749.xes,0.0,na,[],0,0,0,0,gradual_end,[],[],1087,0.1,108,0,0,0
404,log_840_1708942747.xes,0.3,na,[],0,0,0,0,no_drift,[0],[0],4712,0.1,471,1,0,1
405,log_840_1708942747.xes,0.3,na,[],0,0,0,0,sudden,[],[],4712,0.1,471,0,0,0
406,log_840_1708942747.xes,0.3,na,[],0,0,0,0,gradual_start,[],[],4712,0.1,471,0,0,0
407,log_840_1708942747.xes,0.3,na,[],0,0,0,0,gradual_end,[],[],4712,0.1,471,0,0,0
408,log_423_1708942744.xes,0.0,na,"['gradual', 'sudden', 'gradual']",3,5,1,2,no_drift,[],[],6732,0.1,673,0,0,0
409,log_423_1708942744.xes,0.0,na,"['gradual', 'sudden', 'gradual']",3,5,1,2,sudden,[3324],[],6732,0.1,673,0,0,1
410,log_423_1708942744.xes,0.0,na,"['gradual', 'sudden', 'gradual']",3,5,1,2,gradual_start,"[1704, 4420]",[4390],6732,0.1,673,1,0,2
411,log_423_1708942744.xes,0.0,na,"['gradual', 'sudden', 'gradual']",3,5,1,2,gradual_end,"[2270, 4967]",[4951],6732,0.1,673,1,0,2
412,log_917_1708942749.xes,0.0,na,[],0,0,0,0,no_drift,[0],[0],5994,0.1,599,1,0,1
413,log_917_1708942749.xes,0.0,na,[],0,0,0,0,sudden,[],[],5994,0.1,599,0,0,0
414,log_917_1708942749.xes,0.0,na,[],0,0,0,0,gradual_start,[],[],5994,0.1,599,0,0,0
415,log_917_1708942749.xes,0.0,na,[],0,0,0,0,gradual_end,[],[],5994,0.1,599,0,0,0
416,log_5_1708942750.xes,0.0,na,[],0,0,0,0,no_drift,[0],[0],3942,0.1,394,1,0,1
417,log_5_1708942750.xes,0.0,na,[],0,0,0,0,sudden,[],[],3942,0.1,394,0,0,0
418,log_5_1708942750.xes,0.0,na,[],0,0,0,0,gradual_start,[],[],3942,0.1,394,0,0,0
419,log_5_1708942750.xes,0.0,na,[],0,0,0,0,gradual_end,[],[],3942,0.1,394,0,0,0
420,log_728_1708942750.xes,0.3,na,['gradual'],1,2,0,1,no_drift,[],[],3294,0.1,329,0,0,0
421,log_728_1708942750.xes,0.3,na,['gradual'],1,2,0,1,sudden,[],[],3294,0.1,329,0,0,0
422,log_728_1708942750.xes,0.3,na,['gradual'],1,2,0,1,gradual_start,[1297],[1169],3294,0.1,329,1,0,1
423,log_728_1708942750.xes,0.3,na,['gradual'],1,2,0,1,gradual_end,[1625],[1633],3294,0.1,329,1,0,1
424,log_498_1708942746.xes,0.0,na,"['gradual', 'sudden', 'gradual']",3,5,1,2,no_drift,[],[],7522,0.1,752,0,0,0
425,log_498_1708942746.xes,0.0,na,"['gradual', 'sudden', 'gradual']",3,5,1,2,sudden,[3757],[3701],7522,0.1,752,1,0,1
426,log_498_1708942746.xes,0.0,na,"['gradual', 'sudden', 'gradual']",3,5,1,2,gradual_start,"[1918, 5743]",[],7522,0.1,752,0,0,2
427,log_498_1708942746.xes,0.0,na,"['gradual', 'sudden', 'gradual']",3,5,1,2,gradual_end,"[2346, 6282]",[],7522,0.1,752,0,0,2
428,log_347_1708942746.xes,0.6,na,['gradual'],1,2,0,1,no_drift,[],[0],3567,0.1,356,0,1,0
429,log_347_1708942746.xes,0.6,na,['gradual'],1,2,0,1,sudden,[],[],3567,0.1,356,0,0,0
430,log_347_1708942746.xes,0.6,na,['gradual'],1,2,0,1,gradual_start,[1582],[],3567,0.1,356,0,0,1
431,log_347_1708942746.xes,0.6,na,['gradual'],1,2,0,1,gradual_end,[1921],[],3567,0.1,356,0,0,1
432,log_616_1708942750.xes,0.0,na,"['sudden', 'gradual', 'sudden']",3,4,2,1,no_drift,[],[],7832,0.1,783,0,0,0
433,log_616_1708942750.xes,0.0,na,"['sudden', 'gradual', 'sudden']",3,4,2,1,sudden,"[1866, 6143]","[6085, 1795]",7832,0.1,783,2,0,2
434,log_616_1708942750.xes,0.0,na,"['sudden', 'gradual', 'sudden']",3,4,2,1,gradual_start,[3813],[3784],7832,0.1,783,1,0,1
435,log_616_1708942750.xes,0.0,na,"['sudden', 'gradual', 'sudden']",3,4,2,1,gradual_end,[4260],[4408],7832,0.1,783,1,0,1
436,log_272_1708942749.xes,0.6,na,[],0,0,0,0,no_drift,[0],[0],5408,0.1,540,1,0,1
437,log_272_1708942749.xes,0.6,na,[],0,0,0,0,sudden,[],[],5408,0.1,540,0,0,0
438,log_272_1708942749.xes,0.6,na,[],0,0,0,0,gradual_start,[],[],5408,0.1,540,0,0,0
439,log_272_1708942749.xes,0.6,na,[],0,0,0,0,gradual_end,[],[],5408,0.1,540,0,0,0
440,log_424_1708942750.xes,0.6,na,['sudden'],1,1,1,0,no_drift,[],[],2777,0.1,277,0,0,0
441,log_424_1708942750.xes,0.6,na,['sudden'],1,1,1,0,sudden,[1513],[1509],2777,0.1,277,1,0,1
442,log_424_1708942750.xes,0.6,na,['sudden'],1,1,1,0,gradual_start,[],[],2777,0.1,277,0,0,0
443,log_424_1708942750.xes,0.6,na,['sudden'],1,1,1,0,gradual_end,[],[],2777,0.1,277,0,0,0
444,log_348_1708942751.xes,0.3,na,"['gradual', 'gradual']",2,4,0,2,no_drift,[],[0],6108,0.1,610,0,1,0
445,log_348_1708942751.xes,0.3,na,"['gradual', 'gradual']",2,4,0,2,sudden,[],[],6108,0.1,610,0,0,0
446,log_348_1708942751.xes,0.3,na,"['gradual', 'gradual']",2,4,0,2,gradual_start,"[1659, 3961]",[],6108,0.1,610,0,0,2
447,log_348_1708942751.xes,0.3,na,"['gradual', 'gradual']",2,4,0,2,gradual_end,"[2131, 4263]",[],6108,0.1,610,0,0,2
448,log_803_1708942749.xes,0.6,na,['sudden'],1,1,1,0,no_drift,[],[],3586,0.1,358,0,0,0
449,log_803_1708942749.xes,0.6,na,['sudden'],1,1,1,0,sudden,[1730],[1701],3586,0.1,358,1,0,1
450,log_803_1708942749.xes,0.6,na,['sudden'],1,1,1,0,gradual_start,[],[],3586,0.1,358,0,0,0
451,log_803_1708942749.xes,0.6,na,['sudden'],1,1,1,0,gradual_end,[],[],3586,0.1,358,0,0,0
452,log_688_1708942742.xes,0.6,na,"['sudden', 'gradual', 'gradual']",3,5,1,2,no_drift,[],[],7795,0.1,779,0,0,0
453,log_688_1708942742.xes,0.6,na,"['sudden', 'gradual', 'gradual']",3,5,1,2,sudden,[1575],[],7795,0.1,779,0,0,1
454,log_688_1708942742.xes,0.6,na,"['sudden', 'gradual', 'gradual']",3,5,1,2,gradual_start,"[3537, 5629]","[3535, 5625]",7795,0.1,779,2,0,2
455,log_688_1708942742.xes,0.6,na,"['sudden', 'gradual', 'gradual']",3,5,1,2,gradual_end,"[3873, 6087]","[3915, 6081]",7795,0.1,779,2,0,2
456,log_918_1708942752.xes,0.0,na,['sudden'],1,1,1,0,no_drift,[],[],2951,0.1,295,0,0,0
457,log_918_1708942752.xes,0.0,na,['sudden'],1,1,1,0,sudden,[1694],[1681],2951,0.1,295,1,0,1
458,log_918_1708942752.xes,0.0,na,['sudden'],1,1,1,0,gradual_start,[],[],2951,0.1,295,0,0,0
459,log_918_1708942752.xes,0.0,na,['sudden'],1,1,1,0,gradual_end,[],[],2951,0.1,295,0,0,0
460,log_499_1708942751.xes,0.0,na,[],0,0,0,0,no_drift,[0],[0],5540,0.1,554,1,0,1
461,log_499_1708942751.xes,0.0,na,[],0,0,0,0,sudden,[],[],5540,0.1,554,0,0,0
462,log_499_1708942751.xes,0.0,na,[],0,0,0,0,gradual_start,[],[],5540,0.1,554,0,0,0
463,log_499_1708942751.xes,0.0,na,[],0,0,0,0,gradual_end,[],[],5540,0.1,554,0,0,0
464,log_233_1708942754.xes,0.0,na,['gradual'],1,2,0,1,no_drift,[],[],2844,0.1,284,0,0,0
465,log_233_1708942754.xes,0.0,na,['gradual'],1,2,0,1,sudden,[],[],2844,0.1,284,0,0,0
466,log_233_1708942754.xes,0.0,na,['gradual'],1,2,0,1,gradual_start,[1249],[1275],2844,0.1,284,1,0,1
467,log_233_1708942754.xes,0.0,na,['gradual'],1,2,0,1,gradual_end,[1755],[1681],2844,0.1,284,1,0,1
468,log_195_1708942749.xes,0.6,na,"['sudden', 'gradual']",2,3,1,1,no_drift,[],[],4848,0.1,484,0,0,0
469,log_195_1708942749.xes,0.6,na,"['sudden', 'gradual']",2,3,1,1,sudden,[1143],[1129],4848,0.1,484,1,0,1
470,log_195_1708942749.xes,0.6,na,"['sudden', 'gradual']",2,3,1,1,gradual_start,[2818],[],4848,0.1,484,0,0,1
471,log_195_1708942749.xes,0.6,na,"['sudden', 'gradual']",2,3,1,1,gradual_end,[3251],[],4848,0.1,484,0,0,1
472,log_309_1708942749.xes,0.0,na,['sudden'],1,1,1,0,no_drift,[],[],2718,0.1,271,0,0,0
473,log_309_1708942749.xes,0.0,na,['sudden'],1,1,1,0,sudden,[1114],[1106],2718,0.1,271,1,0,1
474,log_309_1708942749.xes,0.0,na,['sudden'],1,1,1,0,gradual_start,[],[],2718,0.1,271,0,0,0
475,log_309_1708942749.xes,0.0,na,['sudden'],1,1,1,0,gradual_end,[],[],2718,0.1,271,0,0,0
476,log_78_1708942752.xes,0.0,na,['sudden'],1,1,1,0,no_drift,[],[0],3771,0.1,377,0,1,0
477,log_78_1708942752.xes,0.0,na,['sudden'],1,1,1,0,sudden,[1805],[],3771,0.1,377,0,0,1
478,log_78_1708942752.xes,0.0,na,['sudden'],1,1,1,0,gradual_start,[],[],3771,0.1,377,0,0,0
479,log_78_1708942752.xes,0.0,na,['sudden'],1,1,1,0,gradual_end,[],[],3771,0.1,377,0,0,0
480,log_919_1708942754.xes,0.3,na,"['gradual', 'sudden']",2,3,1,1,no_drift,[],[0],3958,0.1,395,0,1,0
481,log_919_1708942754.xes,0.3,na,"['gradual', 'sudden']",2,3,1,1,sudden,[2727],[],3958,0.1,395,0,0,1
482,log_919_1708942754.xes,0.3,na,"['gradual', 'sudden']",2,3,1,1,gradual_start,[1084],[],3958,0.1,395,0,0,1
483,log_919_1708942754.xes,0.3,na,"['gradual', 'sudden']",2,3,1,1,gradual_end,[1409],[],3958,0.1,395,0,0,1
484,log_539_1708942750.xes,0.0,na,[],0,0,0,0,no_drift,[0],[0],4731,0.1,473,1,0,1
485,log_539_1708942750.xes,0.0,na,[],0,0,0,0,sudden,[],[],4731,0.1,473,0,0,0
486,log_539_1708942750.xes,0.0,na,[],0,0,0,0,gradual_start,[],[],4731,0.1,473,0,0,0
487,log_539_1708942750.xes,0.0,na,[],0,0,0,0,gradual_end,[],[],4731,0.1,473,0,0,0
488,log_882_1708942756.xes,0.0,na,[],0,0,0,0,no_drift,[0],[0],3714,0.1,371,1,0,1
489,log_882_1708942756.xes,0.0,na,[],0,0,0,0,sudden,[],[],3714,0.1,371,0,0,0
490,log_882_1708942756.xes,0.0,na,[],0,0,0,0,gradual_start,[],[],3714,0.1,371,0,0,0
491,log_882_1708942756.xes,0.0,na,[],0,0,0,0,gradual_end,[],[],3714,0.1,371,0,0,0
492,log_765_1708942749.xes,0.0,na,"['gradual', 'gradual', 'gradual']",3,6,0,3,no_drift,[],[0],7079,0.1,707,0,1,0
493,log_765_1708942749.xes,0.0,na,"['gradual', 'gradual', 'gradual']",3,6,0,3,sudden,[],[],7079,0.1,707,0,0,0
494,log_765_1708942749.xes,0.0,na,"['gradual', 'gradual', 'gradual']",3,6,0,3,gradual_start,"[1980, 3688, 5548]",[],7079,0.1,707,0,0,3
495,log_765_1708942749.xes,0.0,na,"['gradual', 'gradual', 'gradual']",3,6,0,3,gradual_end,"[2396, 4245, 5958]",[],7079,0.1,707,0,0,3
496,log_157_1708942747.xes,0.3,na,"['sudden', 'sudden']",2,2,2,0,no_drift,[],[],4349,0.1,434,0,0,0
497,log_157_1708942747.xes,0.3,na,"['sudden', 'sudden']",2,2,2,0,sudden,"[1017, 2766]","[2752, 967]",4349,0.1,434,2,0,2
498,log_157_1708942747.xes,0.3,na,"['sudden', 'sudden']",2,2,2,0,gradual_start,[],[],4349,0.1,434,0,0,0
499,log_157_1708942747.xes,0.3,na,"['sudden', 'sudden']",2,2,2,0,gradual_end,[],[],4349,0.1,434,0,0,0
500,log_274_1708942756.xes,0.0,na,"['gradual', 'gradual']",2,4,0,2,no_drift,[],[],4501,0.1,450,0,0,0
501,log_274_1708942756.xes,0.0,na,"['gradual', 'gradual']",2,4,0,2,sudden,[],[],4501,0.1,450,0,0,0
502,log_274_1708942756.xes,0.0,na,"['gradual', 'gradual']",2,4,0,2,gradual_start,"[1114, 2643]","[2641, 1123]",4501,0.1,450,2,0,2
503,log_274_1708942756.xes,0.0,na,"['gradual', 'gradual']",2,4,0,2,gradual_end,"[1620, 3135]","[3103, 1585]",4501,0.1,450,2,0,2
504,log_232_1708942744.xes,0.0,na,"['gradual', 'gradual', 'sudden']",3,5,1,2,no_drift,[],[],6178,0.1,617,0,0,0
505,log_232_1708942744.xes,0.0,na,"['gradual', 'gradual', 'sudden']",3,5,1,2,sudden,[4757],[],6178,0.1,617,0,0,1
506,log_232_1708942744.xes,0.0,na,"['gradual', 'gradual', 'sudden']",3,5,1,2,gradual_start,"[1008, 3186]",[961],6178,0.1,617,1,0,2
507,log_232_1708942744.xes,0.0,na,"['gradual', 'gradual', 'sudden']",3,5,1,2,gradual_end,"[1567, 3633]",[1561],6178,0.1,617,1,0,2
508,log_273_1708942752.xes,0.0,na,[],0,0,0,0,no_drift,[0],[0],3608,0.1,360,1,0,1
509,log_273_1708942752.xes,0.0,na,[],0,0,0,0,sudden,[],[],3608,0.1,360,0,0,0
510,log_273_1708942752.xes,0.0,na,[],0,0,0,0,gradual_start,[],[],3608,0.1,360,0,0,0
511,log_273_1708942752.xes,0.0,na,[],0,0,0,0,gradual_end,[],[],3608,0.1,360,0,0,0
512,log_158_1708942755.xes,0.0,na,['sudden'],1,1,1,0,no_drift,[],[0],3516,0.1,351,0,1,0
513,log_158_1708942755.xes,0.0,na,['sudden'],1,1,1,0,sudden,[1820],[],3516,0.1,351,0,0,1
514,log_158_1708942755.xes,0.0,na,['sudden'],1,1,1,0,gradual_start,[],[],3516,0.1,351,0,0,0
515,log_158_1708942755.xes,0.0,na,['sudden'],1,1,1,0,gradual_end,[],[],3516,0.1,351,0,0,0
516,log_574_1708942750.xes,0.3,na,"['gradual', 'sudden', 'gradual']",3,5,1,2,no_drift,[],[],6880,0.1,688,0,0,0
517,log_574_1708942750.xes,0.3,na,"['gradual', 'sudden', 'gradual']",3,5,1,2,sudden,[2973],[],6880,0.1,688,0,0,1
518,log_574_1708942750.xes,0.3,na,"['gradual', 'sudden', 'gradual']",3,5,1,2,gradual_start,"[1308, 4751]",[4727],6880,0.1,688,1,0,2
519,log_574_1708942750.xes,0.3,na,"['gradual', 'sudden', 'gradual']",3,5,1,2,gradual_end,"[1820, 5108]",[5067],6880,0.1,688,1,0,2
520,log_881_1708942748.xes,0.6,na,"['gradual', 'gradual', 'gradual']",3,6,0,3,no_drift,[],[],7113,0.1,711,0,0,0
521,log_881_1708942748.xes,0.6,na,"['gradual', 'gradual', 'gradual']",3,6,0,3,sudden,[],[],7113,0.1,711,0,0,0
522,log_881_1708942748.xes,0.6,na,"['gradual', 'gradual', 'gradual']",3,6,0,3,gradual_start,"[1591, 3892, 5621]","[3886, 5636]",7113,0.1,711,2,0,3
523,log_881_1708942748.xes,0.6,na,"['gradual', 'gradual', 'gradual']",3,6,0,3,gradual_end,"[2156, 4214, 5948]","[4236, 5986]",7113,0.1,711,2,0,3
524,log_386_1708942750.xes,0.0,na,"['gradual', 'gradual', 'gradual']",3,6,0,3,no_drift,[],[],6632,0.1,663,0,0,0
525,log_386_1708942750.xes,0.0,na,"['gradual', 'gradual', 'gradual']",3,6,0,3,sudden,[],[],6632,0.1,663,0,0,0
526,log_386_1708942750.xes,0.0,na,"['gradual', 'gradual', 'gradual']",3,6,0,3,gradual_start,"[1971, 3430, 5134]","[5116, 1948]",6632,0.1,663,2,0,3
527,log_386_1708942750.xes,0.0,na,"['gradual', 'gradual', 'gradual']",3,6,0,3,gradual_end,"[2321, 3881, 5448]","[5446, 2245]",6632,0.1,663,2,0,3
528,log_650_1708942749.xes,0.6,na,"['sudden', 'gradual', 'gradual']",3,5,1,2,no_drift,[],[],6871,0.1,687,0,0,0
529,log_650_1708942749.xes,0.6,na,"['sudden', 'gradual', 'gradual']",3,5,1,2,sudden,[1387],[],6871,0.1,687,0,0,1
530,log_650_1708942749.xes,0.6,na,"['sudden', 'gradual', 'gradual']",3,5,1,2,gradual_start,"[3120, 5036]",[5033],6871,0.1,687,1,0,2
531,log_650_1708942749.xes,0.6,na,"['sudden', 'gradual', 'gradual']",3,5,1,2,gradual_end,"[3641, 5431]",[5407],6871,0.1,687,1,0,2
532,log_883_1708942758.xes,0.0,na,[],0,0,0,0,no_drift,[0],[0],1086,0.1,108,1,0,1
533,log_883_1708942758.xes,0.0,na,[],0,0,0,0,sudden,[],[],1086,0.1,108,0,0,0
534,log_883_1708942758.xes,0.0,na,[],0,0,0,0,gradual_start,[],[],1086,0.1,108,0,0,0
535,log_883_1708942758.xes,0.0,na,[],0,0,0,0,gradual_end,[],[],1086,0.1,108,0,0,0
536,log_575_1708942756.xes,0.6,na,"['sudden', 'sudden']",2,2,2,0,no_drift,[],[],4233,0.1,423,0,0,0
537,log_575_1708942756.xes,0.6,na,"['sudden', 'sudden']",2,2,2,0,sudden,"[1649, 3201]",[1639],4233,0.1,423,1,0,2
538,log_575_1708942756.xes,0.6,na,"['sudden', 'sudden']",2,2,2,0,gradual_start,[],[],4233,0.1,423,0,0,0
539,log_575_1708942756.xes,0.6,na,"['sudden', 'sudden']",2,2,2,0,gradual_end,[],[],4233,0.1,423,0,0,0
540,log_6_1708942753.xes,0.6,na,"['sudden', 'sudden', 'gradual']",3,4,2,1,no_drift,[],[],6452,0.1,645,0,0,0
541,log_6_1708942753.xes,0.6,na,"['sudden', 'sudden', 'gradual']",3,4,2,1,sudden,"[1560, 2756]","[2753, 1473]",6452,0.1,645,2,0,2
542,log_6_1708942753.xes,0.6,na,"['sudden', 'sudden', 'gradual']",3,4,2,1,gradual_start,[4641],[],6452,0.1,645,0,0,1
543,log_6_1708942753.xes,0.6,na,"['sudden', 'sudden', 'gradual']",3,4,2,1,gradual_end,[5050],[],6452,0.1,645,0,0,1
544,log_119_1708942749.xes,0.3,na,"['sudden', 'sudden', 'sudden']",3,3,3,0,no_drift,[],[],5491,0.1,549,0,0,0
545,log_119_1708942749.xes,0.3,na,"['sudden', 'sudden', 'sudden']",3,3,3,0,sudden,"[1313, 2523, 4271]","[1270, 2512, 4240]",5491,0.1,549,3,0,3
546,log_119_1708942749.xes,0.3,na,"['sudden', 'sudden', 'sudden']",3,3,3,0,gradual_start,[],[],5491,0.1,549,0,0,0
547,log_119_1708942749.xes,0.3,na,"['sudden', 'sudden', 'sudden']",3,3,3,0,gradual_end,[],[],5491,0.1,549,0,0,0
548,log_540_1708942754.xes,0.0,na,[],0,0,0,0,no_drift,[0],[0],4515,0.1,451,1,0,1
549,log_540_1708942754.xes,0.0,na,[],0,0,0,0,sudden,[],[],4515,0.1,451,0,0,0
550,log_540_1708942754.xes,0.0,na,[],0,0,0,0,gradual_start,[],[],4515,0.1,451,0,0,0
551,log_540_1708942754.xes,0.0,na,[],0,0,0,0,gradual_end,[],[],4515,0.1,451,0,0,0
552,log_617_1708942753.xes,0.0,na,"['sudden', 'sudden', 'sudden']",3,3,3,0,no_drift,[],[],5891,0.1,589,0,0,0
553,log_617_1708942753.xes,0.0,na,"['sudden', 'sudden', 'sudden']",3,3,3,0,sudden,"[1829, 3706, 4757]","[3684, 4728, 1799]",5891,0.1,589,3,0,3
554,log_617_1708942753.xes,0.0,na,"['sudden', 'sudden', 'sudden']",3,3,3,0,gradual_start,[],[],5891,0.1,589,0,0,0
555,log_617_1708942753.xes,0.0,na,"['sudden', 'sudden', 'sudden']",3,3,3,0,gradual_end,[],[],5891,0.1,589,0,0,0
556,log_841_1708942750.xes,0.6,na,['gradual'],1,2,0,1,no_drift,[],[],3537,0.1,353,0,0,0
557,log_841_1708942750.xes,0.6,na,['gradual'],1,2,0,1,sudden,[],[],3537,0.1,353,0,0,0
558,log_841_1708942750.xes,0.6,na,['gradual'],1,2,0,1,gradual_start,[1689],[1650],3537,0.1,353,1,0,1
559,log_841_1708942750.xes,0.6,na,['gradual'],1,2,0,1,gradual_end,[2247],[2245],3537,0.1,353,1,0,1
560,log_920_1708942756.xes,0.0,na,"['gradual', 'gradual', 'sudden']",3,5,1,2,no_drift,[],[0],7834,0.1,783,0,1,0
561,log_920_1708942756.xes,0.0,na,"['gradual', 'gradual', 'sudden']",3,5,1,2,sudden,[5958],[],7834,0.1,783,0,0,1
562,log_920_1708942756.xes,0.0,na,"['gradual', 'gradual', 'sudden']",3,5,1,2,gradual_start,"[1852, 3966]",[],7834,0.1,783,0,0,2
563,log_920_1708942756.xes,0.0,na,"['gradual', 'gradual', 'sudden']",3,5,1,2,gradual_end,"[2173, 4511]",[],7834,0.1,783,0,0,2
564,log_349_1708942755.xes,0.0,na,"['sudden', 'sudden', 'gradual']",3,4,2,1,no_drift,[],[],6046,0.1,604,0,0,0
565,log_349_1708942755.xes,0.0,na,"['sudden', 'sudden', 'gradual']",3,4,2,1,sudden,"[1328, 3294]","[1321, 3271]",6046,0.1,604,2,0,2
566,log_349_1708942755.xes,0.0,na,"['sudden', 'sudden', 'gradual']",3,4,2,1,gradual_start,[4433],[4411],6046,0.1,604,1,0,1
567,log_349_1708942755.xes,0.0,na,"['sudden', 'sudden', 'gradual']",3,4,2,1,gradual_end,[4890],[4891],6046,0.1,604,1,0,1
568,log_462_1708942759.xes,0.0,na,[],0,0,0,0,no_drift,[0],[0],3132,0.1,313,1,0,1
569,log_462_1708942759.xes,0.0,na,[],0,0,0,0,sudden,[],[],3132,0.1,313,0,0,0
570,log_462_1708942759.xes,0.0,na,[],0,0,0,0,gradual_start,[],[],3132,0.1,313,0,0,0
571,log_462_1708942759.xes,0.0,na,[],0,0,0,0,gradual_end,[],[],3132,0.1,313,0,0,0
572,log_7_1708942758.xes,0.6,na,['sudden'],1,1,1,0,no_drift,[],[],3287,0.1,328,0,0,0
573,log_7_1708942758.xes,0.6,na,['sudden'],1,1,1,0,sudden,[1625],[1601],3287,0.1,328,1,0,1
574,log_7_1708942758.xes,0.6,na,['sudden'],1,1,1,0,gradual_start,[],[],3287,0.1,328,0,0,0
575,log_7_1708942758.xes,0.6,na,['sudden'],1,1,1,0,gradual_end,[],[],3287,0.1,328,0,0,0
576,log_160_1708942761.xes,0.0,na,['gradual'],1,2,0,1,no_drift,[],[],2890,0.1,289,0,0,0
577,log_160_1708942761.xes,0.0,na,['gradual'],1,2,0,1,sudden,[],[],2890,0.1,289,0,0,0
578,log_160_1708942761.xes,0.0,na,['gradual'],1,2,0,1,gradual_start,[1136],[1205],2890,0.1,289,1,0,1
579,log_160_1708942761.xes,0.0,na,['gradual'],1,2,0,1,gradual_end,[1681],[1597],2890,0.1,289,1,0,1
580,log_310_1708942754.xes,0.6,na,"['gradual', 'sudden']",2,3,1,1,no_drift,[],[],3910,0.1,391,0,0,0
581,log_310_1708942754.xes,0.6,na,"['gradual', 'sudden']",2,3,1,1,sudden,[2811],[2775],3910,0.1,391,1,0,1
582,log_310_1708942754.xes,0.6,na,"['gradual', 'sudden']",2,3,1,1,gradual_start,[1116],[1141],3910,0.1,391,1,0,1
583,log_310_1708942754.xes,0.6,na,"['gradual', 'sudden']",2,3,1,1,gradual_end,[1675],[1673],3910,0.1,391,1,0,1
584,log_884_1708942759.xes,0.0,na,['sudden'],1,1,1,0,no_drift,[],[],2402,0.1,240,0,0,0
585,log_884_1708942759.xes,0.0,na,['sudden'],1,1,1,0,sudden,[1320],[1309],2402,0.1,240,1,0,1
586,log_884_1708942759.xes,0.0,na,['sudden'],1,1,1,0,gradual_start,[],[],2402,0.1,240,0,0,0
587,log_884_1708942759.xes,0.0,na,['sudden'],1,1,1,0,gradual_end,[],[],2402,0.1,240,0,0,0
588,log_766_1708942755.xes,0.3,na,"['sudden', 'sudden']",2,2,2,0,no_drift,[],[],4605,0.1,460,0,0,0
589,log_766_1708942755.xes,0.3,na,"['sudden', 'sudden']",2,2,2,0,sudden,"[1585, 3283]","[3244, 1565]",4605,0.1,460,2,0,2
590,log_766_1708942755.xes,0.3,na,"['sudden', 'sudden']",2,2,2,0,gradual_start,[],[],4605,0.1,460,0,0,0
591,log_766_1708942755.xes,0.3,na,"['sudden', 'sudden']",2,2,2,0,gradual_end,[],[],4605,0.1,460,0,0,0
592,log_234_1708942756.xes,0.0,na,"['sudden', 'sudden']",2,2,2,0,no_drift,[],[],4756,0.1,475,0,0,0
593,log_234_1708942756.xes,0.0,na,"['sudden', 'sudden']",2,2,2,0,sudden,"[1826, 2990]","[2968, 1818]",4756,0.1,475,2,0,2
594,log_234_1708942756.xes,0.0,na,"['sudden', 'sudden']",2,2,2,0,gradual_start,[],[],4756,0.1,475,0,0,0
595,log_234_1708942756.xes,0.0,na,"['sudden', 'sudden']",2,2,2,0,gradual_end,[],[],4756,0.1,475,0,0,0
596,log_387_1708942756.xes,0.0,na,['gradual'],1,2,0,1,no_drift,[],[],3546,0.1,354,0,0,0
597,log_387_1708942756.xes,0.0,na,['gradual'],1,2,0,1,sudden,[],[],3546,0.1,354,0,0,0
598,log_387_1708942756.xes,0.0,na,['gradual'],1,2,0,1,gradual_start,[1683],[1684],3546,0.1,354,1,0,1
599,log_387_1708942756.xes,0.0,na,['gradual'],1,2,0,1,gradual_end,[2116],[2092],3546,0.1,354,1,0,1
600,log_425_1708942754.xes,0.0,na,"['sudden', 'gradual', 'sudden']",3,4,2,1,no_drift,[],[],7136,0.1,713,0,0,0
601,log_425_1708942754.xes,0.0,na,"['sudden', 'gradual', 'sudden']",3,4,2,1,sudden,"[1869, 5194]",[5181],7136,0.1,713,1,0,2
602,log_425_1708942754.xes,0.0,na,"['sudden', 'gradual', 'sudden']",3,4,2,1,gradual_start,[2929],[],7136,0.1,713,0,0,1
603,log_425_1708942754.xes,0.0,na,"['sudden', 'gradual', 'sudden']",3,4,2,1,gradual_end,[3250],[],7136,0.1,713,0,0,1
604,log_350_1708942760.xes,0.3,na,['sudden'],1,1,1,0,no_drift,[],[],3080,0.1,308,0,0,0
605,log_350_1708942760.xes,0.3,na,['sudden'],1,1,1,0,sudden,[1478],[1456],3080,0.1,308,1,0,1
606,log_350_1708942760.xes,0.3,na,['sudden'],1,1,1,0,gradual_start,[],[],3080,0.1,308,0,0,0
607,log_350_1708942760.xes,0.3,na,['sudden'],1,1,1,0,gradual_end,[],[],3080,0.1,308,0,0,0
608,log_461_1708942747.xes,0.6,na,"['sudden', 'gradual', 'sudden']",3,4,2,1,no_drift,[],[],7695,0.1,769,0,0,0
609,log_461_1708942747.xes,0.6,na,"['sudden', 'gradual', 'sudden']",3,4,2,1,sudden,"[1814, 6038]","[1787, 6043]",7695,0.1,769,2,0,2
610,log_461_1708942747.xes,0.6,na,"['sudden', 'gradual', 'sudden']",3,4,2,1,gradual_start,[3461],[],7695,0.1,769,0,0,1
611,log_461_1708942747.xes,0.6,na,"['sudden', 'gradual', 'sudden']",3,4,2,1,gradual_end,[4045],[],7695,0.1,769,0,0,1
612,log_500_1708942754.xes,0.0,na,[],0,0,0,0,no_drift,[0],[0],2046,0.1,204,1,0,1
613,log_500_1708942754.xes,0.0,na,[],0,0,0,0,sudden,[],[],2046,0.1,204,0,0,0
614,log_500_1708942754.xes,0.0,na,[],0,0,0,0,gradual_start,[],[],2046,0.1,204,0,0,0
615,log_500_1708942754.xes,0.0,na,[],0,0,0,0,gradual_end,[],[],2046,0.1,204,0,0,0
616,log_8_1708942760.xes,0.3,na,[],0,0,0,0,no_drift,[0],[0],5898,0.1,589,1,0,1
617,log_8_1708942760.xes,0.3,na,[],0,0,0,0,sudden,[],[],5898,0.1,589,0,0,0
618,log_8_1708942760.xes,0.3,na,[],0,0,0,0,gradual_start,[],[],5898,0.1,589,0,0,0
619,log_8_1708942760.xes,0.3,na,[],0,0,0,0,gradual_end,[],[],5898,0.1,589,0,0,0
620,log_463_1708942761.xes,0.0,na,[],0,0,0,0,no_drift,[0],[0],2652,0.1,265,1,0,1
621,log_463_1708942761.xes,0.0,na,[],0,0,0,0,sudden,[],[],2652,0.1,265,0,0,0
622,log_463_1708942761.xes,0.0,na,[],0,0,0,0,gradual_start,[],[],2652,0.1,265,0,0,0
623,log_463_1708942761.xes,0.0,na,[],0,0,0,0,gradual_end,[],[],2652,0.1,265,0,0,0
624,log_80_1708942760.xes,0.0,na,"['gradual', 'gradual']",2,4,0,2,no_drift,[],[],5545,0.1,554,0,0,0
625,log_80_1708942760.xes,0.0,na,"['gradual', 'gradual']",2,4,0,2,sudden,[],[],5545,0.1,554,0,0,0
626,log_80_1708942760.xes,0.0,na,"['gradual', 'gradual']",2,4,0,2,gradual_start,"[1776, 3296]","[1783, 3295]",5545,0.1,554,2,0,2
627,log_80_1708942760.xes,0.0,na,"['gradual', 'gradual']",2,4,0,2,gradual_end,"[2222, 3776]","[2215, 3754]",5545,0.1,554,2,0,2
628,log_275_1708942759.xes,0.0,na,"['gradual', 'sudden', 'sudden']",3,4,2,1,no_drift,[],[],5888,0.1,588,0,0,0
629,log_275_1708942759.xes,0.0,na,"['gradual', 'sudden', 'sudden']",3,4,2,1,sudden,"[3247, 4364]","[4351, 3220]",5888,0.1,588,2,0,2
630,log_275_1708942759.xes,0.0,na,"['gradual', 'sudden', 'sudden']",3,4,2,1,gradual_start,[1597],[],5888,0.1,588,0,0,1
631,log_275_1708942759.xes,0.0,na,"['gradual', 'sudden', 'sudden']",3,4,2,1,gradual_end,[2103],[],5888,0.1,588,0,0,1
632,log_651_1708942757.xes,0.3,na,"['gradual', 'sudden']",2,3,1,1,no_drift,[],[],4677,0.1,467,0,0,0
633,log_651_1708942757.xes,0.3,na,"['gradual', 'sudden']",2,3,1,1,sudden,[3582],[3543],4677,0.1,467,1,0,1
634,log_651_1708942757.xes,0.3,na,"['gradual', 'sudden']",2,3,1,1,gradual_start,[1923],[],4677,0.1,467,0,0,1
635,log_651_1708942757.xes,0.3,na,"['gradual', 'sudden']",2,3,1,1,gradual_end,[2257],[],4677,0.1,467,0,0,1
636,log_159_1708942757.xes,0.0,na,"['sudden', 'gradual']",2,3,1,1,no_drift,[],[],5870,0.1,587,0,0,0
637,log_159_1708942757.xes,0.0,na,"['sudden', 'gradual']",2,3,1,1,sudden,[1976],[1944],5870,0.1,587,1,0,1
638,log_159_1708942757.xes,0.0,na,"['sudden', 'gradual']",2,3,1,1,gradual_start,[3505],[],5870,0.1,587,0,0,1
639,log_159_1708942757.xes,0.0,na,"['sudden', 'gradual']",2,3,1,1,gradual_end,[3967],[],5870,0.1,587,0,0,1
640,log_120_1708942758.xes,0.0,na,"['gradual', 'gradual', 'sudden']",3,5,1,2,no_drift,[],[],6321,0.1,632,0,0,0
641,log_120_1708942758.xes,0.0,na,"['gradual', 'gradual', 'sudden']",3,5,1,2,sudden,[4750],[4744],6321,0.1,632,1,0,1
642,log_120_1708942758.xes,0.0,na,"['gradual', 'gradual', 'sudden']",3,5,1,2,gradual_start,"[1100, 2804]","[2791, 1055]",6321,0.1,632,2,0,2
643,log_120_1708942758.xes,0.0,na,"['gradual', 'gradual', 'sudden']",3,5,1,2,gradual_end,"[1553, 3319]","[3287, 1551]",6321,0.1,632,2,0,2
644,log_79_1708942755.xes,0.6,na,['sudden'],1,1,1,0,no_drift,[],[],2767,0.1,276,0,0,0
645,log_79_1708942755.xes,0.6,na,['sudden'],1,1,1,0,sudden,[1355],[1340],2767,0.1,276,1,0,1
646,log_79_1708942755.xes,0.6,na,['sudden'],1,1,1,0,gradual_start,[],[],2767,0.1,276,0,0,0
647,log_79_1708942755.xes,0.6,na,['sudden'],1,1,1,0,gradual_end,[],[],2767,0.1,276,0,0,0
648,log_351_1708942762.xes,0.3,na,['sudden'],1,1,1,0,no_drift,[],[0],3020,0.1,302,0,1,0
649,log_351_1708942762.xes,0.3,na,['sudden'],1,1,1,0,sudden,[1716],[],3020,0.1,302,0,0,1
650,log_351_1708942762.xes,0.3,na,['sudden'],1,1,1,0,gradual_start,[],[],3020,0.1,302,0,0,0
651,log_351_1708942762.xes,0.3,na,['sudden'],1,1,1,0,gradual_end,[],[],3020,0.1,302,0,0,0
652,log_541_1708942758.xes,0.6,na,"['gradual', 'sudden']",2,3,1,1,no_drift,[],[],6096,0.1,609,0,0,0
653,log_541_1708942758.xes,0.6,na,"['gradual', 'sudden']",2,3,1,1,sudden,[4294],[],6096,0.1,609,0,0,1
654,log_541_1708942758.xes,0.6,na,"['gradual', 'sudden']",2,3,1,1,gradual_start,[1759],[1711],6096,0.1,609,1,0,1
655,log_541_1708942758.xes,0.6,na,"['gradual', 'sudden']",2,3,1,1,gradual_end,[2317],[2311],6096,0.1,609,1,0,1
656,log_921_1708942761.xes,0.0,na,"['sudden', 'sudden', 'sudden']",3,3,3,0,no_drift,[],[],6527,0.1,652,0,0,0
657,log_921_1708942761.xes,0.0,na,"['sudden', 'sudden', 'sudden']",3,3,3,0,sudden,"[1438, 2948, 4812]","[2913, 1409, 4801]",6527,0.1,652,3,0,3
658,log_921_1708942761.xes,0.0,na,"['sudden', 'sudden', 'sudden']",3,3,3,0,gradual_start,[],[],6527,0.1,652,0,0,0
659,log_921_1708942761.xes,0.0,na,"['sudden', 'sudden', 'sudden']",3,3,3,0,gradual_end,[],[],6527,0.1,652,0,0,0
660,log_501_1708942762.xes,0.0,na,['sudden'],1,1,1,0,no_drift,[],[],2243,0.1,224,0,0,0
661,log_501_1708942762.xes,0.0,na,['sudden'],1,1,1,0,sudden,[1011],[1002],2243,0.1,224,1,0,1
662,log_501_1708942762.xes,0.0,na,['sudden'],1,1,1,0,gradual_start,[],[],2243,0.1,224,0,0,0
663,log_501_1708942762.xes,0.0,na,['sudden'],1,1,1,0,gradual_end,[],[],2243,0.1,224,0,0,0
664,log_161_1708942762.xes,0.3,na,['gradual'],1,2,0,1,no_drift,[],[],2982,0.1,298,0,0,0
665,log_161_1708942762.xes,0.3,na,['gradual'],1,2,0,1,sudden,[],[],2982,0.1,298,0,0,0
666,log_161_1708942762.xes,0.3,na,['gradual'],1,2,0,1,gradual_start,[1365],[1373],2982,0.1,298,1,0,1
667,log_161_1708942762.xes,0.3,na,['gradual'],1,2,0,1,gradual_end,[1781],[1779],2982,0.1,298,1,0,1
668,log_43_1708942753.xes,0.6,na,"['gradual', 'gradual', 'gradual']",3,6,0,3,no_drift,[],[],8591,0.1,859,0,0,0
669,log_43_1708942753.xes,0.6,na,"['gradual', 'gradual', 'gradual']",3,6,0,3,sudden,[],[],8591,0.1,859,0,0,0
670,log_43_1708942753.xes,0.6,na,"['gradual', 'gradual', 'gradual']",3,6,0,3,gradual_start,"[1911, 4164, 6205]","[6217, 1933]",8591,0.1,859,2,0,3
671,log_43_1708942753.xes,0.6,na,"['gradual', 'gradual', 'gradual']",3,6,0,3,gradual_end,"[2397, 4735, 6737]","[6679, 2353]",8591,0.1,859,2,0,3
672,log_10_1708942765.xes,0.3,na,['gradual'],1,2,0,1,no_drift,[],[],3360,0.1,336,0,0,0
673,log_10_1708942765.xes,0.3,na,['gradual'],1,2,0,1,sudden,[],[],3360,0.1,336,0,0,0
674,log_10_1708942765.xes,0.3,na,['gradual'],1,2,0,1,gradual_start,[1659],[1633],3360,0.1,336,1,0,1
675,log_10_1708942765.xes,0.3,na,['gradual'],1,2,0,1,gradual_end,[2151],[2129],3360,0.1,336,1,0,1
676,log_577_1708942765.xes,0.0,na,[],0,0,0,0,no_drift,[0],[0],6988,0.1,698,1,0,1
677,log_577_1708942765.xes,0.0,na,[],0,0,0,0,sudden,[],[],6988,0.1,698,0,0,0
678,log_577_1708942765.xes,0.0,na,[],0,0,0,0,gradual_start,[],[],6988,0.1,698,0,0,0
679,log_577_1708942765.xes,0.0,na,[],0,0,0,0,gradual_end,[],[],6988,0.1,698,0,0,0
680,log_576_1708942759.xes,0.0,na,"['gradual', 'sudden', 'gradual']",3,5,1,2,no_drift,[],[],7344,0.1,734,0,0,0
681,log_576_1708942759.xes,0.0,na,"['gradual', 'sudden', 'gradual']",3,5,1,2,sudden,[3761],[3709],7344,0.1,734,1,0,1
682,log_576_1708942759.xes,0.0,na,"['gradual', 'sudden', 'gradual']",3,5,1,2,gradual_start,"[1450, 5751]","[1441, 5761]",7344,0.1,734,2,0,2
683,log_576_1708942759.xes,0.0,na,"['gradual', 'sudden', 'gradual']",3,5,1,2,gradual_end,"[2019, 6291]","[2017, 6301]",7344,0.1,734,2,0,2
684,log_9_1708942762.xes,0.0,na,[],0,0,0,0,no_drift,[0],[0],1424,0.1,142,1,0,1
685,log_9_1708942762.xes,0.0,na,[],0,0,0,0,sudden,[],[],1424,0.1,142,0,0,0
686,log_9_1708942762.xes,0.0,na,[],0,0,0,0,gradual_start,[],[],1424,0.1,142,0,0,0
687,log_9_1708942762.xes,0.0,na,[],0,0,0,0,gradual_end,[],[],1424,0.1,142,0,0,0
688,log_352_1708942763.xes,0.0,na,['sudden'],1,1,1,0,no_drift,[],[0],2832,0.1,283,0,1,0
689,log_352_1708942763.xes,0.0,na,['sudden'],1,1,1,0,sudden,[1493],[],2832,0.1,283,0,0,1
690,log_352_1708942763.xes,0.0,na,['sudden'],1,1,1,0,gradual_start,[],[],2832,0.1,283,0,0,0
691,log_352_1708942763.xes,0.0,na,['sudden'],1,1,1,0,gradual_end,[],[],2832,0.1,283,0,0,0
692,log_542_1708942763.xes,0.3,na,[],0,0,0,0,no_drift,[0],[0],2688,0.1,268,1,0,1
693,log_542_1708942763.xes,0.3,na,[],0,0,0,0,sudden,[],[],2688,0.1,268,0,0,0
694,log_542_1708942763.xes,0.3,na,[],0,0,0,0,gradual_start,[],[],2688,0.1,268,0,0,0
695,log_542_1708942763.xes,0.3,na,[],0,0,0,0,gradual_end,[],[],2688,0.1,268,0,0,0
696,log_922_1708942765.xes,0.6,na,['gradual'],1,2,0,1,no_drift,[],[],4256,0.1,425,0,0,0
697,log_922_1708942765.xes,0.6,na,['gradual'],1,2,0,1,sudden,[],[],4256,0.1,425,0,0,0
698,log_922_1708942765.xes,0.6,na,['gradual'],1,2,0,1,gradual_start,[1987],[1996],4256,0.1,425,1,0,1
699,log_922_1708942765.xes,0.6,na,['gradual'],1,2,0,1,gradual_end,[2350],[2395],4256,0.1,425,1,0,1
700,log_426_1708942760.xes,0.0,na,"['gradual', 'gradual']",2,4,0,2,no_drift,[],[],5186,0.1,518,0,0,0
701,log_426_1708942760.xes,0.0,na,"['gradual', 'gradual']",2,4,0,2,sudden,[],[],5186,0.1,518,0,0,0
702,log_426_1708942760.xes,0.0,na,"['gradual', 'gradual']",2,4,0,2,gradual_start,"[1401, 3067]",[1401],5186,0.1,518,1,0,2
703,log_426_1708942760.xes,0.0,na,"['gradual', 'gradual']",2,4,0,2,gradual_end,"[1986, 3406]",[1976],5186,0.1,518,1,0,2
704,log_464_1708942762.xes,0.3,na,"['gradual', 'sudden', 'gradual']",3,5,1,2,no_drift,[],[],6405,0.1,640,0,0,0
705,log_464_1708942762.xes,0.3,na,"['gradual', 'sudden', 'gradual']",3,5,1,2,sudden,[3384],[3361],6405,0.1,640,1,0,1
706,log_464_1708942762.xes,0.3,na,"['gradual', 'sudden', 'gradual']",3,5,1,2,gradual_start,"[1156, 4524]",[4513],6405,0.1,640,1,0,2
707,log_464_1708942762.xes,0.3,na,"['gradual', 'sudden', 'gradual']",3,5,1,2,gradual_end,"[1663, 5012]",[4897],6405,0.1,640,1,0,2
708,log_162_1708942765.xes,0.0,na,['sudden'],1,1,1,0,no_drift,[],[],2642,0.1,264,0,0,0
709,log_162_1708942765.xes,0.0,na,['sudden'],1,1,1,0,sudden,[1504],[1483],2642,0.1,264,1,0,1
710,log_162_1708942765.xes,0.0,na,['sudden'],1,1,1,0,gradual_start,[],[],2642,0.1,264,0,0,0
711,log_162_1708942765.xes,0.0,na,['sudden'],1,1,1,0,gradual_end,[],[],2642,0.1,264,0,0,0
712,log_427_1708942766.xes,0.3,na,[],0,0,0,0,no_drift,[0],[0],1860,0.1,186,1,0,1
713,log_427_1708942766.xes,0.3,na,[],0,0,0,0,sudden,[],[],1860,0.1,186,0,0,0
714,log_427_1708942766.xes,0.3,na,[],0,0,0,0,gradual_start,[],[],1860,0.1,186,0,0,0
715,log_427_1708942766.xes,0.3,na,[],0,0,0,0,gradual_end,[],[],1860,0.1,186,0,0,0
716,log_652_1708942763.xes,0.0,na,['gradual'],1,2,0,1,no_drift,[],[],2978,0.1,297,0,0,0
717,log_652_1708942763.xes,0.0,na,['gradual'],1,2,0,1,sudden,[],[],2978,0.1,297,0,0,0
718,log_652_1708942763.xes,0.0,na,['gradual'],1,2,0,1,gradual_start,[1395],[1373],2978,0.1,297,1,0,1
719,log_652_1708942763.xes,0.0,na,['gradual'],1,2,0,1,gradual_end,[1695],[1695],2978,0.1,297,1,0,1
720,log_690_1708942767.xes,0.0,na,['gradual'],1,2,0,1,no_drift,[],[],2896,0.1,289,0,0,0
721,log_690_1708942767.xes,0.0,na,['gradual'],1,2,0,1,sudden,[],[],2896,0.1,289,0,0,0
722,log_690_1708942767.xes,0.0,na,['gradual'],1,2,0,1,gradual_start,[1417],[1415],2896,0.1,289,1,0,1
723,log_690_1708942767.xes,0.0,na,['gradual'],1,2,0,1,gradual_end,[1841],[1835],2896,0.1,289,1,0,1
724,log_543_1708942766.xes,0.0,na,['sudden'],1,1,1,0,no_drift,[],[],3429,0.1,342,0,0,0
725,log_543_1708942766.xes,0.0,na,['sudden'],1,1,1,0,sudden,[1611],[1582],3429,0.1,342,1,0,1
726,log_543_1708942766.xes,0.0,na,['sudden'],1,1,1,0,gradual_start,[],[],3429,0.1,342,0,0,0
727,log_543_1708942766.xes,0.0,na,['sudden'],1,1,1,0,gradual_end,[],[],3429,0.1,342,0,0,0
728,log_689_1708942752.xes,0.0,na,"['gradual', 'sudden']",2,3,1,1,no_drift,[],[],5851,0.1,585,0,0,0
729,log_689_1708942752.xes,0.0,na,"['gradual', 'sudden']",2,3,1,1,sudden,[3877],[3858],5851,0.1,585,1,0,1
730,log_689_1708942752.xes,0.0,na,"['gradual', 'sudden']",2,3,1,1,gradual_start,[1903],[],5851,0.1,585,0,0,1
731,log_689_1708942752.xes,0.0,na,"['gradual', 'sudden']",2,3,1,1,gradual_end,[2203],[],5851,0.1,585,0,0,1
732,log_885_1708942761.xes,0.3,na,['gradual'],1,2,0,1,no_drift,[],[],3191,0.1,319,0,0,0
733,log_885_1708942761.xes,0.3,na,['gradual'],1,2,0,1,sudden,[],[],3191,0.1,319,0,0,0
734,log_885_1708942761.xes,0.3,na,['gradual'],1,2,0,1,gradual_start,[1212],[1201],3191,0.1,319,1,0,1
735,log_885_1708942761.xes,0.3,na,['gradual'],1,2,0,1,gradual_end,[1635],[1546],3191,0.1,319,1,0,1
736,log_465_1708942766.xes,0.3,na,"['sudden', 'sudden', 'sudden']",3,3,3,0,no_drift,[],[],5386,0.1,538,0,0,0
737,log_465_1708942766.xes,0.3,na,"['sudden', 'sudden', 'sudden']",3,3,3,0,sudden,"[1007, 2606, 3775]","[989, 2601, 3745]",5386,0.1,538,3,0,3
738,log_465_1708942766.xes,0.3,na,"['sudden', 'sudden', 'sudden']",3,3,3,0,gradual_start,[],[],5386,0.1,538,0,0,0
739,log_465_1708942766.xes,0.3,na,"['sudden', 'sudden', 'sudden']",3,3,3,0,gradual_end,[],[],5386,0.1,538,0,0,0
740,log_923_1708942766.xes,0.0,na,['sudden'],1,1,1,0,no_drift,[],[0],3612,0.1,361,0,1,0
741,log_923_1708942766.xes,0.0,na,['sudden'],1,1,1,0,sudden,[1958],[],3612,0.1,361,0,0,1
742,log_923_1708942766.xes,0.0,na,['sudden'],1,1,1,0,gradual_start,[],[],3612,0.1,361,0,0,0
743,log_923_1708942766.xes,0.0,na,['sudden'],1,1,1,0,gradual_end,[],[],3612,0.1,361,0,0,0
744,log_311_1708942760.xes,0.6,na,"['gradual', 'sudden']",2,3,1,1,no_drift,[],[],4395,0.1,439,0,0,0
745,log_311_1708942760.xes,0.6,na,"['gradual', 'sudden']",2,3,1,1,sudden,[3381],[3361],4395,0.1,439,1,0,1
746,log_311_1708942760.xes,0.6,na,"['gradual', 'sudden']",2,3,1,1,gradual_start,[1848],[1849],4395,0.1,439,1,0,1
747,log_311_1708942760.xes,0.6,na,"['gradual', 'sudden']",2,3,1,1,gradual_end,[2170],[2143],4395,0.1,439,1,0,1
748,log_544_1708942768.xes,0.0,na,[],0,0,0,0,no_drift,[0],[0],1396,0.1,139,1,0,1
749,log_544_1708942768.xes,0.0,na,[],0,0,0,0,sudden,[],[],1396,0.1,139,0,0,0
750,log_544_1708942768.xes,0.0,na,[],0,0,0,0,gradual_start,[],[],1396,0.1,139,0,0,0
751,log_544_1708942768.xes,0.0,na,[],0,0,0,0,gradual_end,[],[],1396,0.1,139,0,0,0
752,log_804_1708942753.xes,0.3,na,"['gradual', 'gradual', 'gradual']",3,6,0,3,no_drift,[],[],7780,0.1,778,0,0,0
753,log_804_1708942753.xes,0.3,na,"['gradual', 'gradual', 'gradual']",3,6,0,3,sudden,[],[3421],7780,0.1,778,0,1,0
754,log_804_1708942753.xes,0.3,na,"['gradual', 'gradual', 'gradual']",3,6,0,3,gradual_start,"[1140, 3415, 5613]",[5625],7780,0.1,778,1,0,3
755,log_804_1708942753.xes,0.3,na,"['gradual', 'gradual', 'gradual']",3,6,0,3,gradual_end,"[1488, 3815, 6011]",[6005],7780,0.1,778,1,0,3
756,log_196_1708942754.xes,0.0,na,"['gradual', 'gradual', 'sudden']",3,5,1,2,no_drift,[],[],7030,0.1,703,0,0,0
757,log_196_1708942754.xes,0.0,na,"['gradual', 'gradual', 'sudden']",3,5,1,2,sudden,[5375],[5356],7030,0.1,703,1,0,1
758,log_196_1708942754.xes,0.0,na,"['gradual', 'gradual', 'sudden']",3,5,1,2,gradual_start,"[1677, 3607]",[1646],7030,0.1,703,1,0,2
759,log_196_1708942754.xes,0.0,na,"['gradual', 'gradual', 'sudden']",3,5,1,2,gradual_end,"[2012, 4087]",[1961],7030,0.1,703,1,0,2
760,log_730_1708942767.xes,0.0,na,[],0,0,0,0,no_drift,[0],[0],3213,0.1,321,1,0,1
761,log_730_1708942767.xes,0.0,na,[],0,0,0,0,sudden,[],[],3213,0.1,321,0,0,0
762,log_730_1708942767.xes,0.0,na,[],0,0,0,0,gradual_start,[],[],3213,0.1,321,0,0,0
763,log_730_1708942767.xes,0.0,na,[],0,0,0,0,gradual_end,[],[],3213,0.1,321,0,0,0
764,log_276_1708942762.xes,0.3,na,[],0,0,0,0,no_drift,[0],[0],7984,0.1,798,1,0,1
765,log_276_1708942762.xes,0.3,na,[],0,0,0,0,sudden,[],[],7984,0.1,798,0,0,0
766,log_276_1708942762.xes,0.3,na,[],0,0,0,0,gradual_start,[],[],7984,0.1,798,0,0,0
767,log_276_1708942762.xes,0.3,na,[],0,0,0,0,gradual_end,[],[],7984,0.1,798,0,0,0
768,log_121_1708942764.xes,0.0,na,"['gradual', 'gradual', 'sudden']",3,5,1,2,no_drift,[],[],6386,0.1,638,0,0,0
769,log_121_1708942764.xes,0.0,na,"['gradual', 'gradual', 'sudden']",3,5,1,2,sudden,[5377],[5333],6386,0.1,638,1,0,1
770,log_121_1708942764.xes,0.0,na,"['gradual', 'gradual', 'sudden']",3,5,1,2,gradual_start,"[1485, 3375]","[3380, 1458]",6386,0.1,638,2,0,2
771,log_121_1708942764.xes,0.0,na,"['gradual', 'gradual', 'sudden']",3,5,1,2,gradual_end,"[1898, 3948]","[3938, 1861]",6386,0.1,638,2,0,2
772,log_388_1708942760.xes,0.0,na,"['gradual', 'sudden', 'sudden']",3,4,2,1,no_drift,[],[],6247,0.1,624,0,0,0
773,log_388_1708942760.xes,0.0,na,"['gradual', 'sudden', 'sudden']",3,4,2,1,sudden,"[3687, 4830]","[4806, 3659]",6247,0.1,624,2,0,2
774,log_388_1708942760.xes,0.0,na,"['gradual', 'sudden', 'sudden']",3,4,2,1,gradual_start,[1719],[],6247,0.1,624,0,0,1
775,log_388_1708942760.xes,0.0,na,"['gradual', 'sudden', 'sudden']",3,4,2,1,gradual_end,[2084],[],6247,0.1,624,0,0,1
776,log_44_1708942763.xes,0.0,na,"['sudden', 'gradual']",2,3,1,1,no_drift,[],[],5740,0.1,574,0,0,0
777,log_44_1708942763.xes,0.0,na,"['sudden', 'gradual']",2,3,1,1,sudden,[1324],[1317],5740,0.1,574,1,0,1
778,log_44_1708942763.xes,0.0,na,"['sudden', 'gradual']",2,3,1,1,gradual_start,[3310],[3305],5740,0.1,574,1,0,1
779,log_44_1708942763.xes,0.0,na,"['sudden', 'gradual']",2,3,1,1,gradual_end,[3876],[3837],5740,0.1,574,1,0,1
780,log_81_1708942763.xes,0.0,na,"['sudden', 'sudden', 'gradual']",3,4,2,1,no_drift,[],[],6494,0.1,649,0,0,0
781,log_81_1708942763.xes,0.0,na,"['sudden', 'sudden', 'gradual']",3,4,2,1,sudden,"[1717, 3143]","[3137, 1697]",6494,0.1,649,2,0,2
782,log_81_1708942763.xes,0.0,na,"['sudden', 'sudden', 'gradual']",3,4,2,1,gradual_start,[4432],[4417],6494,0.1,649,1,0,1
783,log_81_1708942763.xes,0.0,na,"['sudden', 'sudden', 'gradual']",3,4,2,1,gradual_end,[4918],[4897],6494,0.1,649,1,0,1
784,log_122_1708942770.xes,0.6,na,['gradual'],1,2,0,1,no_drift,[],[],2961,0.1,296,0,0,0
785,log_122_1708942770.xes,0.6,na,['gradual'],1,2,0,1,sudden,[],[],2961,0.1,296,0,0,0
786,log_122_1708942770.xes,0.6,na,['gradual'],1,2,0,1,gradual_start,[1389],[1401],2961,0.1,296,1,0,1
787,log_122_1708942770.xes,0.6,na,['gradual'],1,2,0,1,gradual_end,[1689],[1681],2961,0.1,296,1,0,1
788,log_729_1708942752.xes,0.0,na,"['sudden', 'sudden', 'sudden']",3,3,3,0,no_drift,[],[],6550,0.1,655,0,0,0
789,log_729_1708942752.xes,0.0,na,"['sudden', 'sudden', 'sudden']",3,3,3,0,sudden,"[1811, 3747, 5236]","[3681, 1793, 5217]",6550,0.1,655,3,0,3
790,log_729_1708942752.xes,0.0,na,"['sudden', 'sudden', 'sudden']",3,3,3,0,gradual_start,[],[],6550,0.1,655,0,0,0
791,log_729_1708942752.xes,0.0,na,"['sudden', 'sudden', 'sudden']",3,3,3,0,gradual_end,[],[],6550,0.1,655,0,0,0
792,log_653_1708942766.xes,0.3,na,"['gradual', 'gradual']",2,4,0,2,no_drift,[],[],5320,0.1,532,0,0,0
793,log_653_1708942766.xes,0.3,na,"['gradual', 'gradual']",2,4,0,2,sudden,[],[],5320,0.1,532,0,0,0
794,log_653_1708942766.xes,0.3,na,"['gradual', 'gradual']",2,4,0,2,gradual_start,"[1643, 3368]",[3355],5320,0.1,532,1,0,2
795,log_653_1708942766.xes,0.3,na,"['gradual', 'gradual']",2,4,0,2,gradual_end,"[2000, 3873]",[3849],5320,0.1,532,1,0,2
796,log_82_1708942769.xes,0.3,na,[],0,0,0,0,no_drift,[0],[0],4372,0.1,437,1,0,1
797,log_82_1708942769.xes,0.3,na,[],0,0,0,0,sudden,[],[],4372,0.1,437,0,0,0
798,log_82_1708942769.xes,0.3,na,[],0,0,0,0,gradual_start,[],[],4372,0.1,437,0,0,0
799,log_82_1708942769.xes,0.3,na,[],0,0,0,0,gradual_end,[],[],4372,0.1,437,0,0,0
800,log_235_1708942760.xes,0.0,na,"['sudden', 'sudden', 'sudden']",3,3,3,0,no_drift,[],[],5934,0.1,593,0,0,0
801,log_235_1708942760.xes,0.0,na,"['sudden', 'sudden', 'sudden']",3,3,3,0,sudden,"[1466, 2680, 4323]","[2669, 1451, 4293]",5934,0.1,593,3,0,3
802,log_235_1708942760.xes,0.0,na,"['sudden', 'sudden', 'sudden']",3,3,3,0,gradual_start,[],[],5934,0.1,593,0,0,0
803,log_235_1708942760.xes,0.0,na,"['sudden', 'sudden', 'sudden']",3,3,3,0,gradual_end,[],[],5934,0.1,593,0,0,0
804,log_428_1708942767.xes,0.0,na,"['gradual', 'sudden', 'gradual']",3,5,1,2,no_drift,[],[],6887,0.1,688,0,0,0
805,log_428_1708942767.xes,0.0,na,"['gradual', 'sudden', 'gradual']",3,5,1,2,sudden,[3521],[3503],6887,0.1,688,1,0,1
806,log_428_1708942767.xes,0.0,na,"['gradual', 'sudden', 'gradual']",3,5,1,2,gradual_start,"[1165, 5125]",[],6887,0.1,688,0,0,2
807,log_428_1708942767.xes,0.0,na,"['gradual', 'sudden', 'gradual']",3,5,1,2,gradual_end,"[1618, 5504]",[],6887,0.1,688,0,0,2
808,log_731_1708942770.xes,0.0,na,['sudden'],1,1,1,0,no_drift,[],[],3346,0.1,334,0,0,0
809,log_731_1708942770.xes,0.0,na,['sudden'],1,1,1,0,sudden,[1866],[1841],3346,0.1,334,1,0,1
810,log_731_1708942770.xes,0.0,na,['sudden'],1,1,1,0,gradual_start,[],[],3346,0.1,334,0,0,0
811,log_731_1708942770.xes,0.0,na,['sudden'],1,1,1,0,gradual_end,[],[],3346,0.1,334,0,0,0
812,log_163_1708942766.xes,0.6,na,"['sudden', 'gradual', 'gradual']",3,5,1,2,no_drift,[],[],7614,0.1,761,0,0,0
813,log_163_1708942766.xes,0.6,na,"['sudden', 'gradual', 'gradual']",3,5,1,2,sudden,[1320],[1293],7614,0.1,761,1,0,1
814,log_163_1708942766.xes,0.6,na,"['sudden', 'gradual', 'gradual']",3,5,1,2,gradual_start,"[3171, 5292]","[5283, 3155]",7614,0.1,761,2,0,2
815,log_163_1708942766.xes,0.6,na,"['sudden', 'gradual', 'gradual']",3,5,1,2,gradual_end,"[3545, 5717]","[5701, 3573]",7614,0.1,761,2,0,2
816,log_45_1708942771.xes,0.0,na,[],0,0,0,0,no_drift,[0],[0],4653,0.1,465,1,0,1
817,log_45_1708942771.xes,0.0,na,[],0,0,0,0,sudden,[],[],4653,0.1,465,0,0,0
818,log_45_1708942771.xes,0.0,na,[],0,0,0,0,gradual_start,[],[],4653,0.1,465,0,0,0
819,log_45_1708942771.xes,0.0,na,[],0,0,0,0,gradual_end,[],[],4653,0.1,465,0,0,0
820,log_502_1708942764.xes,0.0,na,"['gradual', 'gradual']",2,4,0,2,no_drift,[],[0],5968,0.1,596,0,1,0
821,log_502_1708942764.xes,0.0,na,"['gradual', 'gradual']",2,4,0,2,sudden,[],[],5968,0.1,596,0,0,0
822,log_502_1708942764.xes,0.0,na,"['gradual', 'gradual']",2,4,0,2,gradual_start,"[1647, 3568]",[],5968,0.1,596,0,0,2
823,log_502_1708942764.xes,0.0,na,"['gradual', 'gradual']",2,4,0,2,gradual_end,"[1974, 4000]",[],5968,0.1,596,0,0,2
824,log_11_1708942767.xes,0.0,na,"['sudden', 'gradual', 'sudden']",3,4,2,1,no_drift,[],[],7021,0.1,702,0,0,0
825,log_11_1708942767.xes,0.0,na,"['sudden', 'gradual', 'sudden']",3,4,2,1,sudden,"[1236, 5125]","[5111, 1191]",7021,0.1,702,2,0,2
826,log_11_1708942767.xes,0.0,na,"['sudden', 'gradual', 'sudden']",3,4,2,1,gradual_start,[3177],[3151],7021,0.1,702,1,0,1
827,log_11_1708942767.xes,0.0,na,"['sudden', 'gradual', 'sudden']",3,4,2,1,gradual_end,[3611],[3606],7021,0.1,702,1,0,1
828,log_842_1708942757.xes,0.0,na,"['gradual', 'sudden', 'gradual']",3,5,1,2,no_drift,[],[],7418,0.1,741,0,0,0
829,log_842_1708942757.xes,0.0,na,"['gradual', 'sudden', 'gradual']",3,5,1,2,sudden,[3508],[3442],7418,0.1,741,1,0,1
830,log_842_1708942757.xes,0.0,na,"['gradual', 'sudden', 'gradual']",3,5,1,2,gradual_start,"[1259, 5364]",[5366],7418,0.1,741,1,0,2
831,log_842_1708942757.xes,0.0,na,"['gradual', 'sudden', 'gradual']",3,5,1,2,gradual_end,"[1790, 5883]",[5847],7418,0.1,741,1,0,2
832,log_503_1708942772.xes,0.0,na,[],0,0,0,0,no_drift,[0],[0],1491,0.1,149,1,0,1
833,log_503_1708942772.xes,0.0,na,[],0,0,0,0,sudden,[],[],1491,0.1,149,0,0,0
834,log_503_1708942772.xes,0.0,na,[],0,0,0,0,gradual_start,[],[],1491,0.1,149,0,0,0
835,log_503_1708942772.xes,0.0,na,[],0,0,0,0,gradual_end,[],[],1491,0.1,149,0,0,0
836,log_843_1708942770.xes,0.0,na,"['sudden', 'sudden', 'sudden']",3,3,3,0,no_drift,[],[],6069,0.1,606,0,0,0
837,log_843_1708942770.xes,0.0,na,"['sudden', 'sudden', 'sudden']",3,3,3,0,sudden,"[1707, 2941, 4400]","[1681, 2911, 4381]",6069,0.1,606,3,0,3
838,log_843_1708942770.xes,0.0,na,"['sudden', 'sudden', 'sudden']",3,3,3,0,gradual_start,[],[],6069,0.1,606,0,0,0
839,log_843_1708942770.xes,0.0,na,"['sudden', 'sudden', 'sudden']",3,3,3,0,gradual_end,[],[],6069,0.1,606,0,0,0
840,log_654_1708942770.xes,0.0,na,['gradual'],1,2,0,1,no_drift,[],[0],3567,0.1,356,0,1,0
841,log_654_1708942770.xes,0.0,na,['gradual'],1,2,0,1,sudden,[],[],3567,0.1,356,0,0,0
842,log_654_1708942770.xes,0.0,na,['gradual'],1,2,0,1,gradual_start,[1868],[],3567,0.1,356,0,0,1
843,log_654_1708942770.xes,0.0,na,['gradual'],1,2,0,1,gradual_end,[2178],[],3567,0.1,356,0,0,1
844,log_886_1708942768.xes,0.0,na,"['sudden', 'gradual']",2,3,1,1,no_drift,[],[],5281,0.1,528,0,0,0
845,log_886_1708942768.xes,0.0,na,"['sudden', 'gradual']",2,3,1,1,sudden,[1635],[1613],5281,0.1,528,1,0,1
846,log_886_1708942768.xes,0.0,na,"['sudden', 'gradual']",2,3,1,1,gradual_start,[3452],[],5281,0.1,528,0,0,1
847,log_886_1708942768.xes,0.0,na,"['sudden', 'gradual']",2,3,1,1,gradual_end,[3828],[],5281,0.1,528,0,0,1
848,log_767_1708942760.xes,0.6,na,"['gradual', 'gradual', 'gradual']",3,6,0,3,no_drift,[],[],7298,0.1,729,0,0,0
849,log_767_1708942760.xes,0.6,na,"['gradual', 'gradual', 'gradual']",3,6,0,3,sudden,[],[],7298,0.1,729,0,0,0
850,log_767_1708942760.xes,0.6,na,"['gradual', 'gradual', 'gradual']",3,6,0,3,gradual_start,"[1599, 3457, 5298]","[1621, 3421]",7298,0.1,729,2,0,3
851,log_767_1708942760.xes,0.6,na,"['gradual', 'gradual', 'gradual']",3,6,0,3,gradual_end,"[2015, 3953, 5628]","[2053, 3925]",7298,0.1,729,2,0,3
852,log_732_1708942773.xes,0.0,na,"['sudden', 'sudden']",2,2,2,0,no_drift,[],[],4584,0.1,458,0,0,0
853,log_732_1708942773.xes,0.0,na,"['sudden', 'sudden']",2,2,2,0,sudden,"[1345, 2932]","[1321, 2905]",4584,0.1,458,2,0,2
854,log_732_1708942773.xes,0.0,na,"['sudden', 'sudden']",2,2,2,0,gradual_start,[],[],4584,0.1,458,0,0,0
855,log_732_1708942773.xes,0.0,na,"['sudden', 'sudden']",2,2,2,0,gradual_end,[],[],4584,0.1,458,0,0,0
856,log_924_1708942769.xes,0.6,na,"['sudden', 'gradual']",2,3,1,1,no_drift,[],[],4709,0.1,470,0,0,0
857,log_924_1708942769.xes,0.6,na,"['sudden', 'gradual']",2,3,1,1,sudden,[1797],[1772],4709,0.1,470,1,0,1
858,log_924_1708942769.xes,0.6,na,"['sudden', 'gradual']",2,3,1,1,gradual_start,[3244],[3244],4709,0.1,470,1,0,1
859,log_924_1708942769.xes,0.6,na,"['sudden', 'gradual']",2,3,1,1,gradual_end,[3683],[3681],4709,0.1,470,1,0,1
860,log_925_1708942773.xes,0.0,na,['gradual'],1,2,0,1,no_drift,[],[],2939,0.1,293,0,0,0
861,log_925_1708942773.xes,0.0,na,['gradual'],1,2,0,1,sudden,[],[],2939,0.1,293,0,0,0
862,log_925_1708942773.xes,0.0,na,['gradual'],1,2,0,1,gradual_start,[1268],[1247],2939,0.1,293,1,0,1
863,log_925_1708942773.xes,0.0,na,['gradual'],1,2,0,1,gradual_end,[1592],[1639],2939,0.1,293,1,0,1
864,log_46_1708942775.xes,0.3,na,[],0,0,0,0,no_drift,[0],[0],1776,0.1,177,1,0,1
865,log_46_1708942775.xes,0.3,na,[],0,0,0,0,sudden,[],[],1776,0.1,177,0,0,0
866,log_46_1708942775.xes,0.3,na,[],0,0,0,0,gradual_start,[],[],1776,0.1,177,0,0,0
867,log_46_1708942775.xes,0.3,na,[],0,0,0,0,gradual_end,[],[],1776,0.1,177,0,0,0
868,log_12_1708942773.xes,0.0,na,"['sudden', 'gradual']",2,3,1,1,no_drift,[],[],5096,0.1,509,0,0,0
869,log_12_1708942773.xes,0.0,na,"['sudden', 'gradual']",2,3,1,1,sudden,[1596],[1601],5096,0.1,509,1,0,1
870,log_12_1708942773.xes,0.0,na,"['sudden', 'gradual']",2,3,1,1,gradual_start,[3338],[],5096,0.1,509,0,0,1
871,log_12_1708942773.xes,0.0,na,"['sudden', 'gradual']",2,3,1,1,gradual_end,[3683],[],5096,0.1,509,0,0,1
872,log_312_1708942768.xes,0.0,na,"['gradual', 'gradual', 'sudden']",3,5,1,2,no_drift,[],[],7591,0.1,759,0,0,0
873,log_312_1708942768.xes,0.0,na,"['gradual', 'gradual', 'sudden']",3,5,1,2,sudden,[5883],[5847],7591,0.1,759,1,0,1
874,log_312_1708942768.xes,0.0,na,"['gradual', 'gradual', 'sudden']",3,5,1,2,gradual_start,"[1907, 4184]",[1888],7591,0.1,759,1,0,2
875,log_312_1708942768.xes,0.0,na,"['gradual', 'gradual', 'sudden']",3,5,1,2,gradual_end,"[2298, 4610]",[2258],7591,0.1,759,1,0,2
876,log_926_1708942774.xes,0.6,na,[],0,0,0,0,no_drift,[0],[0],4863,0.1,486,1,0,1
877,log_926_1708942774.xes,0.6,na,[],0,0,0,0,sudden,[],[],4863,0.1,486,0,0,0
878,log_926_1708942774.xes,0.6,na,[],0,0,0,0,gradual_start,[],[],4863,0.1,486,0,0,0
879,log_926_1708942774.xes,0.6,na,[],0,0,0,0,gradual_end,[],[],4863,0.1,486,0,0,0
880,log_389_1708942771.xes,0.6,na,['gradual'],1,2,0,1,no_drift,[],[0],3815,0.1,381,0,1,0
881,log_389_1708942771.xes,0.6,na,['gradual'],1,2,0,1,sudden,[],[],3815,0.1,381,0,0,0
882,log_389_1708942771.xes,0.6,na,['gradual'],1,2,0,1,gradual_start,[1952],[],3815,0.1,381,0,0,1
883,log_389_1708942771.xes,0.6,na,['gradual'],1,2,0,1,gradual_end,[2255],[],3815,0.1,381,0,0,1
884,log_197_1708942767.xes,0.3,na,"['gradual', 'gradual', 'gradual']",3,6,0,3,no_drift,[],[],7293,0.1,729,0,0,0
885,log_197_1708942767.xes,0.3,na,"['gradual', 'gradual', 'gradual']",3,6,0,3,sudden,[],[],7293,0.1,729,0,0,0
886,log_197_1708942767.xes,0.3,na,"['gradual', 'gradual', 'gradual']",3,6,0,3,gradual_start,"[1722, 3334, 5704]",[1693],7293,0.1,729,1,0,3
887,log_197_1708942767.xes,0.3,na,"['gradual', 'gradual', 'gradual']",3,6,0,3,gradual_end,"[2202, 3907, 6154]",[2161],7293,0.1,729,1,0,3
888,log_236_1708942771.xes,0.0,na,"['gradual', 'sudden']",2,3,1,1,no_drift,[],[],5088,0.1,508,0,0,0
889,log_236_1708942771.xes,0.0,na,"['gradual', 'sudden']",2,3,1,1,sudden,[3878],[3851],5088,0.1,508,1,0,1
890,log_236_1708942771.xes,0.0,na,"['gradual', 'sudden']",2,3,1,1,gradual_start,[1409],[1401],5088,0.1,508,1,0,1
891,log_236_1708942771.xes,0.0,na,"['gradual', 'sudden']",2,3,1,1,gradual_end,[1939],[1926],5088,0.1,508,1,0,1
892,log_83_1708942773.xes,0.3,na,"['gradual', 'gradual']",2,4,0,2,no_drift,[],[],5014,0.1,501,0,0,0
893,log_83_1708942773.xes,0.3,na,"['gradual', 'gradual']",2,4,0,2,sudden,[],[],5014,0.1,501,0,0,0
894,log_83_1708942773.xes,0.3,na,"['gradual', 'gradual']",2,4,0,2,gradual_start,"[1732, 3345]","[3351, 1751]",5014,0.1,501,2,0,2
895,log_83_1708942773.xes,0.3,na,"['gradual', 'gradual']",2,4,0,2,gradual_end,"[2150, 3774]","[3776, 2151]",5014,0.1,501,2,0,2
896,log_768_1708942773.xes,0.6,na,[],0,0,0,0,no_drift,[0],[0],4040,0.1,404,1,0,1
897,log_768_1708942773.xes,0.6,na,[],0,0,0,0,sudden,[],[],4040,0.1,404,0,0,0
898,log_768_1708942773.xes,0.6,na,[],0,0,0,0,gradual_start,[],[],4040,0.1,404,0,0,0
899,log_768_1708942773.xes,0.6,na,[],0,0,0,0,gradual_end,[],[],4040,0.1,404,0,0,0
900,log_844_1708942772.xes,0.0,na,"['gradual', 'gradual']",2,4,0,2,no_drift,[],[],5893,0.1,589,0,0,0
901,log_844_1708942772.xes,0.0,na,"['gradual', 'gradual']",2,4,0,2,sudden,[],[],5893,0.1,589,0,0,0
902,log_844_1708942772.xes,0.0,na,"['gradual', 'gradual']",2,4,0,2,gradual_start,"[1361, 3556]","[3539, 1335]",5893,0.1,589,2,0,2
903,log_844_1708942772.xes,0.0,na,"['gradual', 'gradual']",2,4,0,2,gradual_end,"[1927, 4100]","[4090, 1915]",5893,0.1,589,2,0,2
904,log_504_1708942774.xes,0.0,na,"['sudden', 'gradual']",2,3,1,1,no_drift,[],[],5477,0.1,547,0,0,0
905,log_504_1708942774.xes,0.0,na,"['sudden', 'gradual']",2,3,1,1,sudden,[1358],[1351],5477,0.1,547,1,0,1
906,log_504_1708942774.xes,0.0,na,"['sudden', 'gradual']",2,3,1,1,gradual_start,[3046],[3025],5477,0.1,547,1,0,1
907,log_504_1708942774.xes,0.0,na,"['sudden', 'gradual']",2,3,1,1,gradual_end,[3554],[3538],5477,0.1,547,1,0,1
908,log_13_1708942775.xes,0.0,na,[],0,0,0,0,no_drift,[0],[0],3062,0.1,306,1,0,1
909,log_13_1708942775.xes,0.0,na,[],0,0,0,0,sudden,[],[],3062,0.1,306,0,0,0
910,log_13_1708942775.xes,0.0,na,[],0,0,0,0,gradual_start,[],[],3062,0.1,306,0,0,0
911,log_13_1708942775.xes,0.0,na,[],0,0,0,0,gradual_end,[],[],3062,0.1,306,0,0,0
912,log_578_1708942767.xes,0.6,na,"['gradual', 'gradual']",2,4,0,2,no_drift,[],[0],4490,0.1,449,0,1,0
913,log_578_1708942767.xes,0.6,na,"['gradual', 'gradual']",2,4,0,2,sudden,[],[],4490,0.1,449,0,0,0
914,log_578_1708942767.xes,0.6,na,"['gradual', 'gradual']",2,4,0,2,gradual_start,"[1199, 2781]",[],4490,0.1,449,0,0,2
915,log_578_1708942767.xes,0.6,na,"['gradual', 'gradual']",2,4,0,2,gradual_end,"[1628, 3195]",[],4490,0.1,449,0,0,2
916,log_618_1708942758.xes,0.3,na,"['gradual', 'gradual', 'gradual']",3,6,0,3,no_drift,[],[],7238,0.1,723,0,0,0
917,log_618_1708942758.xes,0.3,na,"['gradual', 'gradual', 'gradual']",3,6,0,3,sudden,[],[],7238,0.1,723,0,0,0
918,log_618_1708942758.xes,0.3,na,"['gradual', 'gradual', 'gradual']",3,6,0,3,gradual_start,"[1248, 3514, 5389]","[1225, 5365]",7238,0.1,723,2,0,3
919,log_618_1708942758.xes,0.3,na,"['gradual', 'gradual', 'gradual']",3,6,0,3,gradual_end,"[1625, 3896, 5735]","[1585, 5761]",7238,0.1,723,2,0,3
920,log_313_1708942773.xes,0.3,na,"['gradual', 'gradual', 'gradual']",3,6,0,3,no_drift,[],[],8380,0.1,838,0,0,0
921,log_313_1708942773.xes,0.3,na,"['gradual', 'gradual', 'gradual']",3,6,0,3,sudden,[],[],8380,0.1,838,0,0,0
922,log_313_1708942773.xes,0.3,na,"['gradual', 'gradual', 'gradual']",3,6,0,3,gradual_start,"[1608, 3808, 6065]","[3814, 1600, 6069]",8380,0.1,838,3,0,3
923,log_313_1708942773.xes,0.3,na,"['gradual', 'gradual', 'gradual']",3,6,0,3,gradual_end,"[2076, 4248, 6561]","[4224, 2051, 6561]",8380,0.1,838,3,0,3
924,log_84_1708942776.xes,0.0,na,['sudden'],1,1,1,0,no_drift,[],[],3011,0.1,301,0,0,0
925,log_84_1708942776.xes,0.0,na,['sudden'],1,1,1,0,sudden,[1456],[1456],3011,0.1,301,1,0,1
926,log_84_1708942776.xes,0.0,na,['sudden'],1,1,1,0,gradual_start,[],[],3011,0.1,301,0,0,0
927,log_84_1708942776.xes,0.0,na,['sudden'],1,1,1,0,gradual_end,[],[],3011,0.1,301,0,0,0
928,log_545_1708942769.xes,0.6,na,"['gradual', 'gradual', 'gradual']",3,6,0,3,no_drift,[],[],7218,0.1,721,0,0,0
929,log_545_1708942769.xes,0.6,na,"['gradual', 'gradual', 'gradual']",3,6,0,3,sudden,[],[],7218,0.1,721,0,0,0
930,log_545_1708942769.xes,0.6,na,"['gradual', 'gradual', 'gradual']",3,6,0,3,gradual_start,"[1455, 3126, 5296]","[3097, 1405]",7218,0.1,721,2,0,3
931,log_545_1708942769.xes,0.6,na,"['gradual', 'gradual', 'gradual']",3,6,0,3,gradual_end,"[1760, 3525, 5834]","[3493, 1765]",7218,0.1,721,2,0,3
932,log_887_1708942774.xes,0.0,na,"['gradual', 'gradual']",2,4,0,2,no_drift,[],[],5354,0.1,535,0,0,0
933,log_887_1708942774.xes,0.0,na,"['gradual', 'gradual']",2,4,0,2,sudden,[],[],5354,0.1,535,0,0,0
934,log_887_1708942774.xes,0.0,na,"['gradual', 'gradual']",2,4,0,2,gradual_start,"[1297, 3242]",[1301],5354,0.1,535,1,0,2
935,log_887_1708942774.xes,0.0,na,"['gradual', 'gradual']",2,4,0,2,gradual_end,"[1893, 3671]",[1873],5354,0.1,535,1,0,2
936,log_691_1708942767.xes,0.0,na,"['gradual', 'sudden', 'sudden']",3,4,2,1,no_drift,[],[],5837,0.1,583,0,0,0
937,log_691_1708942767.xes,0.0,na,"['gradual', 'sudden', 'sudden']",3,4,2,1,sudden,"[3187, 4539]","[3162, 4525]",5837,0.1,583,2,0,2
938,log_691_1708942767.xes,0.0,na,"['gradual', 'sudden', 'sudden']",3,4,2,1,gradual_start,[1413],[],5837,0.1,583,0,0,1
939,log_691_1708942767.xes,0.0,na,"['gradual', 'sudden', 'sudden']",3,4,2,1,gradual_end,[1892],[],5837,0.1,583,0,0,1
940,log_390_1708942776.xes,0.0,na,[],0,0,0,0,no_drift,[0],[0],1341,0.1,134,1,0,1
941,log_390_1708942776.xes,0.0,na,[],0,0,0,0,sudden,[],[],1341,0.1,134,0,0,0
942,log_390_1708942776.xes,0.0,na,[],0,0,0,0,gradual_start,[],[],1341,0.1,134,0,0,0
943,log_390_1708942776.xes,0.0,na,[],0,0,0,0,gradual_end,[],[],1341,0.1,134,0,0,0
944,log_927_1708942777.xes,0.3,na,"['sudden', 'sudden', 'sudden']",3,3,3,0,no_drift,[],[],5796,0.1,579,0,0,0
945,log_927_1708942777.xes,0.3,na,"['sudden', 'sudden', 'sudden']",3,3,3,0,sudden,"[1861, 3351, 4665]",[3361],5796,0.1,579,1,0,3
946,log_927_1708942777.xes,0.3,na,"['sudden', 'sudden', 'sudden']",3,3,3,0,gradual_start,[],[],5796,0.1,579,0,0,0
947,log_927_1708942777.xes,0.3,na,"['sudden', 'sudden', 'sudden']",3,3,3,0,gradual_end,[],[],5796,0.1,579,0,0,0
948,log_505_1708942777.xes,0.3,na,"['gradual', 'sudden']",2,3,1,1,no_drift,[],[],4760,0.1,476,0,0,0
949,log_505_1708942777.xes,0.3,na,"['gradual', 'sudden']",2,3,1,1,sudden,[3379],[],4760,0.1,476,0,0,1
950,log_505_1708942777.xes,0.3,na,"['gradual', 'sudden']",2,3,1,1,gradual_start,[1199],[1220],4760,0.1,476,1,0,1
951,log_505_1708942777.xes,0.3,na,"['gradual', 'sudden']",2,3,1,1,gradual_end,[1776],[1772],4760,0.1,476,1,0,1
952,log_85_1708942778.xes,0.0,na,[],0,0,0,0,no_drift,[0],[0],1672,0.1,167,1,0,1
953,log_85_1708942778.xes,0.0,na,[],0,0,0,0,sudden,[],[],1672,0.1,167,0,0,0
954,log_85_1708942778.xes,0.0,na,[],0,0,0,0,gradual_start,[],[],1672,0.1,167,0,0,0
955,log_85_1708942778.xes,0.0,na,[],0,0,0,0,gradual_end,[],[],1672,0.1,167,0,0,0
956,log_47_1708942777.xes,0.0,na,[],0,0,0,0,no_drift,[0],[0],4136,0.1,413,1,0,1
957,log_47_1708942777.xes,0.0,na,[],0,0,0,0,sudden,[],[],4136,0.1,413,0,0,0
958,log_47_1708942777.xes,0.0,na,[],0,0,0,0,gradual_start,[],[],4136,0.1,413,0,0,0
959,log_47_1708942777.xes,0.0,na,[],0,0,0,0,gradual_end,[],[],4136,0.1,413,0,0,0
960,log_579_1708942776.xes,0.3,na,"['gradual', 'sudden', 'sudden']",3,4,2,1,no_drift,[],[],6612,0.1,661,0,0,0
961,log_579_1708942776.xes,0.3,na,"['gradual', 'sudden', 'sudden']",3,4,2,1,sudden,"[3168, 4649]","[3136, 4621]",6612,0.1,661,2,0,2
962,log_579_1708942776.xes,0.3,na,"['gradual', 'sudden', 'sudden']",3,4,2,1,gradual_start,[1439],[],6612,0.1,661,0,0,1
963,log_579_1708942776.xes,0.3,na,"['gradual', 'sudden', 'sudden']",3,4,2,1,gradual_end,[1931],[],6612,0.1,661,0,0,1
964,log_198_1708942774.xes,0.0,na,['sudden'],1,1,1,0,no_drift,[],[0],3227,0.1,322,0,1,0
965,log_198_1708942774.xes,0.0,na,['sudden'],1,1,1,0,sudden,[1287],[],3227,0.1,322,0,0,1
966,log_198_1708942774.xes,0.0,na,['sudden'],1,1,1,0,gradual_start,[],[],3227,0.1,322,0,0,0
967,log_198_1708942774.xes,0.0,na,['sudden'],1,1,1,0,gradual_end,[],[],3227,0.1,322,0,0,0
968,log_430_1708942780.xes,0.3,na,[],0,0,0,0,no_drift,[0],[0],1117,0.1,111,1,0,1
969,log_430_1708942780.xes,0.3,na,[],0,0,0,0,sudden,[],[],1117,0.1,111,0,0,0
970,log_430_1708942780.xes,0.3,na,[],0,0,0,0,gradual_start,[],[],1117,0.1,111,0,0,0
971,log_430_1708942780.xes,0.3,na,[],0,0,0,0,gradual_end,[],[],1117,0.1,111,0,0,0
972,log_199_1708942779.xes,0.0,na,['sudden'],1,1,1,0,no_drift,[],[],3250,0.1,325,0,0,0
973,log_199_1708942779.xes,0.0,na,['sudden'],1,1,1,0,sudden,[1721],[1697],3250,0.1,325,1,0,1
974,log_199_1708942779.xes,0.0,na,['sudden'],1,1,1,0,gradual_start,[],[],3250,0.1,325,0,0,0
975,log_199_1708942779.xes,0.0,na,['sudden'],1,1,1,0,gradual_end,[],[],3250,0.1,325,0,0,0
976,log_888_1708942777.xes,0.0,na,"['sudden', 'sudden']",2,2,2,0,no_drift,[],[],5026,0.1,502,0,0,0
977,log_888_1708942777.xes,0.0,na,"['sudden', 'sudden']",2,2,2,0,sudden,"[1763, 3748]","[1751, 3726]",5026,0.1,502,2,0,2
978,log_888_1708942777.xes,0.0,na,"['sudden', 'sudden']",2,2,2,0,gradual_start,[],[],5026,0.1,502,0,0,0
979,log_888_1708942777.xes,0.0,na,"['sudden', 'sudden']",2,2,2,0,gradual_end,[],[],5026,0.1,502,0,0,0
980,log_429_1708942772.xes,0.0,na,"['gradual', 'gradual', 'sudden']",3,5,1,2,no_drift,[],[],6726,0.1,672,0,0,0
981,log_429_1708942772.xes,0.0,na,"['gradual', 'gradual', 'sudden']",3,5,1,2,sudden,[5475],[5446],6726,0.1,672,1,0,1
982,log_429_1708942772.xes,0.0,na,"['gradual', 'gradual', 'sudden']",3,5,1,2,gradual_start,"[1530, 3074]",[1519],6726,0.1,672,1,0,2
983,log_429_1708942772.xes,0.0,na,"['gradual', 'gradual', 'sudden']",3,5,1,2,gradual_end,"[2008, 3475]",[1981],6726,0.1,672,1,0,2
984,log_466_1708942769.xes,0.0,na,"['gradual', 'sudden']",2,3,1,1,no_drift,[],[],5916,0.1,591,0,0,0
985,log_466_1708942769.xes,0.0,na,"['gradual', 'sudden']",2,3,1,1,sudden,[4231],[4206],5916,0.1,591,1,0,1
986,log_466_1708942769.xes,0.0,na,"['gradual', 'sudden']",2,3,1,1,gradual_start,[1898],[],5916,0.1,591,0,0,1
987,log_466_1708942769.xes,0.0,na,"['gradual', 'sudden']",2,3,1,1,gradual_end,[2256],[],5916,0.1,591,0,0,1
988,log_845_1708942776.xes,0.3,na,"['sudden', 'sudden', 'sudden']",3,3,3,0,no_drift,[],[],5935,0.1,593,0,0,0
989,log_845_1708942776.xes,0.3,na,"['sudden', 'sudden', 'sudden']",3,3,3,0,sudden,"[1263, 2371, 4333]",[1248],5935,0.1,593,1,0,3
990,log_845_1708942776.xes,0.3,na,"['sudden', 'sudden', 'sudden']",3,3,3,0,gradual_start,[],[],5935,0.1,593,0,0,0
991,log_845_1708942776.xes,0.3,na,"['sudden', 'sudden', 'sudden']",3,3,3,0,gradual_end,[],[],5935,0.1,593,0,0,0
992,log_353_1708942766.xes,0.3,na,"['gradual', 'sudden', 'sudden']",3,4,2,1,no_drift,[],[],6099,0.1,609,0,0,0
993,log_353_1708942766.xes,0.3,na,"['gradual', 'sudden', 'sudden']",3,4,2,1,sudden,"[3310, 4954]",[3301],6099,0.1,609,1,0,2
994,log_353_1708942766.xes,0.3,na,"['gradual', 'sudden', 'sudden']",3,4,2,1,gradual_start,[1486],[],6099,0.1,609,0,0,1
995,log_353_1708942766.xes,0.3,na,"['gradual', 'sudden', 'sudden']",3,4,2,1,gradual_end,[1919],[],6099,0.1,609,0,0,1
996,log_123_1708942772.xes,0.0,na,['gradual'],1,2,0,1,no_drift,[],[],3545,0.1,354,0,0,0
997,log_123_1708942772.xes,0.0,na,['gradual'],1,2,0,1,sudden,[],[],3545,0.1,354,0,0,0
998,log_123_1708942772.xes,0.0,na,['gradual'],1,2,0,1,gradual_start,[1571],[1565],3545,0.1,354,1,0,1
999,log_123_1708942772.xes,0.0,na,['gradual'],1,2,0,1,gradual_end,[2053],[2024],3545,0.1,354,1,0,1
1000,log_467_1708942780.xes,0.0,na,"['sudden', 'sudden']",2,2,2,0,no_drift,[],[],4295,0.1,429,0,0,0
1001,log_467_1708942780.xes,0.0,na,"['sudden', 'sudden']",2,2,2,0,sudden,"[1985, 3106]","[3088, 1954]",4295,0.1,429,2,0,2
1002,log_467_1708942780.xes,0.0,na,"['sudden', 'sudden']",2,2,2,0,gradual_start,[],[],4295,0.1,429,0,0,0
1003,log_467_1708942780.xes,0.0,na,"['sudden', 'sudden']",2,2,2,0,gradual_end,[],[],4295,0.1,429,0,0,0
1004,log_354_1708942778.xes,0.6,na,"['sudden', 'gradual']",2,3,1,1,no_drift,[],[],5131,0.1,513,0,0,0
1005,log_354_1708942778.xes,0.6,na,"['sudden', 'gradual']",2,3,1,1,sudden,[1076],[1051],5131,0.1,513,1,0,1
1006,log_354_1708942778.xes,0.6,na,"['sudden', 'gradual']",2,3,1,1,gradual_start,[2808],[],5131,0.1,513,0,0,1
1007,log_354_1708942778.xes,0.6,na,"['sudden', 'gradual']",2,3,1,1,gradual_end,[3176],[],5131,0.1,513,0,0,1
1008,log_277_1708942770.xes,0.3,na,"['sudden', 'gradual', 'gradual']",3,5,1,2,no_drift,[],[],7264,0.1,726,0,0,0
1009,log_277_1708942770.xes,0.3,na,"['sudden', 'gradual', 'gradual']",3,5,1,2,sudden,[1464],[1405],7264,0.1,726,1,0,1
1010,log_277_1708942770.xes,0.3,na,"['sudden', 'gradual', 'gradual']",3,5,1,2,gradual_start,"[3247, 5451]",[5401],7264,0.1,726,1,0,2
1011,log_277_1708942770.xes,0.3,na,"['sudden', 'gradual', 'gradual']",3,5,1,2,gradual_end,"[3799, 5945]",[5869],7264,0.1,726,1,0,2
1012,log_237_1708942775.xes,0.6,na,"['gradual', 'sudden', 'sudden']",3,4,2,1,no_drift,[],[],6899,0.1,689,0,0,0
1013,log_237_1708942775.xes,0.6,na,"['gradual', 'sudden', 'sudden']",3,4,2,1,sudden,"[3289, 5218]","[5203, 3265]",6899,0.1,689,2,0,2
1014,log_237_1708942775.xes,0.6,na,"['gradual', 'sudden', 'sudden']",3,4,2,1,gradual_start,[1061],[1021],6899,0.1,689,1,0,1
1015,log_237_1708942775.xes,0.6,na,"['gradual', 'sudden', 'sudden']",3,4,2,1,gradual_end,[1385],[1395],6899,0.1,689,1,0,1
1016,log_506_1708942780.xes,0.6,na,['sudden'],1,1,1,0,no_drift,[],[],3631,0.1,363,0,0,0
1017,log_506_1708942780.xes,0.6,na,['sudden'],1,1,1,0,sudden,[1936],[1909],3631,0.1,363,1,0,1
1018,log_506_1708942780.xes,0.6,na,['sudden'],1,1,1,0,gradual_start,[],[],3631,0.1,363,0,0,0
1019,log_506_1708942780.xes,0.6,na,['sudden'],1,1,1,0,gradual_end,[],[],3631,0.1,363,0,0,0
1020,log_14_1708942779.xes,0.6,na,"['sudden', 'gradual']",2,3,1,1,no_drift,[],[],5245,0.1,524,0,0,0
1021,log_14_1708942779.xes,0.6,na,"['sudden', 'gradual']",2,3,1,1,sudden,[1910],[],5245,0.1,524,0,0,1
1022,log_14_1708942779.xes,0.6,na,"['sudden', 'gradual']",2,3,1,1,gradual_start,[2951],[2965],5245,0.1,524,1,0,1
1023,log_14_1708942779.xes,0.6,na,"['sudden', 'gradual']",2,3,1,1,gradual_end,[3526],[3511],5245,0.1,524,1,0,1
1024,log_86_1708942780.xes,0.0,na,[],0,0,0,0,no_drift,[0],[0],4016,0.1,401,1,0,1
1025,log_86_1708942780.xes,0.0,na,[],0,0,0,0,sudden,[],[],4016,0.1,401,0,0,0
1026,log_86_1708942780.xes,0.0,na,[],0,0,0,0,gradual_start,[],[],4016,0.1,401,0,0,0
1027,log_86_1708942780.xes,0.0,na,[],0,0,0,0,gradual_end,[],[],4016,0.1,401,0,0,0
1028,log_692_1708942777.xes,0.0,na,"['sudden', 'gradual', 'gradual']",3,5,1,2,no_drift,[],[],6096,0.1,609,0,0,0
1029,log_692_1708942777.xes,0.0,na,"['sudden', 'gradual', 'gradual']",3,5,1,2,sudden,[1039],[],6096,0.1,609,0,0,1
1030,log_692_1708942777.xes,0.0,na,"['sudden', 'gradual', 'gradual']",3,5,1,2,gradual_start,"[2394, 3974]","[3961, 2371]",6096,0.1,609,2,0,2
1031,log_692_1708942777.xes,0.0,na,"['sudden', 'gradual', 'gradual']",3,5,1,2,gradual_end,"[2949, 4551]","[4531, 2941]",6096,0.1,609,2,0,2
1032,log_805_1708942767.xes,0.0,na,"['gradual', 'sudden']",2,3,1,1,no_drift,[],[],5359,0.1,535,0,0,0
1033,log_805_1708942767.xes,0.0,na,"['gradual', 'sudden']",2,3,1,1,sudden,[3586],[],5359,0.1,535,0,0,1
1034,log_805_1708942767.xes,0.0,na,"['gradual', 'sudden']",2,3,1,1,gradual_start,[1505],[1509],5359,0.1,535,1,0,1
1035,log_805_1708942767.xes,0.0,na,"['gradual', 'sudden']",2,3,1,1,gradual_end,[1888],[1873],5359,0.1,535,1,0,1
1036,log_314_1708942777.xes,0.6,na,[],0,0,0,0,no_drift,[0],[0],4926,0.1,492,1,0,1
1037,log_314_1708942777.xes,0.6,na,[],0,0,0,0,sudden,[],[],4926,0.1,492,0,0,0
1038,log_314_1708942777.xes,0.6,na,[],0,0,0,0,gradual_start,[],[],4926,0.1,492,0,0,0
1039,log_314_1708942777.xes,0.6,na,[],0,0,0,0,gradual_end,[],[],4926,0.1,492,0,0,0
1040,log_619_1708942775.xes,0.0,na,"['sudden', 'gradual', 'sudden']",3,4,2,1,no_drift,[],[],6189,0.1,618,0,0,0
1041,log_619_1708942775.xes,0.0,na,"['sudden', 'gradual', 'sudden']",3,4,2,1,sudden,"[1269, 4889]",[4861],6189,0.1,618,1,0,2
1042,log_619_1708942775.xes,0.0,na,"['sudden', 'gradual', 'sudden']",3,4,2,1,gradual_start,[3075],[3061],6189,0.1,618,1,0,1
1043,log_619_1708942775.xes,0.0,na,"['sudden', 'gradual', 'sudden']",3,4,2,1,gradual_end,[3653],[3601],6189,0.1,618,1,0,1
1044,log_580_1708942781.xes,0.6,na,['sudden'],1,1,1,0,no_drift,[],[],2272,0.1,227,0,0,0
1045,log_580_1708942781.xes,0.6,na,['sudden'],1,1,1,0,sudden,[1101],[1090],2272,0.1,227,1,0,1
1046,log_580_1708942781.xes,0.6,na,['sudden'],1,1,1,0,gradual_start,[],[],2272,0.1,227,0,0,0
1047,log_580_1708942781.xes,0.6,na,['sudden'],1,1,1,0,gradual_end,[],[],2272,0.1,227,0,0,0
1048,log_200_1708942781.xes,0.3,na,['sudden'],1,1,1,0,no_drift,[],[],3060,0.1,306,0,0,0
1049,log_200_1708942781.xes,0.3,na,['sudden'],1,1,1,0,sudden,[1381],[1351],3060,0.1,306,1,0,1
1050,log_200_1708942781.xes,0.3,na,['sudden'],1,1,1,0,gradual_start,[],[],3060,0.1,306,0,0,0
1051,log_200_1708942781.xes,0.3,na,['sudden'],1,1,1,0,gradual_end,[],[],3060,0.1,306,0,0,0
1052,log_87_1708942782.xes,0.0,na,[],0,0,0,0,no_drift,[0],[0],2382,0.1,238,1,0,1
1053,log_87_1708942782.xes,0.0,na,[],0,0,0,0,sudden,[],[],2382,0.1,238,0,0,0
1054,log_87_1708942782.xes,0.0,na,[],0,0,0,0,gradual_start,[],[],2382,0.1,238,0,0,0
1055,log_87_1708942782.xes,0.0,na,[],0,0,0,0,gradual_end,[],[],2382,0.1,238,0,0,0
1056,log_391_1708942779.xes,0.0,na,"['sudden', 'gradual']",2,3,1,1,no_drift,[],[0],4117,0.1,411,0,1,0
1057,log_391_1708942779.xes,0.0,na,"['sudden', 'gradual']",2,3,1,1,sudden,[1080],[],4117,0.1,411,0,0,1
1058,log_391_1708942779.xes,0.0,na,"['sudden', 'gradual']",2,3,1,1,gradual_start,[2658],[],4117,0.1,411,0,0,1
1059,log_391_1708942779.xes,0.0,na,"['sudden', 'gradual']",2,3,1,1,gradual_end,[2962],[],4117,0.1,411,0,0,1
1060,log_355_1708942781.xes,0.0,na,['sudden'],1,1,1,0,no_drift,[],[],3227,0.1,322,0,0,0
1061,log_355_1708942781.xes,0.0,na,['sudden'],1,1,1,0,sudden,[1959],[1953],3227,0.1,322,1,0,1
1062,log_355_1708942781.xes,0.0,na,['sudden'],1,1,1,0,gradual_start,[],[],3227,0.1,322,0,0,0
1063,log_355_1708942781.xes,0.0,na,['sudden'],1,1,1,0,gradual_end,[],[],3227,0.1,322,0,0,0
1064,log_164_1708942773.xes,0.0,na,"['sudden', 'gradual', 'gradual']",3,5,1,2,no_drift,[],[],6972,0.1,697,0,0,0
1065,log_164_1708942773.xes,0.0,na,"['sudden', 'gradual', 'gradual']",3,5,1,2,sudden,[1146],[1123],6972,0.1,697,1,0,1
1066,log_164_1708942773.xes,0.0,na,"['sudden', 'gradual', 'gradual']",3,5,1,2,gradual_start,"[2973, 4622]",[4591],6972,0.1,697,1,0,2
1067,log_164_1708942773.xes,0.0,na,"['sudden', 'gradual', 'gradual']",3,5,1,2,gradual_end,"[3513, 5092]",[5101],6972,0.1,697,1,0,2
1068,log_890_1708942784.xes,0.0,na,[],0,0,0,0,no_drift,[0],[0],1039,0.1,103,1,0,1
1069,log_890_1708942784.xes,0.0,na,[],0,0,0,0,sudden,[],[],1039,0.1,103,0,0,0
1070,log_890_1708942784.xes,0.0,na,[],0,0,0,0,gradual_start,[],[],1039,0.1,103,0,0,0
1071,log_890_1708942784.xes,0.0,na,[],0,0,0,0,gradual_end,[],[],1039,0.1,103,0,0,0
1072,log_620_1708942781.xes,0.6,na,[],0,0,0,0,no_drift,[0],[0],2168,0.1,216,1,0,1
1073,log_620_1708942781.xes,0.6,na,[],0,0,0,0,sudden,[],[],2168,0.1,216,0,0,0
1074,log_620_1708942781.xes,0.6,na,[],0,0,0,0,gradual_start,[],[],2168,0.1,216,0,0,0
1075,log_620_1708942781.xes,0.6,na,[],0,0,0,0,gradual_end,[],[],2168,0.1,216,0,0,0
1076,log_356_1708942784.xes,0.0,na,[],0,0,0,0,no_drift,[0],[0],4340,0.1,434,1,0,1
1077,log_356_1708942784.xes,0.0,na,[],0,0,0,0,sudden,[],[],4340,0.1,434,0,0,0
1078,log_356_1708942784.xes,0.0,na,[],0,0,0,0,gradual_start,[],[],4340,0.1,434,0,0,0
1079,log_356_1708942784.xes,0.0,na,[],0,0,0,0,gradual_end,[],[],4340,0.1,434,0,0,0
1080,log_124_1708942780.xes,0.0,na,"['sudden', 'gradual', 'sudden']",3,4,2,1,no_drift,[],[],5958,0.1,595,0,0,0
1081,log_124_1708942780.xes,0.0,na,"['sudden', 'gradual', 'sudden']",3,4,2,1,sudden,"[1338, 4688]",[1306],5958,0.1,595,1,0,2
1082,log_124_1708942780.xes,0.0,na,"['sudden', 'gradual', 'sudden']",3,4,2,1,gradual_start,[2575],[2553],5958,0.1,595,1,0,1
1083,log_124_1708942780.xes,0.0,na,"['sudden', 'gradual', 'sudden']",3,4,2,1,gradual_end,[3162],[3133],5958,0.1,595,1,0,1
1084,log_546_1708942777.xes,0.0,na,['sudden'],1,1,1,0,no_drift,[],[],3779,0.1,377,0,0,0
1085,log_546_1708942777.xes,0.0,na,['sudden'],1,1,1,0,sudden,[1892],[1873],3779,0.1,377,1,0,1
1086,log_546_1708942777.xes,0.0,na,['sudden'],1,1,1,0,gradual_start,[],[],3779,0.1,377,0,0,0
1087,log_546_1708942777.xes,0.0,na,['sudden'],1,1,1,0,gradual_end,[],[],3779,0.1,377,0,0,0
1088,log_889_1708942781.xes,0.0,na,"['gradual', 'sudden']",2,3,1,1,no_drift,[],[],4818,0.1,481,0,0,0
1089,log_889_1708942781.xes,0.0,na,"['gradual', 'sudden']",2,3,1,1,sudden,[3326],[3313],4818,0.1,481,1,0,1
1090,log_889_1708942781.xes,0.0,na,"['gradual', 'sudden']",2,3,1,1,gradual_start,[1376],[1345],4818,0.1,481,1,0,1
1091,log_889_1708942781.xes,0.0,na,"['gradual', 'sudden']",2,3,1,1,gradual_end,[1783],[1801],4818,0.1,481,1,0,1
1092,log_431_1708942780.xes,0.3,na,"['sudden', 'gradual']",2,3,1,1,no_drift,[],[],4380,0.1,438,0,0,0
1093,log_431_1708942780.xes,0.3,na,"['sudden', 'gradual']",2,3,1,1,sudden,[1424],[1408],4380,0.1,438,1,0,1
1094,log_431_1708942780.xes,0.3,na,"['sudden', 'gradual']",2,3,1,1,gradual_start,[2542],[2542],4380,0.1,438,1,0,1
1095,log_431_1708942780.xes,0.3,na,"['sudden', 'gradual']",2,3,1,1,gradual_end,[2992],[3004],4380,0.1,438,1,0,1
1096,log_432_1708942785.xes,0.0,na,[],0,0,0,0,no_drift,[0],[0],1264,0.1,126,1,0,1
1097,log_432_1708942785.xes,0.0,na,[],0,0,0,0,sudden,[],[],1264,0.1,126,0,0,0
1098,log_432_1708942785.xes,0.0,na,[],0,0,0,0,gradual_start,[],[],1264,0.1,126,0,0,0
1099,log_432_1708942785.xes,0.0,na,[],0,0,0,0,gradual_end,[],[],1264,0.1,126,0,0,0
1100,log_769_1708942776.xes,0.6,na,"['sudden', 'sudden']",2,2,2,0,no_drift,[],[],5596,0.1,559,0,0,0
1101,log_769_1708942776.xes,0.6,na,"['sudden', 'sudden']",2,2,2,0,sudden,"[1997, 3682]","[1972, 3673]",5596,0.1,559,2,0,2
1102,log_769_1708942776.xes,0.6,na,"['sudden', 'sudden']",2,2,2,0,gradual_start,[],[],5596,0.1,559,0,0,0
1103,log_769_1708942776.xes,0.6,na,"['sudden', 'sudden']",2,2,2,0,gradual_end,[],[],5596,0.1,559,0,0,0
1104,log_238_1708942783.xes,0.3,na,[],0,0,0,0,no_drift,[0],[0],1436,0.1,143,1,0,1
1105,log_238_1708942783.xes,0.3,na,[],0,0,0,0,sudden,[],[],1436,0.1,143,0,0,0
1106,log_238_1708942783.xes,0.3,na,[],0,0,0,0,gradual_start,[],[],1436,0.1,143,0,0,0
1107,log_238_1708942783.xes,0.3,na,[],0,0,0,0,gradual_end,[],[],1436,0.1,143,0,0,0
1108,log_125_1708942783.xes,0.0,na,[],0,0,0,0,no_drift,[0],[0],3360,0.1,336,1,0,1
1109,log_125_1708942783.xes,0.0,na,[],0,0,0,0,sudden,[],[],3360,0.1,336,0,0,0
1110,log_125_1708942783.xes,0.0,na,[],0,0,0,0,gradual_start,[],[],3360,0.1,336,0,0,0
1111,log_125_1708942783.xes,0.0,na,[],0,0,0,0,gradual_end,[],[],3360,0.1,336,0,0,0
1112,log_928_1708942780.xes,0.0,na,"['sudden', 'gradual']",2,3,1,1,no_drift,[],[],5157,0.1,515,0,0,0
1113,log_928_1708942780.xes,0.0,na,"['sudden', 'gradual']",2,3,1,1,sudden,[1410],[1401],5157,0.1,515,1,0,1
1114,log_928_1708942780.xes,0.0,na,"['sudden', 'gradual']",2,3,1,1,gradual_start,[3271],[],5157,0.1,515,0,0,1
1115,log_928_1708942780.xes,0.0,na,"['sudden', 'gradual']",2,3,1,1,gradual_end,[3853],[],5157,0.1,515,0,0,1
1116,log_693_1708942782.xes,0.3,na,['sudden'],1,1,1,0,no_drift,[],[],2324,0.1,232,0,0,0
1117,log_693_1708942782.xes,0.3,na,['sudden'],1,1,1,0,sudden,[1317],[1310],2324,0.1,232,1,0,1
1118,log_693_1708942782.xes,0.3,na,['sudden'],1,1,1,0,gradual_start,[],[],2324,0.1,232,0,0,0
1119,log_693_1708942782.xes,0.3,na,['sudden'],1,1,1,0,gradual_end,[],[],2324,0.1,232,0,0,0
1120,log_49_1708942786.xes,0.0,na,[],0,0,0,0,no_drift,[0],[0],1439,0.1,143,1,0,1
1121,log_49_1708942786.xes,0.0,na,[],0,0,0,0,sudden,[],[],1439,0.1,143,0,0,0
1122,log_49_1708942786.xes,0.0,na,[],0,0,0,0,gradual_start,[],[],1439,0.1,143,0,0,0
1123,log_49_1708942786.xes,0.0,na,[],0,0,0,0,gradual_end,[],[],1439,0.1,143,0,0,0
1124,log_278_1708942781.xes,0.0,na,"['sudden', 'sudden', 'gradual']",3,4,2,1,no_drift,[],[],6656,0.1,665,0,0,0
1125,log_278_1708942781.xes,0.0,na,"['sudden', 'sudden', 'gradual']",3,4,2,1,sudden,"[1518, 2867]","[2839, 1486]",6656,0.1,665,2,0,2
1126,log_278_1708942781.xes,0.0,na,"['sudden', 'sudden', 'gradual']",3,4,2,1,gradual_start,[4622],[4621],6656,0.1,665,1,0,1
1127,log_278_1708942781.xes,0.0,na,"['sudden', 'sudden', 'gradual']",3,4,2,1,gradual_end,[5169],[5182],6656,0.1,665,1,0,1
1128,log_88_1708942783.xes,0.0,na,"['sudden', 'sudden', 'sudden']",3,3,3,0,no_drift,[],[],5374,0.1,537,0,0,0
1129,log_88_1708942783.xes,0.0,na,"['sudden', 'sudden', 'sudden']",3,3,3,0,sudden,"[1162, 2213, 3854]","[3823, 2185, 1145]",5374,0.1,537,3,0,3
1130,log_88_1708942783.xes,0.0,na,"['sudden', 'sudden', 'sudden']",3,3,3,0,gradual_start,[],[],5374,0.1,537,0,0,0
1131,log_88_1708942783.xes,0.0,na,"['sudden', 'sudden', 'sudden']",3,3,3,0,gradual_end,[],[],5374,0.1,537,0,0,0
1132,log_929_1708942785.xes,0.0,na,['sudden'],1,1,1,0,no_drift,[],[],2910,0.1,291,0,0,0
1133,log_929_1708942785.xes,0.0,na,['sudden'],1,1,1,0,sudden,[1805],[1793],2910,0.1,291,1,0,1
1134,log_929_1708942785.xes,0.0,na,['sudden'],1,1,1,0,gradual_start,[],[],2910,0.1,291,0,0,0
1135,log_929_1708942785.xes,0.0,na,['sudden'],1,1,1,0,gradual_end,[],[],2910,0.1,291,0,0,0
1136,log_48_1708942782.xes,0.0,na,"['gradual', 'sudden']",2,3,1,1,no_drift,[],[],4947,0.1,494,0,0,0
1137,log_48_1708942782.xes,0.0,na,"['gradual', 'sudden']",2,3,1,1,sudden,[3635],[3601],4947,0.1,494,1,0,1
1138,log_48_1708942782.xes,0.0,na,"['gradual', 'sudden']",2,3,1,1,gradual_start,[1318],[],4947,0.1,494,0,0,1
1139,log_48_1708942782.xes,0.0,na,"['gradual', 'sudden']",2,3,1,1,gradual_end,[1709],[],4947,0.1,494,0,0,1
1140,log_126_1708942785.xes,0.6,na,['sudden'],1,1,1,0,no_drift,[],[],2834,0.1,283,0,0,0
1141,log_126_1708942785.xes,0.6,na,['sudden'],1,1,1,0,sudden,[1421],[1401],2834,0.1,283,1,0,1
1142,log_126_1708942785.xes,0.6,na,['sudden'],1,1,1,0,gradual_start,[],[],2834,0.1,283,0,0,0
1143,log_126_1708942785.xes,0.6,na,['sudden'],1,1,1,0,gradual_end,[],[],2834,0.1,283,0,0,0
1144,log_507_1708942783.xes,0.0,na,"['gradual', 'sudden']",2,3,1,1,no_drift,[],[],4376,0.1,437,0,0,0
1145,log_507_1708942783.xes,0.0,na,"['gradual', 'sudden']",2,3,1,1,sudden,[2796],[2773],4376,0.1,437,1,0,1
1146,log_507_1708942783.xes,0.0,na,"['gradual', 'sudden']",2,3,1,1,gradual_start,[1058],[1051],4376,0.1,437,1,0,1
1147,log_507_1708942783.xes,0.0,na,"['gradual', 'sudden']",2,3,1,1,gradual_end,[1586],[1576],4376,0.1,437,1,0,1
1148,log_806_1708942780.xes,0.0,na,"['sudden', 'gradual']",2,3,1,1,no_drift,[],[],5243,0.1,524,0,0,0
1149,log_806_1708942780.xes,0.0,na,"['sudden', 'gradual']",2,3,1,1,sudden,[1707],[1665],5243,0.1,524,1,0,1
1150,log_806_1708942780.xes,0.0,na,"['sudden', 'gradual']",2,3,1,1,gradual_start,[3261],[3251],5243,0.1,524,1,0,1
1151,log_806_1708942780.xes,0.0,na,"['sudden', 'gradual']",2,3,1,1,gradual_end,[3803],[3771],5243,0.1,524,1,0,1
1152,log_930_1708942787.xes,0.0,na,['gradual'],1,2,0,1,no_drift,[],[],3638,0.1,363,0,0,0
1153,log_930_1708942787.xes,0.0,na,['gradual'],1,2,0,1,sudden,[],[],3638,0.1,363,0,0,0
1154,log_930_1708942787.xes,0.0,na,['gradual'],1,2,0,1,gradual_start,[1504],[1459],3638,0.1,363,1,0,1
1155,log_930_1708942787.xes,0.0,na,['gradual'],1,2,0,1,gradual_end,[2083],[2035],3638,0.1,363,1,0,1
1156,log_279_1708942785.xes,0.0,na,"['sudden', 'sudden']",2,2,2,0,no_drift,[],[],4993,0.1,499,0,0,0
1157,log_279_1708942785.xes,0.0,na,"['sudden', 'sudden']",2,2,2,0,sudden,"[1981, 3078]","[1945, 3073]",4993,0.1,499,2,0,2
1158,log_279_1708942785.xes,0.0,na,"['sudden', 'sudden']",2,2,2,0,gradual_start,[],[],4993,0.1,499,0,0,0
1159,log_279_1708942785.xes,0.0,na,"['sudden', 'sudden']",2,2,2,0,gradual_end,[],[],4993,0.1,499,0,0,0
1160,log_733_1708942775.xes,0.0,na,"['sudden', 'sudden', 'sudden']",3,3,3,0,no_drift,[],[],6752,0.1,675,0,0,0
1161,log_733_1708942775.xes,0.0,na,"['sudden', 'sudden', 'sudden']",3,3,3,0,sudden,"[1664, 2979, 4975]","[2971, 4951]",6752,0.1,675,2,0,3
1162,log_733_1708942775.xes,0.0,na,"['sudden', 'sudden', 'sudden']",3,3,3,0,gradual_start,[],[],6752,0.1,675,0,0,0
1163,log_733_1708942775.xes,0.0,na,"['sudden', 'sudden', 'sudden']",3,3,3,0,gradual_end,[],[],6752,0.1,675,0,0,0
1164,log_433_1708942786.xes,0.0,na,['gradual'],1,2,0,1,no_drift,[],[],3124,0.1,312,0,0,0
1165,log_433_1708942786.xes,0.0,na,['gradual'],1,2,0,1,sudden,[],[],3124,0.1,312,0,0,0
1166,log_433_1708942786.xes,0.0,na,['gradual'],1,2,0,1,gradual_start,[1338],[1336],3124,0.1,312,1,0,1
1167,log_433_1708942786.xes,0.0,na,['gradual'],1,2,0,1,gradual_end,[1819],[1831],3124,0.1,312,1,0,1
1168,log_846_1708942782.xes,0.0,na,['gradual'],1,2,0,1,no_drift,[],[],3630,0.1,363,0,0,0
1169,log_846_1708942782.xes,0.0,na,['gradual'],1,2,0,1,sudden,[],[],3630,0.1,363,0,0,0
1170,log_846_1708942782.xes,0.0,na,['gradual'],1,2,0,1,gradual_start,[1975],[1963],3630,0.1,363,1,0,1
1171,log_846_1708942782.xes,0.0,na,['gradual'],1,2,0,1,gradual_end,[2559],[2557],3630,0.1,363,1,0,1
1172,log_621_1708942784.xes,0.0,na,[],0,0,0,0,no_drift,[0],[0],4520,0.1,452,1,0,1
1173,log_621_1708942784.xes,0.0,na,[],0,0,0,0,sudden,[],[],4520,0.1,452,0,0,0
1174,log_621_1708942784.xes,0.0,na,[],0,0,0,0,gradual_start,[],[],4520,0.1,452,0,0,0
1175,log_621_1708942784.xes,0.0,na,[],0,0,0,0,gradual_end,[],[],4520,0.1,452,0,0,0
1176,log_770_1708942785.xes,0.0,na,"['gradual', 'gradual']",2,4,0,2,no_drift,[],[],5628,0.1,562,0,0,0
1177,log_770_1708942785.xes,0.0,na,"['gradual', 'gradual']",2,4,0,2,sudden,[],[],5628,0.1,562,0,0,0
1178,log_770_1708942785.xes,0.0,na,"['gradual', 'gradual']",2,4,0,2,gradual_start,"[1843, 3550]",[3529],5628,0.1,562,1,0,2
1179,log_770_1708942785.xes,0.0,na,"['gradual', 'gradual']",2,4,0,2,gradual_end,"[2255, 4050]",[4033],5628,0.1,562,1,0,2
1180,log_316_1708942788.xes,0.3,na,['gradual'],1,2,0,1,no_drift,[],[],3622,0.1,362,0,0,0
1181,log_316_1708942788.xes,0.3,na,['gradual'],1,2,0,1,sudden,[],[],3622,0.1,362,0,0,0
1182,log_316_1708942788.xes,0.3,na,['gradual'],1,2,0,1,gradual_start,[1792],[1711],3622,0.1,362,1,0,1
1183,log_316_1708942788.xes,0.3,na,['gradual'],1,2,0,1,gradual_end,[2372],[2413],3622,0.1,362,1,0,1
1184,log_315_1708942783.xes,0.0,na,"['sudden', 'gradual', 'gradual']",3,5,1,2,no_drift,[],[],6106,0.1,610,0,0,0
1185,log_315_1708942783.xes,0.0,na,"['sudden', 'gradual', 'gradual']",3,5,1,2,sudden,[1044],[991],6106,0.1,610,1,0,1
1186,log_315_1708942783.xes,0.0,na,"['sudden', 'gradual', 'gradual']",3,5,1,2,gradual_start,"[2095, 4170]",[],6106,0.1,610,0,0,2
1187,log_315_1708942783.xes,0.0,na,"['sudden', 'gradual', 'gradual']",3,5,1,2,gradual_end,"[2473, 4643]",[],6106,0.1,610,0,0,2
1188,log_508_1708942786.xes,0.3,na,[],0,0,0,0,no_drift,[0],[0],3010,0.1,301,1,0,1
1189,log_508_1708942786.xes,0.3,na,[],0,0,0,0,sudden,[],[],3010,0.1,301,0,0,0
1190,log_508_1708942786.xes,0.3,na,[],0,0,0,0,gradual_start,[],[],3010,0.1,301,0,0,0
1191,log_508_1708942786.xes,0.3,na,[],0,0,0,0,gradual_end,[],[],3010,0.1,301,0,0,0
1192,log_581_1708942783.xes,0.0,na,"['sudden', 'sudden', 'gradual']",3,4,2,1,no_drift,[],[],7484,0.1,748,0,0,0
1193,log_581_1708942783.xes,0.0,na,"['sudden', 'sudden', 'gradual']",3,4,2,1,sudden,"[1801, 3612]","[3590, 1777]",7484,0.1,748,2,0,2
1194,log_581_1708942783.xes,0.0,na,"['sudden', 'sudden', 'gradual']",3,4,2,1,gradual_start,[5231],[],7484,0.1,748,0,0,1
1195,log_581_1708942783.xes,0.0,na,"['sudden', 'sudden', 'gradual']",3,4,2,1,gradual_end,[5548],[],7484,0.1,748,0,0,1
1196,log_201_1708942783.xes,0.3,na,"['gradual', 'sudden', 'sudden']",3,4,2,1,no_drift,[],[],6471,0.1,647,0,0,0
1197,log_201_1708942783.xes,0.3,na,"['gradual', 'sudden', 'sudden']",3,4,2,1,sudden,"[3034, 4636]","[4609, 3009]",6471,0.1,647,2,0,2
1198,log_201_1708942783.xes,0.3,na,"['gradual', 'sudden', 'sudden']",3,4,2,1,gradual_start,[1339],[1313],6471,0.1,647,1,0,1
1199,log_201_1708942783.xes,0.3,na,"['gradual', 'sudden', 'sudden']",3,4,2,1,gradual_end,[1756],[1697],6471,0.1,647,1,0,1
1200,log_891_1708942785.xes,0.0,na,"['sudden', 'sudden']",2,2,2,0,no_drift,[],[],5182,0.1,518,0,0,0
1201,log_891_1708942785.xes,0.0,na,"['sudden', 'sudden']",2,2,2,0,sudden,"[1916, 3847]","[1876, 3826]",5182,0.1,518,2,0,2
1202,log_891_1708942785.xes,0.0,na,"['sudden', 'sudden']",2,2,2,0,gradual_start,[],[],5182,0.1,518,0,0,0
1203,log_891_1708942785.xes,0.0,na,"['sudden', 'sudden']",2,2,2,0,gradual_end,[],[],5182,0.1,518,0,0,0
1204,log_89_1708942786.xes,0.0,na,[],0,0,0,0,no_drift,[0],[0],5670,0.1,567,1,0,1
1205,log_89_1708942786.xes,0.0,na,[],0,0,0,0,sudden,[],[],5670,0.1,567,0,0,0
1206,log_89_1708942786.xes,0.0,na,[],0,0,0,0,gradual_start,[],[],5670,0.1,567,0,0,0
1207,log_89_1708942786.xes,0.0,na,[],0,0,0,0,gradual_end,[],[],5670,0.1,567,0,0,0
1208,log_280_1708942788.xes,0.3,na,['sudden'],1,1,1,0,no_drift,[],[],2256,0.1,225,0,0,0
1209,log_280_1708942788.xes,0.3,na,['sudden'],1,1,1,0,sudden,[1017],[1002],2256,0.1,225,1,0,1
1210,log_280_1708942788.xes,0.3,na,['sudden'],1,1,1,0,gradual_start,[],[],2256,0.1,225,0,0,0
1211,log_280_1708942788.xes,0.3,na,['sudden'],1,1,1,0,gradual_end,[],[],2256,0.1,225,0,0,0
1212,log_393_1708942791.xes,0.0,na,[],0,0,0,0,no_drift,[0],[0],1566,0.1,156,1,0,1
1213,log_393_1708942791.xes,0.0,na,[],0,0,0,0,sudden,[],[],1566,0.1,156,0,0,0
1214,log_393_1708942791.xes,0.0,na,[],0,0,0,0,gradual_start,[],[],1566,0.1,156,0,0,0
1215,log_393_1708942791.xes,0.0,na,[],0,0,0,0,gradual_end,[],[],1566,0.1,156,0,0,0
1216,log_622_1708942788.xes,0.6,na,['gradual'],1,2,0,1,no_drift,[],[],3125,0.1,312,0,0,0
1217,log_622_1708942788.xes,0.6,na,['gradual'],1,2,0,1,sudden,[],[],3125,0.1,312,0,0,0
1218,log_622_1708942788.xes,0.6,na,['gradual'],1,2,0,1,gradual_start,[1573],[1576],3125,0.1,312,1,0,1
1219,log_622_1708942788.xes,0.6,na,['gradual'],1,2,0,1,gradual_end,[2016],[2026],3125,0.1,312,1,0,1
1220,log_847_1708942788.xes,0.0,na,['sudden'],1,1,1,0,no_drift,[],[],3278,0.1,327,0,0,0
1221,log_847_1708942788.xes,0.0,na,['sudden'],1,1,1,0,sudden,[1816],[1809],3278,0.1,327,1,0,1
1222,log_847_1708942788.xes,0.0,na,['sudden'],1,1,1,0,gradual_start,[],[],3278,0.1,327,0,0,0
1223,log_847_1708942788.xes,0.0,na,['sudden'],1,1,1,0,gradual_end,[],[],3278,0.1,327,0,0,0
1224,log_434_1708942788.xes,0.6,na,['gradual'],1,2,0,1,no_drift,[],[],3267,0.1,326,0,0,0
1225,log_434_1708942788.xes,0.6,na,['gradual'],1,2,0,1,sudden,[],[],3267,0.1,326,0,0,0
1226,log_434_1708942788.xes,0.6,na,['gradual'],1,2,0,1,gradual_start,[1559],[1553],3267,0.1,326,1,0,1
1227,log_434_1708942788.xes,0.6,na,['gradual'],1,2,0,1,gradual_end,[2013],[2017],3267,0.1,326,1,0,1
1228,log_509_1708942789.xes,0.3,na,[],0,0,0,0,no_drift,[0],[0],1257,0.1,125,1,0,1
1229,log_509_1708942789.xes,0.3,na,[],0,0,0,0,sudden,[],[],1257,0.1,125,0,0,0
1230,log_509_1708942789.xes,0.3,na,[],0,0,0,0,gradual_start,[],[],1257,0.1,125,0,0,0
1231,log_509_1708942789.xes,0.3,na,[],0,0,0,0,gradual_end,[],[],1257,0.1,125,0,0,0
1232,log_771_1708942789.xes,0.3,na,"['sudden', 'gradual']",2,3,1,1,no_drift,[],[],4217,0.1,421,0,0,0
1233,log_771_1708942789.xes,0.3,na,"['sudden', 'gradual']",2,3,1,1,sudden,[1139],[1114],4217,0.1,421,1,0,1
1234,log_771_1708942789.xes,0.3,na,"['sudden', 'gradual']",2,3,1,1,gradual_start,[2199],[2185],4217,0.1,421,1,0,1
1235,log_771_1708942789.xes,0.3,na,"['sudden', 'gradual']",2,3,1,1,gradual_end,[2719],[2689],4217,0.1,421,1,0,1
1236,log_468_1708942782.xes,0.6,na,"['sudden', 'sudden', 'gradual']",3,4,2,1,no_drift,[],[],5989,0.1,598,0,0,0
1237,log_468_1708942782.xes,0.6,na,"['sudden', 'sudden', 'gradual']",3,4,2,1,sudden,"[1064, 2695]","[1045, 2669]",5989,0.1,598,2,0,2
1238,log_468_1708942782.xes,0.6,na,"['sudden', 'sudden', 'gradual']",3,4,2,1,gradual_start,[4245],[4235],5989,0.1,598,1,0,1
1239,log_468_1708942782.xes,0.6,na,"['sudden', 'sudden', 'gradual']",3,4,2,1,gradual_end,[4594],[4583],5989,0.1,598,1,0,1
1240,log_165_1708942784.xes,0.0,na,[],0,0,0,0,no_drift,[0],[0],7912,0.1,791,1,0,1
1241,log_165_1708942784.xes,0.0,na,[],0,0,0,0,sudden,[],[],7912,0.1,791,0,0,0
1242,log_165_1708942784.xes,0.0,na,[],0,0,0,0,gradual_start,[],[],7912,0.1,791,0,0,0
1243,log_165_1708942784.xes,0.0,na,[],0,0,0,0,gradual_end,[],[],7912,0.1,791,0,0,0
1244,log_807_1708942785.xes,0.0,na,"['sudden', 'gradual', 'gradual']",3,5,1,2,no_drift,[],[],6081,0.1,608,0,0,0
1245,log_807_1708942785.xes,0.0,na,"['sudden', 'gradual', 'gradual']",3,5,1,2,sudden,[1408],[1381],6081,0.1,608,1,0,1
1246,log_807_1708942785.xes,0.0,na,"['sudden', 'gradual', 'gradual']",3,5,1,2,gradual_start,"[2659, 4559]",[],6081,0.1,608,0,0,2
1247,log_807_1708942785.xes,0.0,na,"['sudden', 'gradual', 'gradual']",3,5,1,2,gradual_end,"[3165, 5024]",[],6081,0.1,608,0,0,2
1248,log_734_1708942786.xes,0.0,na,[],0,0,0,0,no_drift,[0],[0],5316,0.1,531,1,0,1
1249,log_734_1708942786.xes,0.0,na,[],0,0,0,0,sudden,[],[],5316,0.1,531,0,0,0
1250,log_734_1708942786.xes,0.0,na,[],0,0,0,0,gradual_start,[],[],5316,0.1,531,0,0,0
1251,log_734_1708942786.xes,0.0,na,[],0,0,0,0,gradual_end,[],[],5316,0.1,531,0,0,0
1252,log_166_1708942789.xes,0.0,na,"['sudden', 'gradual']",2,3,1,1,no_drift,[],[],4361,0.1,436,0,0,0
1253,log_166_1708942789.xes,0.0,na,"['sudden', 'gradual']",2,3,1,1,sudden,[1321],[1303],4361,0.1,436,1,0,1
1254,log_166_1708942789.xes,0.0,na,"['sudden', 'gradual']",2,3,1,1,gradual_start,[2496],[2479],4361,0.1,436,1,0,1
1255,log_166_1708942789.xes,0.0,na,"['sudden', 'gradual']",2,3,1,1,gradual_end,[3065],[3046],4361,0.1,436,1,0,1
1256,log_694_1708942786.xes,0.6,na,"['sudden', 'sudden', 'gradual']",3,4,2,1,no_drift,[],[],5804,0.1,580,0,0,0
1257,log_694_1708942786.xes,0.6,na,"['sudden', 'sudden', 'gradual']",3,4,2,1,sudden,"[1520, 2904]","[2872, 1509]",5804,0.1,580,2,0,2
1258,log_694_1708942786.xes,0.6,na,"['sudden', 'sudden', 'gradual']",3,4,2,1,gradual_start,[4172],[4177],5804,0.1,580,1,0,1
1259,log_694_1708942786.xes,0.6,na,"['sudden', 'sudden', 'gradual']",3,4,2,1,gradual_end,[4661],[4612],5804,0.1,580,1,0,1
1260,log_435_1708942791.xes,0.3,na,['sudden'],1,1,1,0,no_drift,[],[],2735,0.1,273,0,0,0
1261,log_435_1708942791.xes,0.3,na,['sudden'],1,1,1,0,sudden,[1275],[1262],2735,0.1,273,1,0,1
1262,log_435_1708942791.xes,0.3,na,['sudden'],1,1,1,0,gradual_start,[],[],2735,0.1,273,0,0,0
1263,log_435_1708942791.xes,0.3,na,['sudden'],1,1,1,0,gradual_end,[],[],2735,0.1,273,0,0,0
1264,log_547_1708942783.xes,0.6,na,"['gradual', 'gradual']",2,4,0,2,no_drift,[],[],5414,0.1,541,0,0,0
1265,log_547_1708942783.xes,0.6,na,"['gradual', 'gradual']",2,4,0,2,sudden,[],[],5414,0.1,541,0,0,0
1266,log_547_1708942783.xes,0.6,na,"['gradual', 'gradual']",2,4,0,2,gradual_start,"[1061, 3013]",[1027],5414,0.1,541,1,0,2
1267,log_547_1708942783.xes,0.6,na,"['gradual', 'gradual']",2,4,0,2,gradual_end,"[1509, 3474]",[1513],5414,0.1,541,1,0,2
1268,log_392_1708942783.xes,0.0,na,[],0,0,0,0,no_drift,[0],[0],6100,0.1,610,1,0,1
1269,log_392_1708942783.xes,0.0,na,[],0,0,0,0,sudden,[],[],6100,0.1,610,0,0,0
1270,log_392_1708942783.xes,0.0,na,[],0,0,0,0,gradual_start,[],[],6100,0.1,610,0,0,0
1271,log_392_1708942783.xes,0.0,na,[],0,0,0,0,gradual_end,[],[],6100,0.1,610,0,0,0
1272,log_127_1708942788.xes,0.6,na,[],0,0,0,0,no_drift,[0],[0],3650,0.1,365,1,0,1
1273,log_127_1708942788.xes,0.6,na,[],0,0,0,0,sudden,[],[],3650,0.1,365,0,0,0
1274,log_127_1708942788.xes,0.6,na,[],0,0,0,0,gradual_start,[],[],3650,0.1,365,0,0,0
1275,log_127_1708942788.xes,0.6,na,[],0,0,0,0,gradual_end,[],[],3650,0.1,365,0,0,0
1276,log_281_1708942790.xes,0.0,na,['sudden'],1,1,1,0,no_drift,[],[],3242,0.1,324,0,0,0
1277,log_281_1708942790.xes,0.0,na,['sudden'],1,1,1,0,sudden,[1378],[1361],3242,0.1,324,1,0,1
1278,log_281_1708942790.xes,0.0,na,['sudden'],1,1,1,0,gradual_start,[],[],3242,0.1,324,0,0,0
1279,log_281_1708942790.xes,0.0,na,['sudden'],1,1,1,0,gradual_end,[],[],3242,0.1,324,0,0,0
1280,log_167_1708942792.xes,0.0,na,['sudden'],1,1,1,0,no_drift,[],[],2702,0.1,270,0,0,0
1281,log_167_1708942792.xes,0.0,na,['sudden'],1,1,1,0,sudden,[1280],[1275],2702,0.1,270,1,0,1
1282,log_167_1708942792.xes,0.0,na,['sudden'],1,1,1,0,gradual_start,[],[],2702,0.1,270,0,0,0
1283,log_167_1708942792.xes,0.0,na,['sudden'],1,1,1,0,gradual_end,[],[],2702,0.1,270,0,0,0
1284,log_239_1708942785.xes,0.0,na,"['gradual', 'gradual', 'sudden']",3,5,1,2,no_drift,[],[],6062,0.1,606,0,0,0
1285,log_239_1708942785.xes,0.0,na,"['gradual', 'gradual', 'sudden']",3,5,1,2,sudden,[4906],[],6062,0.1,606,0,0,1
1286,log_239_1708942785.xes,0.0,na,"['gradual', 'gradual', 'sudden']",3,5,1,2,gradual_start,"[1590, 3281]",[1591],6062,0.1,606,1,0,2
1287,log_239_1708942785.xes,0.0,na,"['gradual', 'gradual', 'sudden']",3,5,1,2,gradual_end,"[2045, 3804]",[1951],6062,0.1,606,1,0,2
1288,log_582_1708942788.xes,0.3,na,['gradual'],1,2,0,1,no_drift,[],[],3037,0.1,303,0,0,0
1289,log_582_1708942788.xes,0.3,na,['gradual'],1,2,0,1,sudden,[],[],3037,0.1,303,0,0,0
1290,log_582_1708942788.xes,0.3,na,['gradual'],1,2,0,1,gradual_start,[1514],[1501],3037,0.1,303,1,0,1
1291,log_582_1708942788.xes,0.3,na,['gradual'],1,2,0,1,gradual_end,[1962],[1936],3037,0.1,303,1,0,1
1292,log_50_1708942787.xes,0.3,na,[],0,0,0,0,no_drift,[0],[0],4518,0.1,451,1,0,1
1293,log_50_1708942787.xes,0.3,na,[],0,0,0,0,sudden,[],[],4518,0.1,451,0,0,0
1294,log_50_1708942787.xes,0.3,na,[],0,0,0,0,gradual_start,[],[],4518,0.1,451,0,0,0
1295,log_50_1708942787.xes,0.3,na,[],0,0,0,0,gradual_end,[],[],4518,0.1,451,0,0,0
1296,log_656_1708942791.xes,0.0,na,[],0,0,0,0,no_drift,[0],[0],4608,0.1,460,1,0,1
1297,log_656_1708942791.xes,0.0,na,[],0,0,0,0,sudden,[],[],4608,0.1,460,0,0,0
1298,log_656_1708942791.xes,0.0,na,[],0,0,0,0,gradual_start,[],[],4608,0.1,460,0,0,0
1299,log_656_1708942791.xes,0.0,na,[],0,0,0,0,gradual_end,[],[],4608,0.1,460,0,0,0
1300,log_655_1708942773.xes,0.3,na,"['gradual', 'sudden']",2,3,1,1,no_drift,[],[],5065,0.1,506,0,0,0
1301,log_655_1708942773.xes,0.3,na,"['gradual', 'sudden']",2,3,1,1,sudden,[3776],[3751],5065,0.1,506,1,0,1
1302,log_655_1708942773.xes,0.3,na,"['gradual', 'sudden']",2,3,1,1,gradual_start,[1713],[1676],5065,0.1,506,1,0,1
1303,log_655_1708942773.xes,0.3,na,"['gradual', 'sudden']",2,3,1,1,gradual_end,[2230],[2226],5065,0.1,506,1,0,1
1304,log_695_1708942792.xes,0.0,na,['sudden'],1,1,1,0,no_drift,[],[],3145,0.1,314,0,0,0
1305,log_695_1708942792.xes,0.0,na,['sudden'],1,1,1,0,sudden,[1344],[1336],3145,0.1,314,1,0,1
1306,log_695_1708942792.xes,0.0,na,['sudden'],1,1,1,0,gradual_start,[],[],3145,0.1,314,0,0,0
1307,log_695_1708942792.xes,0.0,na,['sudden'],1,1,1,0,gradual_end,[],[],3145,0.1,314,0,0,0
1308,log_15_1708942783.xes,0.3,na,"['gradual', 'sudden', 'gradual']",3,5,1,2,no_drift,[],[],7178,0.1,717,0,0,0
1309,log_15_1708942783.xes,0.3,na,"['gradual', 'sudden', 'gradual']",3,5,1,2,sudden,[3602],[3571],7178,0.1,717,1,0,1
1310,log_15_1708942783.xes,0.3,na,"['gradual', 'sudden', 'gradual']",3,5,1,2,gradual_start,"[1914, 5503]","[1926, 5496]",7178,0.1,717,2,0,2
1311,log_15_1708942783.xes,0.3,na,"['gradual', 'sudden', 'gradual']",3,5,1,2,gradual_end,"[2283, 5844]","[2311, 5811]",7178,0.1,717,2,0,2
1312,log_735_1708942790.xes,0.0,na,"['gradual', 'gradual']",2,4,0,2,no_drift,[],[],4780,0.1,478,0,0,0
1313,log_735_1708942790.xes,0.0,na,"['gradual', 'gradual']",2,4,0,2,sudden,[],[],4780,0.1,478,0,0,0
1314,log_735_1708942790.xes,0.0,na,"['gradual', 'gradual']",2,4,0,2,gradual_start,"[1380, 3267]","[1358, 3267]",4780,0.1,478,2,0,2
1315,log_735_1708942790.xes,0.0,na,"['gradual', 'gradual']",2,4,0,2,gradual_end,"[1826, 3717]","[1818, 3727]",4780,0.1,478,2,0,2
1316,log_202_1708942791.xes,0.6,na,"['sudden', 'sudden', 'gradual']",3,4,2,1,no_drift,[],[],5558,0.1,555,0,0,0
1317,log_202_1708942791.xes,0.6,na,"['sudden', 'sudden', 'gradual']",3,4,2,1,sudden,"[1485, 2896]",[2890],5558,0.1,555,1,0,2
1318,log_202_1708942791.xes,0.6,na,"['sudden', 'sudden', 'gradual']",3,4,2,1,gradual_start,[3902],[],5558,0.1,555,0,0,1
1319,log_202_1708942791.xes,0.6,na,"['sudden', 'sudden', 'gradual']",3,4,2,1,gradual_end,[4237],[],5558,0.1,555,0,0,1
1320,log_808_1708942791.xes,0.6,na,[],0,0,0,0,no_drift,[0],[0],4148,0.1,414,1,0,1
1321,log_808_1708942791.xes,0.6,na,[],0,0,0,0,sudden,[],[],4148,0.1,414,0,0,0
1322,log_808_1708942791.xes,0.6,na,[],0,0,0,0,gradual_start,[],[],4148,0.1,414,0,0,0
1323,log_808_1708942791.xes,0.6,na,[],0,0,0,0,gradual_end,[],[],4148,0.1,414,0,0,0
1324,log_931_1708942789.xes,0.3,na,"['gradual', 'sudden']",2,3,1,1,no_drift,[],[],4682,0.1,468,0,0,0
1325,log_931_1708942789.xes,0.3,na,"['gradual', 'sudden']",2,3,1,1,sudden,[3561],[3543],4682,0.1,468,1,0,1
1326,log_931_1708942789.xes,0.3,na,"['gradual', 'sudden']",2,3,1,1,gradual_start,[1833],[1772],4682,0.1,468,1,0,1
1327,log_931_1708942789.xes,0.3,na,"['gradual', 'sudden']",2,3,1,1,gradual_end,[2176],[2186],4682,0.1,468,1,0,1
1328,log_772_1708942793.xes,0.0,na,[],0,0,0,0,no_drift,[0],[0],3254,0.1,325,1,0,1
1329,log_772_1708942793.xes,0.0,na,[],0,0,0,0,sudden,[],[],3254,0.1,325,0,0,0
1330,log_772_1708942793.xes,0.0,na,[],0,0,0,0,gradual_start,[],[],3254,0.1,325,0,0,0
1331,log_772_1708942793.xes,0.0,na,[],0,0,0,0,gradual_end,[],[],3254,0.1,325,0,0,0
1332,log_932_1708942794.xes,0.0,na,['sudden'],1,1,1,0,no_drift,[],[],3374,0.1,337,0,0,0
1333,log_932_1708942794.xes,0.0,na,['sudden'],1,1,1,0,sudden,[1950],[1937],3374,0.1,337,1,0,1
1334,log_932_1708942794.xes,0.0,na,['sudden'],1,1,1,0,gradual_start,[],[],3374,0.1,337,0,0,0
1335,log_932_1708942794.xes,0.0,na,['sudden'],1,1,1,0,gradual_end,[],[],3374,0.1,337,0,0,0
1336,log_510_1708942791.xes,0.6,na,"['sudden', 'sudden']",2,2,2,0,no_drift,[],[],4738,0.1,473,0,0,0
1337,log_510_1708942791.xes,0.6,na,"['sudden', 'sudden']",2,2,2,0,sudden,"[1742, 3252]",[3221],4738,0.1,473,1,0,2
1338,log_510_1708942791.xes,0.6,na,"['sudden', 'sudden']",2,2,2,0,gradual_start,[],[],4738,0.1,473,0,0,0
1339,log_510_1708942791.xes,0.6,na,"['sudden', 'sudden']",2,2,2,0,gradual_end,[],[],4738,0.1,473,0,0,0
1340,log_51_1708942792.xes,0.6,na,"['gradual', 'sudden']",2,3,1,1,no_drift,[],[],4782,0.1,478,0,0,0
1341,log_51_1708942792.xes,0.6,na,"['gradual', 'sudden']",2,3,1,1,sudden,[3544],[3520],4782,0.1,478,1,0,1
1342,log_51_1708942792.xes,0.6,na,"['gradual', 'sudden']",2,3,1,1,gradual_start,[1410],[1381],4782,0.1,478,1,0,1
1343,log_51_1708942792.xes,0.6,na,"['gradual', 'sudden']",2,3,1,1,gradual_end,[1881],[1887],4782,0.1,478,1,0,1
1344,log_583_1708942792.xes,0.6,na,['gradual'],1,2,0,1,no_drift,[],[],2532,0.1,253,0,0,0
1345,log_583_1708942792.xes,0.6,na,['gradual'],1,2,0,1,sudden,[],[],2532,0.1,253,0,0,0
1346,log_583_1708942792.xes,0.6,na,['gradual'],1,2,0,1,gradual_start,[1076],[1117],2532,0.1,253,1,0,1
1347,log_583_1708942792.xes,0.6,na,['gradual'],1,2,0,1,gradual_end,[1472],[1477],2532,0.1,253,1,0,1
1348,log_282_1708942794.xes,0.6,na,['sudden'],1,1,1,0,no_drift,[],[],3480,0.1,348,0,0,0
1349,log_282_1708942794.xes,0.6,na,['sudden'],1,1,1,0,sudden,[1754],[1735],3480,0.1,348,1,0,1
1350,log_282_1708942794.xes,0.6,na,['sudden'],1,1,1,0,gradual_start,[],[],3480,0.1,348,0,0,0
1351,log_282_1708942794.xes,0.6,na,['sudden'],1,1,1,0,gradual_end,[],[],3480,0.1,348,0,0,0
1352,log_892_1708942789.xes,0.0,na,"['sudden', 'gradual']",2,3,1,1,no_drift,[],[],4100,0.1,410,0,0,0
1353,log_892_1708942789.xes,0.0,na,"['sudden', 'gradual']",2,3,1,1,sudden,[1160],[1141],4100,0.1,410,1,0,1
1354,log_892_1708942789.xes,0.0,na,"['sudden', 'gradual']",2,3,1,1,gradual_start,[2446],[2441],4100,0.1,410,1,0,1
1355,log_892_1708942789.xes,0.0,na,"['sudden', 'gradual']",2,3,1,1,gradual_end,[3033],[3001],4100,0.1,410,1,0,1
1356,log_548_1708942791.xes,0.3,na,"['sudden', 'sudden']",2,2,2,0,no_drift,[],[],4738,0.1,473,0,0,0
1357,log_548_1708942791.xes,0.3,na,"['sudden', 'sudden']",2,2,2,0,sudden,"[1530, 2916]","[2899, 1519]",4738,0.1,473,2,0,2
1358,log_548_1708942791.xes,0.3,na,"['sudden', 'sudden']",2,2,2,0,gradual_start,[],[],4738,0.1,473,0,0,0
1359,log_548_1708942791.xes,0.3,na,"['sudden', 'sudden']",2,2,2,0,gradual_end,[],[],4738,0.1,473,0,0,0
1360,log_436_1708942792.xes,0.6,na,"['sudden', 'gradual']",2,3,1,1,no_drift,[],[],5016,0.1,501,0,0,0
1361,log_436_1708942792.xes,0.6,na,"['sudden', 'gradual']",2,3,1,1,sudden,[1691],[1651],5016,0.1,501,1,0,1
1362,log_436_1708942792.xes,0.6,na,"['sudden', 'gradual']",2,3,1,1,gradual_start,[2929],[2901],5016,0.1,501,1,0,1
1363,log_436_1708942792.xes,0.6,na,"['sudden', 'gradual']",2,3,1,1,gradual_end,[3388],[3401],5016,0.1,501,1,0,1
1364,log_317_1708942790.xes,0.3,na,[],0,0,0,0,no_drift,[0],[0],7336,0.1,733,1,0,1
1365,log_317_1708942790.xes,0.3,na,[],0,0,0,0,sudden,[],[],7336,0.1,733,0,0,0
1366,log_317_1708942790.xes,0.3,na,[],0,0,0,0,gradual_start,[],[],7336,0.1,733,0,0,0
1367,log_317_1708942790.xes,0.3,na,[],0,0,0,0,gradual_end,[],[],7336,0.1,733,0,0,0
1368,log_394_1708942792.xes,0.3,na,[],0,0,0,0,no_drift,[0],[0],5592,0.1,559,1,0,1
1369,log_394_1708942792.xes,0.3,na,[],0,0,0,0,sudden,[],[],5592,0.1,559,0,0,0
1370,log_394_1708942792.xes,0.3,na,[],0,0,0,0,gradual_start,[],[],5592,0.1,559,0,0,0
1371,log_394_1708942792.xes,0.3,na,[],0,0,0,0,gradual_end,[],[],5592,0.1,559,0,0,0
1372,log_203_1708942795.xes,0.3,na,[],0,0,0,0,no_drift,[0],[0],4680,0.1,468,1,0,1
1373,log_203_1708942795.xes,0.3,na,[],0,0,0,0,sudden,[],[],4680,0.1,468,0,0,0
1374,log_203_1708942795.xes,0.3,na,[],0,0,0,0,gradual_start,[],[],4680,0.1,468,0,0,0
1375,log_203_1708942795.xes,0.3,na,[],0,0,0,0,gradual_end,[],[],4680,0.1,468,0,0,0
1376,log_657_1708942793.xes,0.0,na,"['sudden', 'gradual', 'gradual']",3,5,1,2,no_drift,[],[],6508,0.1,650,0,0,0
1377,log_657_1708942793.xes,0.0,na,"['sudden', 'gradual', 'gradual']",3,5,1,2,sudden,[1130],[],6508,0.1,650,0,0,1
1378,log_657_1708942793.xes,0.0,na,"['sudden', 'gradual', 'gradual']",3,5,1,2,gradual_start,"[2826, 4907]",[4897],6508,0.1,650,1,0,2
1379,log_657_1708942793.xes,0.0,na,"['sudden', 'gradual', 'gradual']",3,5,1,2,gradual_end,"[3236, 5306]",[5281],6508,0.1,650,1,0,2
1380,log_91_1708942797.xes,0.0,na,[],0,0,0,0,no_drift,[0],[0],1480,0.1,148,1,0,1
1381,log_91_1708942797.xes,0.0,na,[],0,0,0,0,sudden,[],[],1480,0.1,148,0,0,0
1382,log_91_1708942797.xes,0.0,na,[],0,0,0,0,gradual_start,[],[],1480,0.1,148,0,0,0
1383,log_91_1708942797.xes,0.0,na,[],0,0,0,0,gradual_end,[],[],1480,0.1,148,0,0,0
1384,log_773_1708942795.xes,0.6,na,[],0,0,0,0,no_drift,[0],[0],3820,0.1,382,1,0,1
1385,log_773_1708942795.xes,0.6,na,[],0,0,0,0,sudden,[],[],3820,0.1,382,0,0,0
1386,log_773_1708942795.xes,0.6,na,[],0,0,0,0,gradual_start,[],[],3820,0.1,382,0,0,0
1387,log_773_1708942795.xes,0.6,na,[],0,0,0,0,gradual_end,[],[],3820,0.1,382,0,0,0
1388,log_848_1708942791.xes,0.6,na,"['gradual', 'sudden', 'sudden']",3,4,2,1,no_drift,[],[],6958,0.1,695,0,0,0
1389,log_848_1708942791.xes,0.6,na,"['gradual', 'sudden', 'sudden']",3,4,2,1,sudden,"[3489, 5021]",[4999],6958,0.1,695,1,0,2
1390,log_848_1708942791.xes,0.6,na,"['gradual', 'sudden', 'sudden']",3,4,2,1,gradual_start,[1360],[],6958,0.1,695,0,0,1
1391,log_848_1708942791.xes,0.6,na,"['gradual', 'sudden', 'sudden']",3,4,2,1,gradual_end,[1715],[],6958,0.1,695,0,0,1
1392,log_933_1708942796.xes,0.0,na,['sudden'],1,1,1,0,no_drift,[],[],2274,0.1,227,0,0,0
1393,log_933_1708942796.xes,0.0,na,['sudden'],1,1,1,0,sudden,[1128],[1112],2274,0.1,227,1,0,1
1394,log_933_1708942796.xes,0.0,na,['sudden'],1,1,1,0,gradual_start,[],[],2274,0.1,227,0,0,0
1395,log_933_1708942796.xes,0.0,na,['sudden'],1,1,1,0,gradual_end,[],[],2274,0.1,227,0,0,0
1396,log_170_1708942798.xes,0.3,na,[],0,0,0,0,no_drift,[0],[0],2282,0.1,228,1,0,1
1397,log_170_1708942798.xes,0.3,na,[],0,0,0,0,sudden,[],[],2282,0.1,228,0,0,0
1398,log_170_1708942798.xes,0.3,na,[],0,0,0,0,gradual_start,[],[],2282,0.1,228,0,0,0
1399,log_170_1708942798.xes,0.3,na,[],0,0,0,0,gradual_end,[],[],2282,0.1,228,0,0,0
1400,log_90_1708942790.xes,0.0,na,"['sudden', 'sudden']",2,2,2,0,no_drift,[],[],4849,0.1,484,0,0,0
1401,log_90_1708942790.xes,0.0,na,"['sudden', 'sudden']",2,2,2,0,sudden,"[1826, 3613]","[1801, 3601]",4849,0.1,484,2,0,2
1402,log_90_1708942790.xes,0.0,na,"['sudden', 'sudden']",2,2,2,0,gradual_start,[],[],4849,0.1,484,0,0,0
1403,log_90_1708942790.xes,0.0,na,"['sudden', 'sudden']",2,2,2,0,gradual_end,[],[],4849,0.1,484,0,0,0
1404,log_16_1708942793.xes,0.0,na,"['sudden', 'gradual', 'sudden']",3,4,2,1,no_drift,[],[],6842,0.1,684,0,0,0
1405,log_16_1708942793.xes,0.0,na,"['sudden', 'gradual', 'sudden']",3,4,2,1,sudden,"[1642, 5259]","[5237, 1599]",6842,0.1,684,2,0,2
1406,log_16_1708942793.xes,0.0,na,"['sudden', 'gradual', 'sudden']",3,4,2,1,gradual_start,[3056],[3027],6842,0.1,684,1,0,1
1407,log_16_1708942793.xes,0.0,na,"['sudden', 'gradual', 'sudden']",3,4,2,1,gradual_end,[3513],[3503],6842,0.1,684,1,0,1
1408,log_696_1708942794.xes,0.6,na,"['sudden', 'gradual']",2,3,1,1,no_drift,[],[],5569,0.1,556,0,0,0
1409,log_696_1708942794.xes,0.6,na,"['sudden', 'gradual']",2,3,1,1,sudden,[1988],[1945],5569,0.1,556,1,0,1
1410,log_696_1708942794.xes,0.6,na,"['sudden', 'gradual']",2,3,1,1,gradual_start,[3605],[],5569,0.1,556,0,0,1
1411,log_696_1708942794.xes,0.6,na,"['sudden', 'gradual']",2,3,1,1,gradual_end,[4027],[],5569,0.1,556,0,0,1
1412,log_168_1708942794.xes,0.3,na,"['gradual', 'gradual']",2,4,0,2,no_drift,[],[],5324,0.1,532,0,0,0
1413,log_168_1708942794.xes,0.3,na,"['gradual', 'gradual']",2,4,0,2,sudden,[],[],5324,0.1,532,0,0,0
1414,log_168_1708942794.xes,0.3,na,"['gradual', 'gradual']",2,4,0,2,gradual_start,"[1042, 3134]","[3121, 1067]",5324,0.1,532,2,0,2
1415,log_168_1708942794.xes,0.3,na,"['gradual', 'gradual']",2,4,0,2,gradual_end,"[1534, 3723]","[3667, 1561]",5324,0.1,532,2,0,2
1416,log_774_1708942798.xes,0.0,na,[],0,0,0,0,no_drift,[0],[0],2256,0.1,225,1,0,1
1417,log_774_1708942798.xes,0.0,na,[],0,0,0,0,sudden,[],[],2256,0.1,225,0,0,0
1418,log_774_1708942798.xes,0.0,na,[],0,0,0,0,gradual_start,[],[],2256,0.1,225,0,0,0
1419,log_774_1708942798.xes,0.0,na,[],0,0,0,0,gradual_end,[],[],2256,0.1,225,0,0,0
1420,log_395_1708942797.xes,0.0,na,[],0,0,0,0,no_drift,[0],[0],7464,0.1,746,1,0,1
1421,log_395_1708942797.xes,0.0,na,[],0,0,0,0,sudden,[],[],7464,0.1,746,0,0,0
1422,log_395_1708942797.xes,0.0,na,[],0,0,0,0,gradual_start,[],[],7464,0.1,746,0,0,0
1423,log_395_1708942797.xes,0.0,na,[],0,0,0,0,gradual_end,[],[],7464,0.1,746,0,0,0
1424,log_469_1708942790.xes,0.0,na,['gradual'],1,2,0,1,no_drift,[],[],3937,0.1,393,0,0,0
1425,log_469_1708942790.xes,0.0,na,['gradual'],1,2,0,1,sudden,[],[],3937,0.1,393,0,0,0
1426,log_469_1708942790.xes,0.0,na,['gradual'],1,2,0,1,gradual_start,[1682],[1654],3937,0.1,393,1,0,1
1427,log_469_1708942790.xes,0.0,na,['gradual'],1,2,0,1,gradual_end,[2026],[2053],3937,0.1,393,1,0,1
1428,log_169_1708942798.xes,0.0,na,[],0,0,0,0,no_drift,[0],[0],1291,0.1,129,1,0,1
1429,log_169_1708942798.xes,0.0,na,[],0,0,0,0,sudden,[],[],1291,0.1,129,0,0,0
1430,log_169_1708942798.xes,0.0,na,[],0,0,0,0,gradual_start,[],[],1291,0.1,129,0,0,0
1431,log_169_1708942798.xes,0.0,na,[],0,0,0,0,gradual_end,[],[],1291,0.1,129,0,0,0
1432,log_437_1708942797.xes,0.0,na,['sudden'],1,1,1,0,no_drift,[],[],2857,0.1,285,0,0,0
1433,log_437_1708942797.xes,0.0,na,['sudden'],1,1,1,0,sudden,[1730],[1695],2857,0.1,285,1,0,1
1434,log_437_1708942797.xes,0.0,na,['sudden'],1,1,1,0,gradual_start,[],[],2857,0.1,285,0,0,0
1435,log_437_1708942797.xes,0.0,na,['sudden'],1,1,1,0,gradual_end,[],[],2857,0.1,285,0,0,0
1436,log_584_1708942795.xes,0.6,na,"['sudden', 'sudden', 'sudden']",3,3,3,0,no_drift,[],[],5890,0.1,589,0,0,0
1437,log_584_1708942795.xes,0.6,na,"['sudden', 'sudden', 'sudden']",3,3,3,0,sudden,"[1836, 3059, 4799]","[1799, 3046]",5890,0.1,589,2,0,3
1438,log_584_1708942795.xes,0.6,na,"['sudden', 'sudden', 'sudden']",3,3,3,0,gradual_start,[],[],5890,0.1,589,0,0,0
1439,log_584_1708942795.xes,0.6,na,"['sudden', 'sudden', 'sudden']",3,3,3,0,gradual_end,[],[],5890,0.1,589,0,0,0
1440,log_283_1708942796.xes,0.0,na,"['gradual', 'sudden', 'sudden']",3,4,2,1,no_drift,[],[],7350,0.1,735,0,0,0
1441,log_283_1708942796.xes,0.0,na,"['gradual', 'sudden', 'sudden']",3,4,2,1,sudden,"[3622, 5578]","[5545, 3601]",7350,0.1,735,2,0,2
1442,log_283_1708942796.xes,0.0,na,"['gradual', 'sudden', 'sudden']",3,4,2,1,gradual_start,[1692],[1729],7350,0.1,735,1,0,1
1443,log_283_1708942796.xes,0.0,na,"['gradual', 'sudden', 'sudden']",3,4,2,1,gradual_end,[2225],[2269],7350,0.1,735,1,0,1
1444,log_623_1708942791.xes,0.3,na,"['gradual', 'gradual', 'sudden']",3,5,1,2,no_drift,[],[],7666,0.1,766,0,0,0
1445,log_623_1708942791.xes,0.3,na,"['gradual', 'gradual', 'sudden']",3,5,1,2,sudden,[6277],[],7666,0.1,766,0,0,1
1446,log_623_1708942791.xes,0.3,na,"['gradual', 'gradual', 'sudden']",3,5,1,2,gradual_start,"[1905, 4274]",[4219],7666,0.1,766,1,0,2
1447,log_623_1708942791.xes,0.3,na,"['gradual', 'gradual', 'sudden']",3,5,1,2,gradual_end,"[2393, 4606]",[4599],7666,0.1,766,1,0,2
1448,log_204_1708942799.xes,0.0,na,['sudden'],1,1,1,0,no_drift,[],[],3522,0.1,352,0,0,0
1449,log_204_1708942799.xes,0.0,na,['sudden'],1,1,1,0,sudden,[1548],[1531],3522,0.1,352,1,0,1
1450,log_204_1708942799.xes,0.0,na,['sudden'],1,1,1,0,gradual_start,[],[],3522,0.1,352,0,0,0
1451,log_204_1708942799.xes,0.0,na,['sudden'],1,1,1,0,gradual_end,[],[],3522,0.1,352,0,0,0
1452,log_775_1708942799.xes,0.0,na,[],0,0,0,0,no_drift,[0],[0],3596,0.1,359,1,0,1
1453,log_775_1708942799.xes,0.0,na,[],0,0,0,0,sudden,[],[],3596,0.1,359,0,0,0
1454,log_775_1708942799.xes,0.0,na,[],0,0,0,0,gradual_start,[],[],3596,0.1,359,0,0,0
1455,log_775_1708942799.xes,0.0,na,[],0,0,0,0,gradual_end,[],[],3596,0.1,359,0,0,0
1456,log_358_1708942800.xes,0.6,na,[],0,0,0,0,no_drift,[0],[0],6508,0.1,650,1,0,1
1457,log_358_1708942800.xes,0.6,na,[],0,0,0,0,sudden,[],[],6508,0.1,650,0,0,0
1458,log_358_1708942800.xes,0.6,na,[],0,0,0,0,gradual_start,[],[],6508,0.1,650,0,0,0
1459,log_358_1708942800.xes,0.6,na,[],0,0,0,0,gradual_end,[],[],6508,0.1,650,0,0,0
1460,log_549_1708942795.xes,0.0,na,"['gradual', 'sudden', 'gradual']",3,5,1,2,no_drift,[],[],6797,0.1,679,0,0,0
1461,log_549_1708942795.xes,0.0,na,"['gradual', 'sudden', 'gradual']",3,5,1,2,sudden,[3380],[],6797,0.1,679,0,0,1
1462,log_549_1708942795.xes,0.0,na,"['gradual', 'sudden', 'gradual']",3,5,1,2,gradual_start,"[1616, 4768]",[4753],6797,0.1,679,1,0,2
1463,log_549_1708942795.xes,0.0,na,"['gradual', 'sudden', 'gradual']",3,5,1,2,gradual_end,"[2049, 5243]",[5248],6797,0.1,679,1,0,2
1464,log_511_1708942795.xes,0.3,na,['gradual'],1,2,0,1,no_drift,[],[],3183,0.1,318,0,0,0
1465,log_511_1708942795.xes,0.3,na,['gradual'],1,2,0,1,sudden,[],[],3183,0.1,318,0,0,0
1466,log_511_1708942795.xes,0.3,na,['gradual'],1,2,0,1,gradual_start,[1598],[1621],3183,0.1,318,1,0,1
1467,log_511_1708942795.xes,0.3,na,['gradual'],1,2,0,1,gradual_end,[2121],[2131],3183,0.1,318,1,0,1
1468,log_171_1708942800.xes,0.0,na,[],0,0,0,0,no_drift,[0],[0],4256,0.1,425,1,0,1
1469,log_171_1708942800.xes,0.0,na,[],0,0,0,0,sudden,[],[],4256,0.1,425,0,0,0
1470,log_171_1708942800.xes,0.0,na,[],0,0,0,0,gradual_start,[],[],4256,0.1,425,0,0,0
1471,log_171_1708942800.xes,0.0,na,[],0,0,0,0,gradual_end,[],[],4256,0.1,425,0,0,0
1472,log_357_1708942785.xes,0.6,na,"['gradual', 'gradual']",2,4,0,2,no_drift,[],[],5644,0.1,564,0,0,0
1473,log_357_1708942785.xes,0.6,na,"['gradual', 'gradual']",2,4,0,2,sudden,[],[],5644,0.1,564,0,0,0
1474,log_357_1708942785.xes,0.6,na,"['gradual', 'gradual']",2,4,0,2,gradual_start,"[1918, 4148]",[1821],5644,0.1,564,1,0,2
1475,log_357_1708942785.xes,0.6,na,"['gradual', 'gradual']",2,4,0,2,gradual_end,"[2315, 4456]",[2297],5644,0.1,564,1,0,2
1476,log_512_1708942801.xes,0.0,na,['gradual'],1,2,0,1,no_drift,[],[],3477,0.1,347,0,0,0
1477,log_512_1708942801.xes,0.0,na,['gradual'],1,2,0,1,sudden,[],[],3477,0.1,347,0,0,0
1478,log_512_1708942801.xes,0.0,na,['gradual'],1,2,0,1,gradual_start,[1913],[1905],3477,0.1,347,1,0,1
1479,log_512_1708942801.xes,0.0,na,['gradual'],1,2,0,1,gradual_end,[2213],[2211],3477,0.1,347,1,0,1
1480,log_586_1708942803.xes,0.0,na,[],0,0,0,0,no_drift,[0],[0],2082,0.1,208,1,0,1
1481,log_586_1708942803.xes,0.0,na,[],0,0,0,0,sudden,[],[],2082,0.1,208,0,0,0
1482,log_586_1708942803.xes,0.0,na,[],0,0,0,0,gradual_start,[],[],2082,0.1,208,0,0,0
1483,log_586_1708942803.xes,0.0,na,[],0,0,0,0,gradual_end,[],[],2082,0.1,208,0,0,0
1484,log_129_1708942803.xes,0.0,na,[],0,0,0,0,no_drift,[0],[0],1603,0.1,160,1,0,1
1485,log_129_1708942803.xes,0.0,na,[],0,0,0,0,sudden,[],[],1603,0.1,160,0,0,0
1486,log_129_1708942803.xes,0.0,na,[],0,0,0,0,gradual_start,[],[],1603,0.1,160,0,0,0
1487,log_129_1708942803.xes,0.0,na,[],0,0,0,0,gradual_end,[],[],1603,0.1,160,0,0,0
1488,log_93_1708942801.xes,0.0,na,[],0,0,0,0,no_drift,[0],[0],4686,0.1,468,1,0,1
1489,log_93_1708942801.xes,0.0,na,[],0,0,0,0,sudden,[],[],4686,0.1,468,0,0,0
1490,log_93_1708942801.xes,0.0,na,[],0,0,0,0,gradual_start,[],[],4686,0.1,468,0,0,0
1491,log_93_1708942801.xes,0.0,na,[],0,0,0,0,gradual_end,[],[],4686,0.1,468,0,0,0
1492,log_849_1708942797.xes,0.0,na,"['gradual', 'gradual']",2,4,0,2,no_drift,[],[],5837,0.1,583,0,0,0
1493,log_849_1708942797.xes,0.0,na,"['gradual', 'gradual']",2,4,0,2,sudden,[],[],5837,0.1,583,0,0,0
1494,log_849_1708942797.xes,0.0,na,"['gradual', 'gradual']",2,4,0,2,gradual_start,"[1170, 3265]","[1132, 3249]",5837,0.1,583,2,0,2
1495,log_849_1708942797.xes,0.0,na,"['gradual', 'gradual']",2,4,0,2,gradual_end,"[1759, 3840]","[1741, 3829]",5837,0.1,583,2,0,2
1496,log_52_1708942797.xes,0.0,na,"['gradual', 'sudden']",2,3,1,1,no_drift,[],[],4809,0.1,480,0,0,0
1497,log_52_1708942797.xes,0.0,na,"['gradual', 'sudden']",2,3,1,1,sudden,[3680],[3673],4809,0.1,480,1,0,1
1498,log_52_1708942797.xes,0.0,na,"['gradual', 'sudden']",2,3,1,1,gradual_start,[1776],[1777],4809,0.1,480,1,0,1
1499,log_52_1708942797.xes,0.0,na,"['gradual', 'sudden']",2,3,1,1,gradual_end,[2342],[2377],4809,0.1,480,1,0,1
1500,log_92_1708942798.xes,0.0,na,"['sudden', 'gradual', 'sudden']",3,4,2,1,no_drift,[],[],6012,0.1,601,0,0,0
1501,log_92_1708942798.xes,0.0,na,"['sudden', 'gradual', 'sudden']",3,4,2,1,sudden,"[1787, 4845]","[1771, 4801]",6012,0.1,601,2,0,2
1502,log_92_1708942798.xes,0.0,na,"['sudden', 'gradual', 'sudden']",3,4,2,1,gradual_start,[3204],[3211],6012,0.1,601,1,0,1
1503,log_92_1708942798.xes,0.0,na,"['sudden', 'gradual', 'sudden']",3,4,2,1,gradual_end,[3646],[3661],6012,0.1,601,1,0,1
1504,log_585_1708942800.xes,0.3,na,['gradual'],1,2,0,1,no_drift,[],[0],4228,0.1,422,0,1,0
1505,log_585_1708942800.xes,0.3,na,['gradual'],1,2,0,1,sudden,[],[],4228,0.1,422,0,0,0
1506,log_585_1708942800.xes,0.3,na,['gradual'],1,2,0,1,gradual_start,[2000],[],4228,0.1,422,0,0,1
1507,log_585_1708942800.xes,0.3,na,['gradual'],1,2,0,1,gradual_end,[2410],[],4228,0.1,422,0,0,1
1508,log_285_1708942803.xes,0.0,na,[],0,0,0,0,no_drift,[0],[0],1043,0.1,104,1,0,1
1509,log_285_1708942803.xes,0.0,na,[],0,0,0,0,sudden,[],[],1043,0.1,104,0,0,0
1510,log_285_1708942803.xes,0.0,na,[],0,0,0,0,gradual_start,[],[],1043,0.1,104,0,0,0
1511,log_285_1708942803.xes,0.0,na,[],0,0,0,0,gradual_end,[],[],1043,0.1,104,0,0,0
1512,log_396_1708942801.xes,0.0,na,['gradual'],1,2,0,1,no_drift,[],[],3243,0.1,324,0,0,0
1513,log_396_1708942801.xes,0.0,na,['gradual'],1,2,0,1,sudden,[],[],3243,0.1,324,0,0,0
1514,log_396_1708942801.xes,0.0,na,['gradual'],1,2,0,1,gradual_start,[1392],[1409],3243,0.1,324,1,0,1
1515,log_396_1708942801.xes,0.0,na,['gradual'],1,2,0,1,gradual_end,[1784],[1761],3243,0.1,324,1,0,1
1516,log_284_1708942800.xes,0.0,na,['gradual'],1,2,0,1,no_drift,[],[],3457,0.1,345,0,0,0
1517,log_284_1708942800.xes,0.0,na,['gradual'],1,2,0,1,sudden,[],[],3457,0.1,345,0,0,0
1518,log_284_1708942800.xes,0.0,na,['gradual'],1,2,0,1,gradual_start,[1937],[1939],3457,0.1,345,1,0,1
1519,log_284_1708942800.xes,0.0,na,['gradual'],1,2,0,1,gradual_end,[2438],[2432],3457,0.1,345,1,0,1
1520,log_658_1708942798.xes,0.6,na,['gradual'],1,2,0,1,no_drift,[],[],3474,0.1,347,0,0,0
1521,log_658_1708942798.xes,0.6,na,['gradual'],1,2,0,1,sudden,[],[],3474,0.1,347,0,0,0
1522,log_658_1708942798.xes,0.6,na,['gradual'],1,2,0,1,gradual_start,[1804],[1769],3474,0.1,347,1,0,1
1523,log_658_1708942798.xes,0.6,na,['gradual'],1,2,0,1,gradual_end,[2386],[2381],3474,0.1,347,1,0,1
1524,log_893_1708942794.xes,0.0,na,"['sudden', 'sudden', 'sudden']",3,3,3,0,no_drift,[],[],6477,0.1,647,0,0,0
1525,log_893_1708942794.xes,0.0,na,"['sudden', 'sudden', 'sudden']",3,3,3,0,sudden,"[1525, 3140, 5005]","[3105, 1505, 4961]",6477,0.1,647,3,0,3
1526,log_893_1708942794.xes,0.0,na,"['sudden', 'sudden', 'sudden']",3,3,3,0,gradual_start,[],[],6477,0.1,647,0,0,0
1527,log_893_1708942794.xes,0.0,na,"['sudden', 'sudden', 'sudden']",3,3,3,0,gradual_end,[],[],6477,0.1,647,0,0,0
1528,log_318_1708942796.xes,0.3,na,"['gradual', 'gradual']",2,4,0,2,no_drift,[],[],5821,0.1,582,0,0,0
1529,log_318_1708942796.xes,0.3,na,"['gradual', 'gradual']",2,4,0,2,sudden,[],[],5821,0.1,582,0,0,0
1530,log_318_1708942796.xes,0.3,na,"['gradual', 'gradual']",2,4,0,2,gradual_start,"[1986, 4041]",[4032],5821,0.1,582,1,0,2
1531,log_318_1708942796.xes,0.3,na,"['gradual', 'gradual']",2,4,0,2,gradual_end,"[2293, 4631]",[4583],5821,0.1,582,1,0,2
1532,log_205_1708942800.xes,0.6,na,"['gradual', 'sudden', 'sudden']",3,4,2,1,no_drift,[],[],6277,0.1,627,0,0,0
1533,log_205_1708942800.xes,0.6,na,"['gradual', 'sudden', 'sudden']",3,4,2,1,sudden,"[3379, 4445]",[3349],6277,0.1,627,1,0,2
1534,log_205_1708942800.xes,0.6,na,"['gradual', 'sudden', 'sudden']",3,4,2,1,gradual_start,[1295],[],6277,0.1,627,0,0,1
1535,log_205_1708942800.xes,0.6,na,"['gradual', 'sudden', 'sudden']",3,4,2,1,gradual_end,[1630],[],6277,0.1,627,0,0,1
1536,log_240_1708942793.xes,0.6,na,"['sudden', 'sudden', 'gradual']",3,4,2,1,no_drift,[],[],6745,0.1,674,0,0,0
1537,log_240_1708942793.xes,0.6,na,"['sudden', 'sudden', 'gradual']",3,4,2,1,sudden,"[1940, 3453]",[3433],6745,0.1,674,1,0,2
1538,log_240_1708942793.xes,0.6,na,"['sudden', 'sudden', 'gradual']",3,4,2,1,gradual_start,[4596],[],6745,0.1,674,0,0,1
1539,log_240_1708942793.xes,0.6,na,"['sudden', 'sudden', 'gradual']",3,4,2,1,gradual_end,[5126],[],6745,0.1,674,0,0,1
1540,log_319_1708942803.xes,0.3,na,['gradual'],1,2,0,1,no_drift,[],[0],2683,0.1,268,0,1,0
1541,log_319_1708942803.xes,0.3,na,['gradual'],1,2,0,1,sudden,[],[],2683,0.1,268,0,0,0
1542,log_319_1708942803.xes,0.3,na,['gradual'],1,2,0,1,gradual_start,[1284],[],2683,0.1,268,0,0,1
1543,log_319_1708942803.xes,0.3,na,['gradual'],1,2,0,1,gradual_end,[1596],[],2683,0.1,268,0,0,1
1544,log_776_1708942801.xes,0.6,na,[],0,0,0,0,no_drift,[0],[0],4712,0.1,471,1,0,1
1545,log_776_1708942801.xes,0.6,na,[],0,0,0,0,sudden,[],[],4712,0.1,471,0,0,0
1546,log_776_1708942801.xes,0.6,na,[],0,0,0,0,gradual_start,[],[],4712,0.1,471,0,0,0
1547,log_776_1708942801.xes,0.6,na,[],0,0,0,0,gradual_end,[],[],4712,0.1,471,0,0,0
1548,log_470_1708942798.xes,0.3,na,"['sudden', 'gradual', 'sudden']",3,4,2,1,no_drift,[],[],7175,0.1,717,0,0,0
1549,log_470_1708942798.xes,0.3,na,"['sudden', 'gradual', 'sudden']",3,4,2,1,sudden,"[1857, 5896]",[1821],7175,0.1,717,1,0,2
1550,log_470_1708942798.xes,0.3,na,"['sudden', 'gradual', 'sudden']",3,4,2,1,gradual_start,[3788],[3781],7175,0.1,717,1,0,1
1551,log_470_1708942798.xes,0.3,na,"['sudden', 'gradual', 'sudden']",3,4,2,1,gradual_end,[4142],[4201],7175,0.1,717,1,0,1
1552,log_128_1708942792.xes,0.0,na,"['gradual', 'sudden', 'gradual']",3,5,1,2,no_drift,[],[],5935,0.1,593,0,0,0
1553,log_128_1708942792.xes,0.0,na,"['gradual', 'sudden', 'gradual']",3,5,1,2,sudden,[2486],[2466],5935,0.1,593,1,0,1
1554,log_128_1708942792.xes,0.0,na,"['gradual', 'sudden', 'gradual']",3,5,1,2,gradual_start,"[1039, 4321]",[4293],5935,0.1,593,1,0,2
1555,log_128_1708942792.xes,0.0,na,"['gradual', 'sudden', 'gradual']",3,5,1,2,gradual_end,"[1422, 4731]",[4699],5935,0.1,593,1,0,2
1556,log_736_1708942796.xes,0.6,na,"['sudden', 'gradual']",2,3,1,1,no_drift,[],[],4217,0.1,421,0,0,0
1557,log_736_1708942796.xes,0.6,na,"['sudden', 'gradual']",2,3,1,1,sudden,[1212],[1177],4217,0.1,421,1,0,1
1558,log_736_1708942796.xes,0.6,na,"['sudden', 'gradual']",2,3,1,1,gradual_start,[2570],[2563],4217,0.1,421,1,0,1
1559,log_736_1708942796.xes,0.6,na,"['sudden', 'gradual']",2,3,1,1,gradual_end,[3016],[3004],4217,0.1,421,1,0,1
1560,log_894_1708942802.xes,0.0,na,['gradual'],1,2,0,1,no_drift,[],[],3071,0.1,307,0,0,0
1561,log_894_1708942802.xes,0.0,na,['gradual'],1,2,0,1,sudden,[],[],3071,0.1,307,0,0,0
1562,log_894_1708942802.xes,0.0,na,['gradual'],1,2,0,1,gradual_start,[1040],[1021],3071,0.1,307,1,0,1
1563,log_894_1708942802.xes,0.0,na,['gradual'],1,2,0,1,gradual_end,[1426],[1441],3071,0.1,307,1,0,1
1564,log_172_1708942804.xes,0.0,na,[],0,0,0,0,no_drift,[0],[0],3936,0.1,393,1,0,1
1565,log_172_1708942804.xes,0.0,na,[],0,0,0,0,sudden,[],[],3936,0.1,393,0,0,0
1566,log_172_1708942804.xes,0.0,na,[],0,0,0,0,gradual_start,[],[],3936,0.1,393,0,0,0
1567,log_172_1708942804.xes,0.0,na,[],0,0,0,0,gradual_end,[],[],3936,0.1,393,0,0,0
1568,log_241_1708942803.xes,0.0,na,[],0,0,0,0,no_drift,[0],[0],3442,0.1,344,1,0,1
1569,log_241_1708942803.xes,0.0,na,[],0,0,0,0,sudden,[],[],3442,0.1,344,0,0,0
1570,log_241_1708942803.xes,0.0,na,[],0,0,0,0,gradual_start,[],[],3442,0.1,344,0,0,0
1571,log_241_1708942803.xes,0.0,na,[],0,0,0,0,gradual_end,[],[],3442,0.1,344,0,0,0
1572,log_438_1708942799.xes,0.6,na,"['gradual', 'sudden', 'sudden']",3,4,2,1,no_drift,[],[],7157,0.1,715,0,0,0
1573,log_438_1708942799.xes,0.6,na,"['gradual', 'sudden', 'sudden']",3,4,2,1,sudden,"[4097, 5539]","[4061, 5496]",7157,0.1,715,2,0,2
1574,log_438_1708942799.xes,0.6,na,"['gradual', 'sudden', 'sudden']",3,4,2,1,gradual_start,[1921],[1891],7157,0.1,715,1,0,1
1575,log_438_1708942799.xes,0.6,na,"['gradual', 'sudden', 'sudden']",3,4,2,1,gradual_end,[2277],[2276],7157,0.1,715,1,0,1
1576,log_320_1708942805.xes,0.3,na,[],0,0,0,0,no_drift,[0],[0],1308,0.1,130,1,0,1
1577,log_320_1708942805.xes,0.3,na,[],0,0,0,0,sudden,[],[],1308,0.1,130,0,0,0
1578,log_320_1708942805.xes,0.3,na,[],0,0,0,0,gradual_start,[],[],1308,0.1,130,0,0,0
1579,log_320_1708942805.xes,0.3,na,[],0,0,0,0,gradual_end,[],[],1308,0.1,130,0,0,0
1580,log_587_1708942804.xes,0.6,na,['sudden'],1,1,1,0,no_drift,[],[0],2356,0.1,235,0,1,0
1581,log_587_1708942804.xes,0.6,na,['sudden'],1,1,1,0,sudden,[1069],[],2356,0.1,235,0,0,1
1582,log_587_1708942804.xes,0.6,na,['sudden'],1,1,1,0,gradual_start,[],[],2356,0.1,235,0,0,0
1583,log_587_1708942804.xes,0.6,na,['sudden'],1,1,1,0,gradual_end,[],[],2356,0.1,235,0,0,0
1584,log_550_1708942801.xes,0.0,na,"['gradual', 'sudden', 'sudden']",3,4,2,1,no_drift,[],[],7334,0.1,733,0,0,0
1585,log_550_1708942801.xes,0.0,na,"['gradual', 'sudden', 'sudden']",3,4,2,1,sudden,"[4162, 5920]",[4105],7334,0.1,733,1,0,2
1586,log_550_1708942801.xes,0.0,na,"['gradual', 'sudden', 'sudden']",3,4,2,1,gradual_start,[1976],[],7334,0.1,733,0,0,1
1587,log_550_1708942801.xes,0.0,na,"['gradual', 'sudden', 'sudden']",3,4,2,1,gradual_end,[2443],[],7334,0.1,733,0,0,1
1588,log_130_1708942804.xes,0.0,na,[],0,0,0,0,no_drift,[0],[0],3054,0.1,305,1,0,1
1589,log_130_1708942804.xes,0.0,na,[],0,0,0,0,sudden,[],[],3054,0.1,305,0,0,0
1590,log_130_1708942804.xes,0.0,na,[],0,0,0,0,gradual_start,[],[],3054,0.1,305,0,0,0
1591,log_130_1708942804.xes,0.0,na,[],0,0,0,0,gradual_end,[],[],3054,0.1,305,0,0,0
1592,log_625_1708942806.xes,0.0,na,['gradual'],1,2,0,1,no_drift,[],[0],3494,0.1,349,0,1,0
1593,log_625_1708942806.xes,0.0,na,['gradual'],1,2,0,1,sudden,[],[],3494,0.1,349,0,0,0
1594,log_625_1708942806.xes,0.0,na,['gradual'],1,2,0,1,gradual_start,[1375],[],3494,0.1,349,0,0,1
1595,log_625_1708942806.xes,0.0,na,['gradual'],1,2,0,1,gradual_end,[1703],[],3494,0.1,349,0,0,1
1596,log_895_1708942805.xes,0.6,na,['sudden'],1,1,1,0,no_drift,[],[],3516,0.1,351,0,0,0
1597,log_895_1708942805.xes,0.6,na,['sudden'],1,1,1,0,sudden,[1778],[1769],3516,0.1,351,1,0,1
1598,log_895_1708942805.xes,0.6,na,['sudden'],1,1,1,0,gradual_start,[],[],3516,0.1,351,0,0,0
1599,log_895_1708942805.xes,0.6,na,['sudden'],1,1,1,0,gradual_end,[],[],3516,0.1,351,0,0,0
1600,log_439_1708942806.xes,0.6,na,[],0,0,0,0,no_drift,[0],[0],5100,0.1,510,1,0,1
1601,log_439_1708942806.xes,0.6,na,[],0,0,0,0,sudden,[],[],5100,0.1,510,0,0,0
1602,log_439_1708942806.xes,0.6,na,[],0,0,0,0,gradual_start,[],[],5100,0.1,510,0,0,0
1603,log_439_1708942806.xes,0.6,na,[],0,0,0,0,gradual_end,[],[],5100,0.1,510,0,0,0
1604,log_321_1708942806.xes,0.0,na,"['sudden', 'sudden']",2,2,2,0,no_drift,[],[],3858,0.1,385,0,0,0
1605,log_321_1708942806.xes,0.0,na,"['sudden', 'sudden']",2,2,2,0,sudden,"[1107, 2821]",[2794],3858,0.1,385,1,0,2
1606,log_321_1708942806.xes,0.0,na,"['sudden', 'sudden']",2,2,2,0,gradual_start,[],[],3858,0.1,385,0,0,0
1607,log_321_1708942806.xes,0.0,na,"['sudden', 'sudden']",2,2,2,0,gradual_end,[],[],3858,0.1,385,0,0,0
1608,log_588_1708942806.xes,0.0,na,['gradual'],1,2,0,1,no_drift,[],[],2832,0.1,283,0,0,0
1609,log_588_1708942806.xes,0.0,na,['gradual'],1,2,0,1,sudden,[],[],2832,0.1,283,0,0,0
1610,log_588_1708942806.xes,0.0,na,['gradual'],1,2,0,1,gradual_start,[1078],[1065],2832,0.1,283,1,0,1
1611,log_588_1708942806.xes,0.0,na,['gradual'],1,2,0,1,gradual_end,[1533],[1569],2832,0.1,283,1,0,1
1612,log_17_1708942798.xes,0.3,na,"['gradual', 'gradual', 'gradual']",3,6,0,3,no_drift,[],[],6832,0.1,683,0,0,0
1613,log_17_1708942798.xes,0.3,na,"['gradual', 'gradual', 'gradual']",3,6,0,3,sudden,[],[],6832,0.1,683,0,0,0
1614,log_17_1708942798.xes,0.3,na,"['gradual', 'gradual', 'gradual']",3,6,0,3,gradual_start,"[1721, 3139, 4870]","[3129, 1701]",6832,0.1,683,2,0,3
1615,log_17_1708942798.xes,0.3,na,"['gradual', 'gradual', 'gradual']",3,6,0,3,gradual_end,"[2070, 3493, 5445]","[3503, 2041]",6832,0.1,683,2,0,3
1616,log_360_1708942807.xes,0.6,na,[],0,0,0,0,no_drift,[0],[0],1440,0.1,144,1,0,1
1617,log_360_1708942807.xes,0.6,na,[],0,0,0,0,sudden,[],[],1440,0.1,144,0,0,0
1618,log_360_1708942807.xes,0.6,na,[],0,0,0,0,gradual_start,[],[],1440,0.1,144,0,0,0
1619,log_360_1708942807.xes,0.6,na,[],0,0,0,0,gradual_end,[],[],1440,0.1,144,0,0,0
1620,log_94_1708942802.xes,0.0,na,"['gradual', 'sudden']",2,3,1,1,no_drift,[],[],4850,0.1,485,0,0,0
1621,log_94_1708942802.xes,0.0,na,"['gradual', 'sudden']",2,3,1,1,sudden,[2945],[2905],4850,0.1,485,1,0,1
1622,log_94_1708942802.xes,0.0,na,"['gradual', 'sudden']",2,3,1,1,gradual_start,[1025],[985],4850,0.1,485,1,0,1
1623,log_94_1708942802.xes,0.0,na,"['gradual', 'sudden']",2,3,1,1,gradual_end,[1466],[1441],4850,0.1,485,1,0,1
1624,log_242_1708942805.xes,0.0,na,"['gradual', 'sudden']",2,3,1,1,no_drift,[],[0],5157,0.1,515,0,1,0
1625,log_242_1708942805.xes,0.0,na,"['gradual', 'sudden']",2,3,1,1,sudden,[3339],[],5157,0.1,515,0,0,1
1626,log_242_1708942805.xes,0.0,na,"['gradual', 'sudden']",2,3,1,1,gradual_start,[1029],[],5157,0.1,515,0,0,1
1627,log_242_1708942805.xes,0.0,na,"['gradual', 'sudden']",2,3,1,1,gradual_end,[1465],[],5157,0.1,515,0,0,1
1628,log_359_1708942803.xes,0.3,na,[],0,0,0,0,no_drift,[0],[0],4048,0.1,404,1,0,1
1629,log_359_1708942803.xes,0.3,na,[],0,0,0,0,sudden,[],[],4048,0.1,404,0,0,0
1630,log_359_1708942803.xes,0.3,na,[],0,0,0,0,gradual_start,[],[],4048,0.1,404,0,0,0
1631,log_359_1708942803.xes,0.3,na,[],0,0,0,0,gradual_end,[],[],4048,0.1,404,0,0,0
1632,log_624_1708942801.xes,0.3,na,['sudden'],1,1,1,0,no_drift,[],[],3613,0.1,361,0,0,0
1633,log_624_1708942801.xes,0.3,na,['sudden'],1,1,1,0,sudden,[1861],[1837],3613,0.1,361,1,0,1
1634,log_624_1708942801.xes,0.3,na,['sudden'],1,1,1,0,gradual_start,[],[],3613,0.1,361,0,0,0
1635,log_624_1708942801.xes,0.3,na,['sudden'],1,1,1,0,gradual_end,[],[],3613,0.1,361,0,0,0
1636,log_934_1708942798.xes,0.3,na,"['gradual', 'sudden', 'sudden']",3,4,2,1,no_drift,[],[],6228,0.1,622,0,0,0
1637,log_934_1708942798.xes,0.3,na,"['gradual', 'sudden', 'sudden']",3,4,2,1,sudden,"[3240, 4645]",[3225],6228,0.1,622,1,0,2
1638,log_934_1708942798.xes,0.3,na,"['gradual', 'sudden', 'sudden']",3,4,2,1,gradual_start,[1400],[1396],6228,0.1,622,1,0,1
1639,log_934_1708942798.xes,0.3,na,"['gradual', 'sudden', 'sudden']",3,4,2,1,gradual_end,[1877],[1830],6228,0.1,622,1,0,1
1640,log_659_1708942804.xes,0.3,na,"['sudden', 'gradual', 'sudden']",3,4,2,1,no_drift,[],[],6701,0.1,670,0,0,0
1641,log_659_1708942804.xes,0.3,na,"['sudden', 'gradual', 'sudden']",3,4,2,1,sudden,"[1542, 5198]",[5149],6701,0.1,670,1,0,2
1642,log_659_1708942804.xes,0.3,na,"['sudden', 'gradual', 'sudden']",3,4,2,1,gradual_start,[2682],[],6701,0.1,670,0,0,1
1643,log_659_1708942804.xes,0.3,na,"['sudden', 'gradual', 'sudden']",3,4,2,1,gradual_end,[3257],[],6701,0.1,670,0,0,1
1644,log_697_1708942799.xes,0.6,na,"['gradual', 'gradual', 'gradual']",3,6,0,3,no_drift,[],[],7327,0.1,732,0,0,0
1645,log_697_1708942799.xes,0.6,na,"['gradual', 'gradual', 'gradual']",3,6,0,3,sudden,[],[],7327,0.1,732,0,0,0
1646,log_697_1708942799.xes,0.6,na,"['gradual', 'gradual', 'gradual']",3,6,0,3,gradual_start,"[1794, 4143, 5797]","[4105, 5797]",7327,0.1,732,2,0,3
1647,log_697_1708942799.xes,0.6,na,"['gradual', 'gradual', 'gradual']",3,6,0,3,gradual_end,"[2247, 4606, 6195]","[4573, 6193]",7327,0.1,732,2,0,3
1648,log_626_1708942808.xes,0.0,na,['gradual'],1,2,0,1,no_drift,[],[],2800,0.1,280,0,0,0
1649,log_626_1708942808.xes,0.0,na,['gradual'],1,2,0,1,sudden,[],[],2800,0.1,280,0,0,0
1650,log_626_1708942808.xes,0.0,na,['gradual'],1,2,0,1,gradual_start,[1097],[1093],2800,0.1,280,1,0,1
1651,log_626_1708942808.xes,0.0,na,['gradual'],1,2,0,1,gradual_end,[1419],[1415],2800,0.1,280,1,0,1
1652,log_95_1708942806.xes,0.0,na,"['gradual', 'sudden']",2,3,1,1,no_drift,[],[],5166,0.1,516,0,0,0
1653,log_95_1708942806.xes,0.0,na,"['gradual', 'sudden']",2,3,1,1,sudden,[3526],[3501],5166,0.1,516,1,0,1
1654,log_95_1708942806.xes,0.0,na,"['gradual', 'sudden']",2,3,1,1,gradual_start,[1757],[1726],5166,0.1,516,1,0,1
1655,log_95_1708942806.xes,0.0,na,"['gradual', 'sudden']",2,3,1,1,gradual_end,[2233],[2201],5166,0.1,516,1,0,1
1656,log_206_1708942805.xes,0.6,na,['sudden'],1,1,1,0,no_drift,[],[0],3209,0.1,320,0,1,0
1657,log_206_1708942805.xes,0.6,na,['sudden'],1,1,1,0,sudden,[1744],[],3209,0.1,320,0,0,1
1658,log_206_1708942805.xes,0.6,na,['sudden'],1,1,1,0,gradual_start,[],[],3209,0.1,320,0,0,0
1659,log_206_1708942805.xes,0.6,na,['sudden'],1,1,1,0,gradual_end,[],[],3209,0.1,320,0,0,0
1660,log_660_1708942808.xes,0.0,na,"['sudden', 'sudden']",2,2,2,0,no_drift,[],[],4723,0.1,472,0,0,0
1661,log_660_1708942808.xes,0.0,na,"['sudden', 'sudden']",2,2,2,0,sudden,"[1787, 3617]","[1772, 3612]",4723,0.1,472,2,0,2
1662,log_660_1708942808.xes,0.0,na,"['sudden', 'sudden']",2,2,2,0,gradual_start,[],[],4723,0.1,472,0,0,0
1663,log_660_1708942808.xes,0.0,na,"['sudden', 'sudden']",2,2,2,0,gradual_end,[],[],4723,0.1,472,0,0,0
1664,log_777_1708942805.xes,0.0,na,['gradual'],1,2,0,1,no_drift,[],[],2718,0.1,271,0,0,0
1665,log_777_1708942805.xes,0.0,na,['gradual'],1,2,0,1,sudden,[],[],2718,0.1,271,0,0,0
1666,log_777_1708942805.xes,0.0,na,['gradual'],1,2,0,1,gradual_start,[1260],[1249],2718,0.1,271,1,0,1
1667,log_777_1708942805.xes,0.0,na,['gradual'],1,2,0,1,gradual_end,[1587],[1587],2718,0.1,271,1,0,1
1668,log_809_1708942794.xes,0.3,na,"['gradual', 'gradual', 'sudden']",3,5,1,2,no_drift,[],[],7007,0.1,700,0,0,0
1669,log_809_1708942794.xes,0.3,na,"['gradual', 'gradual', 'sudden']",3,5,1,2,sudden,[5270],[5251],7007,0.1,700,1,0,1
1670,log_809_1708942794.xes,0.3,na,"['gradual', 'gradual', 'sudden']",3,5,1,2,gradual_start,"[1970, 3525]",[],7007,0.1,700,0,0,2
1671,log_809_1708942794.xes,0.3,na,"['gradual', 'gradual', 'sudden']",3,5,1,2,gradual_end,"[2374, 4009]",[],7007,0.1,700,0,0,2
1672,log_131_1708942806.xes,0.6,na,['gradual'],1,2,0,1,no_drift,[],[],2794,0.1,279,0,0,0
1673,log_131_1708942806.xes,0.6,na,['gradual'],1,2,0,1,sudden,[],[],2794,0.1,279,0,0,0
1674,log_131_1708942806.xes,0.6,na,['gradual'],1,2,0,1,gradual_start,[1032],[1106],2794,0.1,279,1,0,1
1675,log_131_1708942806.xes,0.6,na,['gradual'],1,2,0,1,gradual_end,[1557],[1535],2794,0.1,279,1,0,1
1676,log_361_1708942809.xes,0.3,na,[],0,0,0,0,no_drift,[0],[0],1895,0.1,189,1,0,1
1677,log_361_1708942809.xes,0.3,na,[],0,0,0,0,sudden,[],[],1895,0.1,189,0,0,0
1678,log_361_1708942809.xes,0.3,na,[],0,0,0,0,gradual_start,[],[],1895,0.1,189,0,0,0
1679,log_361_1708942809.xes,0.3,na,[],0,0,0,0,gradual_end,[],[],1895,0.1,189,0,0,0
1680,log_850_1708942802.xes,0.6,na,[],0,0,0,0,no_drift,[0],[0],4611,0.1,461,1,0,1
1681,log_850_1708942802.xes,0.6,na,[],0,0,0,0,sudden,[],[],4611,0.1,461,0,0,0
1682,log_850_1708942802.xes,0.6,na,[],0,0,0,0,gradual_start,[],[],4611,0.1,461,0,0,0
1683,log_850_1708942802.xes,0.6,na,[],0,0,0,0,gradual_end,[],[],4611,0.1,461,0,0,0
1684,log_96_1708942809.xes,0.3,na,['sudden'],1,1,1,0,no_drift,[],[],3006,0.1,300,0,0,0
1685,log_96_1708942809.xes,0.3,na,['sudden'],1,1,1,0,sudden,[1843],[1831],3006,0.1,300,1,0,1
1686,log_96_1708942809.xes,0.3,na,['sudden'],1,1,1,0,gradual_start,[],[],3006,0.1,300,0,0,0
1687,log_96_1708942809.xes,0.3,na,['sudden'],1,1,1,0,gradual_end,[],[],3006,0.1,300,0,0,0
1688,log_513_1708942804.xes,0.3,na,"['gradual', 'gradual', 'gradual']",3,6,0,3,no_drift,[],[],7262,0.1,726,0,0,0
1689,log_513_1708942804.xes,0.3,na,"['gradual', 'gradual', 'gradual']",3,6,0,3,sudden,[],[],7262,0.1,726,0,0,0
1690,log_513_1708942804.xes,0.3,na,"['gradual', 'gradual', 'gradual']",3,6,0,3,gradual_start,"[1430, 3250, 4802]",[1405],7262,0.1,726,1,0,3
1691,log_513_1708942804.xes,0.3,na,"['gradual', 'gradual', 'gradual']",3,6,0,3,gradual_end,"[1904, 3642, 5310]",[1873],7262,0.1,726,1,0,3
1692,log_362_1708942811.xes,0.6,na,['sudden'],1,1,1,0,no_drift,[],[],3093,0.1,309,0,0,0
1693,log_362_1708942811.xes,0.6,na,['sudden'],1,1,1,0,sudden,[1235],[1216],3093,0.1,309,1,0,1
1694,log_362_1708942811.xes,0.6,na,['sudden'],1,1,1,0,gradual_start,[],[],3093,0.1,309,0,0,0
1695,log_362_1708942811.xes,0.6,na,['sudden'],1,1,1,0,gradual_end,[],[],3093,0.1,309,0,0,0
1696,log_551_1708942806.xes,0.6,na,['gradual'],1,2,0,1,no_drift,[],[],3173,0.1,317,0,0,0
1697,log_551_1708942806.xes,0.6,na,['gradual'],1,2,0,1,sudden,[],[],3173,0.1,317,0,0,0
1698,log_551_1708942806.xes,0.6,na,['gradual'],1,2,0,1,gradual_start,[1651],[1636],3173,0.1,317,1,0,1
1699,log_551_1708942806.xes,0.6,na,['gradual'],1,2,0,1,gradual_end,[2053],[2026],3173,0.1,317,1,0,1
1700,log_698_1708942808.xes,0.0,na,"['sudden', 'gradual']",2,3,1,1,no_drift,[],[],4523,0.1,452,0,0,0
1701,log_698_1708942808.xes,0.0,na,"['sudden', 'gradual']",2,3,1,1,sudden,[1045],[1035],4523,0.1,452,1,0,1
1702,log_698_1708942808.xes,0.0,na,"['sudden', 'gradual']",2,3,1,1,gradual_start,[2166],[2157],4523,0.1,452,1,0,1
1703,log_698_1708942808.xes,0.0,na,"['sudden', 'gradual']",2,3,1,1,gradual_end,[2699],[2685],4523,0.1,452,1,0,1
1704,log_243_1708942809.xes,0.3,na,[],0,0,0,0,no_drift,[0],[0],4839,0.1,483,1,0,1
1705,log_243_1708942809.xes,0.3,na,[],0,0,0,0,sudden,[],[],4839,0.1,483,0,0,0
1706,log_243_1708942809.xes,0.3,na,[],0,0,0,0,gradual_start,[],[],4839,0.1,483,0,0,0
1707,log_243_1708942809.xes,0.3,na,[],0,0,0,0,gradual_end,[],[],4839,0.1,483,0,0,0
1708,log_244_1708942812.xes,0.3,na,['sudden'],1,1,1,0,no_drift,[],[],3330,0.1,333,0,0,0
1709,log_244_1708942812.xes,0.3,na,['sudden'],1,1,1,0,sudden,[1725],[1713],3330,0.1,333,1,0,1
1710,log_244_1708942812.xes,0.3,na,['sudden'],1,1,1,0,gradual_start,[],[],3330,0.1,333,0,0,0
1711,log_244_1708942812.xes,0.3,na,['sudden'],1,1,1,0,gradual_end,[],[],3330,0.1,333,0,0,0
1712,log_699_1708942812.xes,0.3,na,['sudden'],1,1,1,0,no_drift,[],[0],3256,0.1,325,0,1,0
1713,log_699_1708942812.xes,0.3,na,['sudden'],1,1,1,0,sudden,[1380],[],3256,0.1,325,0,0,1
1714,log_699_1708942812.xes,0.3,na,['sudden'],1,1,1,0,gradual_start,[],[],3256,0.1,325,0,0,0
1715,log_699_1708942812.xes,0.3,na,['sudden'],1,1,1,0,gradual_end,[],[],3256,0.1,325,0,0,0
1716,log_589_1708942808.xes,0.3,na,"['gradual', 'gradual', 'gradual']",3,6,0,3,no_drift,[],[],6949,0.1,694,0,0,0
1717,log_589_1708942808.xes,0.3,na,"['gradual', 'gradual', 'gradual']",3,6,0,3,sudden,[],[],6949,0.1,694,0,0,0
1718,log_589_1708942808.xes,0.3,na,"['gradual', 'gradual', 'gradual']",3,6,0,3,gradual_start,"[1119, 3074, 4999]","[3061, 4965]",6949,0.1,694,2,0,3
1719,log_589_1708942808.xes,0.3,na,"['gradual', 'gradual', 'gradual']",3,6,0,3,gradual_end,"[1614, 3431, 5308]","[3503, 5305]",6949,0.1,694,2,0,3
1720,log_627_1708942809.xes,0.3,na,[],0,0,0,0,no_drift,[0],[0],3657,0.1,365,1,0,1
1721,log_627_1708942809.xes,0.3,na,[],0,0,0,0,sudden,[],[],3657,0.1,365,0,0,0
1722,log_627_1708942809.xes,0.3,na,[],0,0,0,0,gradual_start,[],[],3657,0.1,365,0,0,0
1723,log_627_1708942809.xes,0.3,na,[],0,0,0,0,gradual_end,[],[],3657,0.1,365,0,0,0
1724,log_207_1708942809.xes,0.0,na,"['gradual', 'gradual']",2,4,0,2,no_drift,[],[],5244,0.1,524,0,0,0
1725,log_207_1708942809.xes,0.0,na,"['gradual', 'gradual']",2,4,0,2,sudden,[],[],5244,0.1,524,0,0,0
1726,log_207_1708942809.xes,0.0,na,"['gradual', 'gradual']",2,4,0,2,gradual_start,"[1841, 3243]",[3225],5244,0.1,524,1,0,2
1727,log_207_1708942809.xes,0.0,na,"['gradual', 'gradual']",2,4,0,2,gradual_end,"[2155, 3805]",[3771],5244,0.1,524,1,0,2
1728,log_628_1708942812.xes,0.0,na,[],0,0,0,0,no_drift,[0],[0],2682,0.1,268,1,0,1
1729,log_628_1708942812.xes,0.0,na,[],0,0,0,0,sudden,[],[],2682,0.1,268,0,0,0
1730,log_628_1708942812.xes,0.0,na,[],0,0,0,0,gradual_start,[],[],2682,0.1,268,0,0,0
1731,log_628_1708942812.xes,0.0,na,[],0,0,0,0,gradual_end,[],[],2682,0.1,268,0,0,0
1732,log_896_1708942809.xes,0.0,na,"['gradual', 'sudden']",2,3,1,1,no_drift,[],[],4916,0.1,491,0,0,0
1733,log_896_1708942809.xes,0.0,na,"['gradual', 'sudden']",2,3,1,1,sudden,[3477],[3433],4916,0.1,491,1,0,1
1734,log_896_1708942809.xes,0.0,na,"['gradual', 'sudden']",2,3,1,1,gradual_start,[1104],[1129],4916,0.1,491,1,0,1
1735,log_896_1708942809.xes,0.0,na,"['gradual', 'sudden']",2,3,1,1,gradual_end,[1505],[1513],4916,0.1,491,1,0,1
1736,log_97_1708942811.xes,0.0,na,"['gradual', 'sudden']",2,3,1,1,no_drift,[],[],4518,0.1,451,0,0,0
1737,log_97_1708942811.xes,0.0,na,"['gradual', 'sudden']",2,3,1,1,sudden,[3381],[3367],4518,0.1,451,1,0,1
1738,log_97_1708942811.xes,0.0,na,"['gradual', 'sudden']",2,3,1,1,gradual_start,[1240],[1211],4518,0.1,451,1,0,1
1739,log_97_1708942811.xes,0.0,na,"['gradual', 'sudden']",2,3,1,1,gradual_end,[1806],[1783],4518,0.1,451,1,0,1
1740,log_286_1708942804.xes,0.3,na,"['gradual', 'gradual']",2,4,0,2,no_drift,[],[],5603,0.1,560,0,0,0
1741,log_286_1708942804.xes,0.3,na,"['gradual', 'gradual']",2,4,0,2,sudden,[],[],5603,0.1,560,0,0,0
1742,log_286_1708942804.xes,0.3,na,"['gradual', 'gradual']",2,4,0,2,gradual_start,"[1562, 3466]",[3445],5603,0.1,560,1,0,2
1743,log_286_1708942804.xes,0.3,na,"['gradual', 'gradual']",2,4,0,2,gradual_end,"[1874, 3790]",[3865],5603,0.1,560,1,0,2
1744,log_851_1708942809.xes,0.0,na,"['sudden', 'gradual']",2,3,1,1,no_drift,[],[],5035,0.1,503,0,0,0
1745,log_851_1708942809.xes,0.0,na,"['sudden', 'gradual']",2,3,1,1,sudden,[1280],[1251],5035,0.1,503,1,0,1
1746,log_851_1708942809.xes,0.0,na,"['sudden', 'gradual']",2,3,1,1,gradual_start,[2650],[2651],5035,0.1,503,1,0,1
1747,log_851_1708942809.xes,0.0,na,"['sudden', 'gradual']",2,3,1,1,gradual_end,[3198],[3176],5035,0.1,503,1,0,1
1748,log_173_1708942805.xes,0.3,na,"['gradual', 'sudden', 'gradual']",3,5,1,2,no_drift,[],[],7004,0.1,700,0,0,0
1749,log_173_1708942805.xes,0.3,na,"['gradual', 'sudden', 'gradual']",3,5,1,2,sudden,[3988],[3956],7004,0.1,700,1,0,1
1750,log_173_1708942805.xes,0.3,na,"['gradual', 'sudden', 'gradual']",3,5,1,2,gradual_start,"[1689, 5063]",[1646],7004,0.1,700,1,0,2
1751,log_173_1708942805.xes,0.3,na,"['gradual', 'sudden', 'gradual']",3,5,1,2,gradual_end,"[2039, 5647]",[2031],7004,0.1,700,1,0,2
1752,log_778_1708942810.xes,0.0,na,"['gradual', 'sudden', 'gradual']",3,5,1,2,no_drift,[],[],6235,0.1,623,0,0,0
1753,log_778_1708942810.xes,0.0,na,"['gradual', 'sudden', 'gradual']",3,5,1,2,sudden,[3249],[3194],6235,0.1,623,1,0,1
1754,log_778_1708942810.xes,0.0,na,"['gradual', 'sudden', 'gradual']",3,5,1,2,gradual_start,"[1333, 4732]",[1303],6235,0.1,623,1,0,2
1755,log_778_1708942810.xes,0.0,na,"['gradual', 'sudden', 'gradual']",3,5,1,2,gradual_end,"[1656, 5070]",[1644],6235,0.1,623,1,0,2
1756,log_661_1708942811.xes,0.3,na,"['gradual', 'sudden']",2,3,1,1,no_drift,[],[],5978,0.1,597,0,0,0
1757,log_661_1708942811.xes,0.3,na,"['gradual', 'sudden']",2,3,1,1,sudden,[4195],[4177],5978,0.1,597,1,0,1
1758,log_661_1708942811.xes,0.3,na,"['gradual', 'sudden']",2,3,1,1,gradual_start,[1670],[1683],5978,0.1,597,1,0,1
1759,log_661_1708942811.xes,0.3,na,"['gradual', 'sudden']",2,3,1,1,gradual_end,[2243],[2263],5978,0.1,597,1,0,1
1760,log_552_1708942812.xes,0.6,na,['gradual'],1,2,0,1,no_drift,[],[],3343,0.1,334,0,0,0
1761,log_552_1708942812.xes,0.6,na,['gradual'],1,2,0,1,sudden,[],[],3343,0.1,334,0,0,0
1762,log_552_1708942812.xes,0.6,na,['gradual'],1,2,0,1,gradual_start,[1412],[1441],3343,0.1,334,1,0,1
1763,log_552_1708942812.xes,0.6,na,['gradual'],1,2,0,1,gradual_end,[1952],[1969],3343,0.1,334,1,0,1
1764,log_590_1708942812.xes,0.3,na,[],0,0,0,0,no_drift,[0],[0],5212,0.1,521,1,0,1
1765,log_590_1708942812.xes,0.3,na,[],0,0,0,0,sudden,[],[],5212,0.1,521,0,0,0
1766,log_590_1708942812.xes,0.3,na,[],0,0,0,0,gradual_start,[],[],5212,0.1,521,0,0,0
1767,log_590_1708942812.xes,0.3,na,[],0,0,0,0,gradual_end,[],[],5212,0.1,521,0,0,0
1768,log_397_1708942804.xes,0.6,na,"['sudden', 'gradual', 'sudden']",3,4,2,1,no_drift,[],[],6306,0.1,630,0,0,0
1769,log_397_1708942804.xes,0.6,na,"['sudden', 'gradual', 'sudden']",3,4,2,1,sudden,"[1185, 4523]","[1179, 4496]",6306,0.1,630,2,0,2
1770,log_397_1708942804.xes,0.6,na,"['sudden', 'gradual', 'sudden']",3,4,2,1,gradual_start,[2682],[],6306,0.1,630,0,0,1
1771,log_397_1708942804.xes,0.6,na,"['sudden', 'gradual', 'sudden']",3,4,2,1,gradual_end,[3003],[],6306,0.1,630,0,0,1
1772,log_810_1708942809.xes,0.3,na,"['sudden', 'sudden']",2,2,2,0,no_drift,[],[],5033,0.1,503,0,0,0
1773,log_810_1708942809.xes,0.3,na,"['sudden', 'sudden']",2,2,2,0,sudden,"[1479, 3470]","[3451, 1476]",5033,0.1,503,2,0,2
1774,log_810_1708942809.xes,0.3,na,"['sudden', 'sudden']",2,2,2,0,gradual_start,[],[],5033,0.1,503,0,0,0
1775,log_810_1708942809.xes,0.3,na,"['sudden', 'sudden']",2,2,2,0,gradual_end,[],[],5033,0.1,503,0,0,0
1776,log_363_1708942814.xes,0.3,na,['sudden'],1,1,1,0,no_drift,[],[],3373,0.1,337,0,0,0
1777,log_363_1708942814.xes,0.3,na,['sudden'],1,1,1,0,sudden,[1766],[1745],3373,0.1,337,1,0,1
1778,log_363_1708942814.xes,0.3,na,['sudden'],1,1,1,0,gradual_start,[],[],3373,0.1,337,0,0,0
1779,log_363_1708942814.xes,0.3,na,['sudden'],1,1,1,0,gradual_end,[],[],3373,0.1,337,0,0,0
1780,log_630_1708942816.xes,0.0,na,[],0,0,0,0,no_drift,[0],[0],1685,0.1,168,1,0,1
1781,log_630_1708942816.xes,0.0,na,[],0,0,0,0,sudden,[],[],1685,0.1,168,0,0,0
1782,log_630_1708942816.xes,0.0,na,[],0,0,0,0,gradual_start,[],[],1685,0.1,168,0,0,0
1783,log_630_1708942816.xes,0.0,na,[],0,0,0,0,gradual_end,[],[],1685,0.1,168,0,0,0
1784,log_737_1708942804.xes,0.3,na,"['gradual', 'gradual']",2,4,0,2,no_drift,[],[],6671,0.1,667,0,0,0
1785,log_737_1708942804.xes,0.3,na,"['gradual', 'gradual']",2,4,0,2,sudden,[],[],6671,0.1,667,0,0,0
1786,log_737_1708942804.xes,0.3,na,"['gradual', 'gradual']",2,4,0,2,gradual_start,"[1909, 4259]",[4258],6671,0.1,667,1,0,2
1787,log_737_1708942804.xes,0.3,na,"['gradual', 'gradual']",2,4,0,2,gradual_end,"[2406, 4719]",[4654],6671,0.1,667,1,0,2
1788,log_132_1708942811.xes,0.0,na,"['gradual', 'sudden', 'gradual']",3,5,1,2,no_drift,[],[],6091,0.1,609,0,0,0
1789,log_132_1708942811.xes,0.0,na,"['gradual', 'sudden', 'gradual']",3,5,1,2,sudden,[3229],[3211],6091,0.1,609,1,0,1
1790,log_132_1708942811.xes,0.0,na,"['gradual', 'sudden', 'gradual']",3,5,1,2,gradual_start,"[1300, 4261]",[1321],6091,0.1,609,1,0,2
1791,log_132_1708942811.xes,0.0,na,"['gradual', 'sudden', 'gradual']",3,5,1,2,gradual_end,"[1853, 4566]",[1891],6091,0.1,609,1,0,2
1792,log_472_1708942815.xes,0.0,na,[],0,0,0,0,no_drift,[0],[0],4506,0.1,450,1,0,1
1793,log_472_1708942815.xes,0.0,na,[],0,0,0,0,sudden,[],[],4506,0.1,450,0,0,0
1794,log_472_1708942815.xes,0.0,na,[],0,0,0,0,gradual_start,[],[],4506,0.1,450,0,0,0
1795,log_472_1708942815.xes,0.0,na,[],0,0,0,0,gradual_end,[],[],4506,0.1,450,0,0,0
1796,log_629_1708942814.xes,0.3,na,['gradual'],1,2,0,1,no_drift,[],[],3923,0.1,392,0,0,0
1797,log_629_1708942814.xes,0.3,na,['gradual'],1,2,0,1,sudden,[],[],3923,0.1,392,0,0,0
1798,log_629_1708942814.xes,0.3,na,['gradual'],1,2,0,1,gradual_start,[1647],[1616],3923,0.1,392,1,0,1
1799,log_629_1708942814.xes,0.3,na,['gradual'],1,2,0,1,gradual_end,[2091],[2110],3923,0.1,392,1,0,1
1800,log_322_1708942809.xes,0.0,na,"['gradual', 'gradual']",2,4,0,2,no_drift,[],[],5850,0.1,585,0,0,0
1801,log_322_1708942809.xes,0.0,na,"['gradual', 'gradual']",2,4,0,2,sudden,[],[],5850,0.1,585,0,0,0
1802,log_322_1708942809.xes,0.0,na,"['gradual', 'gradual']",2,4,0,2,gradual_start,"[1743, 4058]",[1741],5850,0.1,585,1,0,2
1803,log_322_1708942809.xes,0.0,na,"['gradual', 'gradual']",2,4,0,2,gradual_end,"[2106, 4528]",[2060],5850,0.1,585,1,0,2
1804,log_208_1708942812.xes,0.0,na,"['sudden', 'gradual', 'sudden']",3,4,2,1,no_drift,[],[],6880,0.1,688,0,0,0
1805,log_208_1708942812.xes,0.0,na,"['sudden', 'gradual', 'sudden']",3,4,2,1,sudden,"[1904, 5727]",[1871],6880,0.1,688,1,0,2
1806,log_208_1708942812.xes,0.0,na,"['sudden', 'gradual', 'sudden']",3,4,2,1,gradual_start,[3263],[3231],6880,0.1,688,1,0,1
1807,log_208_1708942812.xes,0.0,na,"['sudden', 'gradual', 'sudden']",3,4,2,1,gradual_end,[3755],[3707],6880,0.1,688,1,0,1
1808,log_700_1708942814.xes,0.0,na,"['gradual', 'gradual', 'sudden']",3,5,1,2,no_drift,[],[],6948,0.1,694,0,0,0
1809,log_700_1708942814.xes,0.0,na,"['gradual', 'gradual', 'sudden']",3,5,1,2,sudden,[4987],[4965],6948,0.1,694,1,0,1
1810,log_700_1708942814.xes,0.0,na,"['gradual', 'gradual', 'sudden']",3,5,1,2,gradual_start,"[1025, 2763]",[987],6948,0.1,694,1,0,2
1811,log_700_1708942814.xes,0.0,na,"['gradual', 'gradual', 'sudden']",3,5,1,2,gradual_end,"[1432, 3354]",[1429],6948,0.1,694,1,0,2
1812,log_18_1708942807.xes,0.6,na,"['gradual', 'sudden', 'sudden']",3,4,2,1,no_drift,[],[],5905,0.1,590,0,0,0
1813,log_18_1708942807.xes,0.6,na,"['gradual', 'sudden', 'sudden']",3,4,2,1,sudden,"[3059, 4253]",[3075],5905,0.1,590,1,0,2
1814,log_18_1708942807.xes,0.6,na,"['gradual', 'sudden', 'sudden']",3,4,2,1,gradual_start,[1417],[1422],5905,0.1,590,1,0,1
1815,log_18_1708942807.xes,0.6,na,"['gradual', 'sudden', 'sudden']",3,4,2,1,gradual_end,[1962],[1973],5905,0.1,590,1,0,1
1816,log_662_1708942816.xes,0.3,na,['sudden'],1,1,1,0,no_drift,[],[0],3497,0.1,349,0,1,0
1817,log_662_1708942816.xes,0.3,na,['sudden'],1,1,1,0,sudden,[1650],[],3497,0.1,349,0,0,1
1818,log_662_1708942816.xes,0.3,na,['sudden'],1,1,1,0,gradual_start,[],[],3497,0.1,349,0,0,0
1819,log_662_1708942816.xes,0.3,na,['sudden'],1,1,1,0,gradual_end,[],[],3497,0.1,349,0,0,0
1820,log_553_1708942815.xes,0.0,na,"['sudden', 'sudden']",2,2,2,0,no_drift,[],[],4029,0.1,402,0,0,0
1821,log_553_1708942815.xes,0.0,na,"['sudden', 'sudden']",2,2,2,0,sudden,"[1570, 2838]","[1561, 2821]",4029,0.1,402,2,0,2
1822,log_553_1708942815.xes,0.0,na,"['sudden', 'sudden']",2,2,2,0,gradual_start,[],[],4029,0.1,402,0,0,0
1823,log_553_1708942815.xes,0.0,na,"['sudden', 'sudden']",2,2,2,0,gradual_end,[],[],4029,0.1,402,0,0,0
1824,log_398_1708942815.xes,0.0,na,['sudden'],1,1,1,0,no_drift,[],[],2796,0.1,279,0,0,0
1825,log_398_1708942815.xes,0.0,na,['sudden'],1,1,1,0,sudden,[1032],[1028],2796,0.1,279,1,0,1
1826,log_398_1708942815.xes,0.0,na,['sudden'],1,1,1,0,gradual_start,[],[],2796,0.1,279,0,0,0
1827,log_398_1708942815.xes,0.0,na,['sudden'],1,1,1,0,gradual_end,[],[],2796,0.1,279,0,0,0
1828,log_364_1708942816.xes,0.0,na,"['sudden', 'sudden']",2,2,2,0,no_drift,[],[],4819,0.1,481,0,0,0
1829,log_364_1708942816.xes,0.0,na,"['sudden', 'sudden']",2,2,2,0,sudden,"[1638, 2987]","[1609, 2977]",4819,0.1,481,2,0,2
1830,log_364_1708942816.xes,0.0,na,"['sudden', 'sudden']",2,2,2,0,gradual_start,[],[],4819,0.1,481,0,0,0
1831,log_364_1708942816.xes,0.0,na,"['sudden', 'sudden']",2,2,2,0,gradual_end,[],[],4819,0.1,481,0,0,0
1832,log_852_1708942814.xes,0.3,na,['gradual'],1,2,0,1,no_drift,[],[],3603,0.1,360,0,0,0
1833,log_852_1708942814.xes,0.3,na,['gradual'],1,2,0,1,sudden,[],[],3603,0.1,360,0,0,0
1834,log_852_1708942814.xes,0.3,na,['gradual'],1,2,0,1,gradual_start,[1412],[1405],3603,0.1,360,1,0,1
1835,log_852_1708942814.xes,0.3,na,['gradual'],1,2,0,1,gradual_end,[1825],[1819],3603,0.1,360,1,0,1
1836,log_98_1708942815.xes,0.0,na,"['sudden', 'sudden']",2,2,2,0,no_drift,[],[],3655,0.1,365,0,0,0
1837,log_98_1708942815.xes,0.0,na,"['sudden', 'sudden']",2,2,2,0,sudden,"[1312, 2325]","[2305, 1297]",3655,0.1,365,2,0,2
1838,log_98_1708942815.xes,0.0,na,"['sudden', 'sudden']",2,2,2,0,gradual_start,[],[],3655,0.1,365,0,0,0
1839,log_98_1708942815.xes,0.0,na,"['sudden', 'sudden']",2,2,2,0,gradual_end,[],[],3655,0.1,365,0,0,0
1840,log_471_1708942804.xes,0.6,na,[],0,0,0,0,no_drift,[0],[0],5892,0.1,589,1,0,1
1841,log_471_1708942804.xes,0.6,na,[],0,0,0,0,sudden,[],[],5892,0.1,589,0,0,0
1842,log_471_1708942804.xes,0.6,na,[],0,0,0,0,gradual_start,[],[],5892,0.1,589,0,0,0
1843,log_471_1708942804.xes,0.6,na,[],0,0,0,0,gradual_end,[],[],5892,0.1,589,0,0,0
1844,log_897_1708942815.xes,0.3,na,"['gradual', 'gradual']",2,4,0,2,no_drift,[],[],4680,0.1,468,0,0,0
1845,log_897_1708942815.xes,0.3,na,"['gradual', 'gradual']",2,4,0,2,sudden,[],[],4680,0.1,468,0,0,0
1846,log_897_1708942815.xes,0.3,na,"['gradual', 'gradual']",2,4,0,2,gradual_start,"[1463, 3017]","[3014, 1473]",4680,0.1,468,2,0,2
1847,log_897_1708942815.xes,0.3,na,"['gradual', 'gradual']",2,4,0,2,gradual_end,"[1778, 3610]","[3589, 1772]",4680,0.1,468,2,0,2
1848,log_738_1708942818.xes,0.0,na,['sudden'],1,1,1,0,no_drift,[],[0],3255,0.1,325,0,1,0
1849,log_738_1708942818.xes,0.0,na,['sudden'],1,1,1,0,sudden,[1665],[],3255,0.1,325,0,0,1
1850,log_738_1708942818.xes,0.0,na,['sudden'],1,1,1,0,gradual_start,[],[],3255,0.1,325,0,0,0
1851,log_738_1708942818.xes,0.0,na,['sudden'],1,1,1,0,gradual_end,[],[],3255,0.1,325,0,0,0
1852,log_591_1708942816.xes,0.3,na,[],0,0,0,0,no_drift,[0],[0],4932,0.1,493,1,0,1
1853,log_591_1708942816.xes,0.3,na,[],0,0,0,0,sudden,[],[],4932,0.1,493,0,0,0
1854,log_591_1708942816.xes,0.3,na,[],0,0,0,0,gradual_start,[],[],4932,0.1,493,0,0,0
1855,log_591_1708942816.xes,0.3,na,[],0,0,0,0,gradual_end,[],[],4932,0.1,493,0,0,0
1856,log_631_1708942817.xes,0.6,na,"['sudden', 'gradual']",2,3,1,1,no_drift,[],[],4008,0.1,400,0,0,0
1857,log_631_1708942817.xes,0.6,na,"['sudden', 'gradual']",2,3,1,1,sudden,[1007],[981],4008,0.1,400,1,0,1
1858,log_631_1708942817.xes,0.6,na,"['sudden', 'gradual']",2,3,1,1,gradual_start,[2156],[2161],4008,0.1,400,1,0,1
1859,log_631_1708942817.xes,0.6,na,"['sudden', 'gradual']",2,3,1,1,gradual_end,[2696],[2581],4008,0.1,400,1,0,1
1860,log_663_1708942818.xes,0.3,na,[],0,0,0,0,no_drift,[0],[0],2280,0.1,228,1,0,1
1861,log_663_1708942818.xes,0.3,na,[],0,0,0,0,sudden,[],[],2280,0.1,228,0,0,0
1862,log_663_1708942818.xes,0.3,na,[],0,0,0,0,gradual_start,[],[],2280,0.1,228,0,0,0
1863,log_663_1708942818.xes,0.3,na,[],0,0,0,0,gradual_end,[],[],2280,0.1,228,0,0,0
1864,log_853_1708942818.xes,0.0,na,['sudden'],1,1,1,0,no_drift,[],[],2563,0.1,256,0,0,0
1865,log_853_1708942818.xes,0.0,na,['sudden'],1,1,1,0,sudden,[1537],[1537],2563,0.1,256,1,0,1
1866,log_853_1708942818.xes,0.0,na,['sudden'],1,1,1,0,gradual_start,[],[],2563,0.1,256,0,0,0
1867,log_853_1708942818.xes,0.0,na,['sudden'],1,1,1,0,gradual_end,[],[],2563,0.1,256,0,0,0
1868,log_100_1708942821.xes,0.0,na,['sudden'],1,1,1,0,no_drift,[],[],2112,0.1,211,0,0,0
1869,log_100_1708942821.xes,0.0,na,['sudden'],1,1,1,0,sudden,[1036],[1031],2112,0.1,211,1,0,1
1870,log_100_1708942821.xes,0.0,na,['sudden'],1,1,1,0,gradual_start,[],[],2112,0.1,211,0,0,0
1871,log_100_1708942821.xes,0.0,na,['sudden'],1,1,1,0,gradual_end,[],[],2112,0.1,211,0,0,0
1872,log_440_1708942809.xes,0.6,na,"['gradual', 'sudden', 'gradual']",3,5,1,2,no_drift,[],[],6830,0.1,683,0,0,0
1873,log_440_1708942809.xes,0.6,na,"['gradual', 'sudden', 'gradual']",3,5,1,2,sudden,[3493],[3469],6830,0.1,683,1,0,1
1874,log_440_1708942809.xes,0.6,na,"['gradual', 'sudden', 'gradual']",3,5,1,2,gradual_start,"[1478, 4506]","[1429, 4489]",6830,0.1,683,2,0,2
1875,log_440_1708942809.xes,0.6,na,"['gradual', 'sudden', 'gradual']",3,5,1,2,gradual_end,"[1835, 4939]","[1803, 4897]",6830,0.1,683,2,0,2
1876,log_473_1708942818.xes,0.3,na,['gradual'],1,2,0,1,no_drift,[],[],4024,0.1,402,0,0,0
1877,log_473_1708942818.xes,0.3,na,['gradual'],1,2,0,1,sudden,[],[],4024,0.1,402,0,0,0
1878,log_473_1708942818.xes,0.3,na,['gradual'],1,2,0,1,gradual_start,[1774],[1741],4024,0.1,402,1,0,1
1879,log_473_1708942818.xes,0.3,na,['gradual'],1,2,0,1,gradual_end,[2232],[2241],4024,0.1,402,1,0,1
1880,log_779_1708942816.xes,0.3,na,"['sudden', 'gradual']",2,3,1,1,no_drift,[],[],4823,0.1,482,0,0,0
1881,log_779_1708942816.xes,0.3,na,"['sudden', 'gradual']",2,3,1,1,sudden,[1433],[],4823,0.1,482,0,0,1
1882,log_779_1708942816.xes,0.3,na,"['sudden', 'gradual']",2,3,1,1,gradual_start,[2904],[2905],4823,0.1,482,1,0,1
1883,log_779_1708942816.xes,0.3,na,"['sudden', 'gradual']",2,3,1,1,gradual_end,[3364],[3337],4823,0.1,482,1,0,1
1884,log_365_1708942818.xes,0.0,na,"['gradual', 'sudden', 'gradual']",3,5,1,2,no_drift,[],[0],6794,0.1,679,0,1,0
1885,log_365_1708942818.xes,0.0,na,"['gradual', 'sudden', 'gradual']",3,5,1,2,sudden,[3723],[],6794,0.1,679,0,0,1
1886,log_365_1708942818.xes,0.0,na,"['gradual', 'sudden', 'gradual']",3,5,1,2,gradual_start,"[1922, 4853]",[],6794,0.1,679,0,0,2
1887,log_365_1708942818.xes,0.0,na,"['gradual', 'sudden', 'gradual']",3,5,1,2,gradual_end,"[2292, 5200]",[],6794,0.1,679,0,0,2
1888,log_99_1708942818.xes,0.0,na,['sudden'],1,1,1,0,no_drift,[],[],2657,0.1,265,0,0,0
1889,log_99_1708942818.xes,0.0,na,['sudden'],1,1,1,0,sudden,[1203],[1184],2657,0.1,265,1,0,1
1890,log_99_1708942818.xes,0.0,na,['sudden'],1,1,1,0,gradual_start,[],[],2657,0.1,265,0,0,0
1891,log_99_1708942818.xes,0.0,na,['sudden'],1,1,1,0,gradual_end,[],[],2657,0.1,265,0,0,0
1892,log_554_1708942818.xes,0.0,na,"['gradual', 'sudden']",2,3,1,1,no_drift,[],[],4965,0.1,496,0,0,0
1893,log_554_1708942818.xes,0.0,na,"['gradual', 'sudden']",2,3,1,1,sudden,[3049],[3001],4965,0.1,496,1,0,1
1894,log_554_1708942818.xes,0.0,na,"['gradual', 'sudden']",2,3,1,1,gradual_start,[1197],[],4965,0.1,496,0,0,1
1895,log_554_1708942818.xes,0.0,na,"['gradual', 'sudden']",2,3,1,1,gradual_end,[1498],[],4965,0.1,496,0,0,1
1896,log_245_1708942814.xes,0.0,na,"['sudden', 'gradual', 'sudden']",3,4,2,1,no_drift,[],[],6977,0.1,697,0,0,0
1897,log_245_1708942814.xes,0.0,na,"['sudden', 'gradual', 'sudden']",3,4,2,1,sudden,"[1554, 5643]",[1531],6977,0.1,697,1,0,2
1898,log_245_1708942814.xes,0.0,na,"['sudden', 'gradual', 'sudden']",3,4,2,1,gradual_start,[3165],[],6977,0.1,697,0,0,1
1899,log_245_1708942814.xes,0.0,na,"['sudden', 'gradual', 'sudden']",3,4,2,1,gradual_end,[3654],[],6977,0.1,697,0,0,1
1900,log_400_1708942821.xes,0.3,na,[],0,0,0,0,no_drift,[0],[0],1210,0.1,121,1,0,1
1901,log_400_1708942821.xes,0.3,na,[],0,0,0,0,sudden,[],[],1210,0.1,121,0,0,0
1902,log_400_1708942821.xes,0.3,na,[],0,0,0,0,gradual_start,[],[],1210,0.1,121,0,0,0
1903,log_400_1708942821.xes,0.3,na,[],0,0,0,0,gradual_end,[],[],1210,0.1,121,0,0,0
1904,log_935_1708942808.xes,0.0,na,"['sudden', 'gradual', 'sudden']",3,4,2,1,no_drift,[],[],5988,0.1,598,0,0,0
1905,log_935_1708942808.xes,0.0,na,"['sudden', 'gradual', 'sudden']",3,4,2,1,sudden,"[1269, 4807]","[4786, 1219]",5988,0.1,598,2,0,2
1906,log_935_1708942808.xes,0.0,na,"['sudden', 'gradual', 'sudden']",3,4,2,1,gradual_start,[2662],[],5988,0.1,598,0,0,1
1907,log_935_1708942808.xes,0.0,na,"['sudden', 'gradual', 'sudden']",3,4,2,1,gradual_end,[3064],[],5988,0.1,598,0,0,1
1908,log_811_1708942816.xes,0.0,na,[],0,0,0,0,no_drift,[0],[0],4536,0.1,453,1,0,1
1909,log_811_1708942816.xes,0.0,na,[],0,0,0,0,sudden,[],[],4536,0.1,453,0,0,0
1910,log_811_1708942816.xes,0.0,na,[],0,0,0,0,gradual_start,[],[],4536,0.1,453,0,0,0
1911,log_811_1708942816.xes,0.0,na,[],0,0,0,0,gradual_end,[],[],4536,0.1,453,0,0,0
1912,log_854_1708942819.xes,0.0,na,"['sudden', 'gradual']",2,3,1,1,no_drift,[],[],5381,0.1,538,0,0,0
1913,log_854_1708942819.xes,0.0,na,"['sudden', 'gradual']",2,3,1,1,sudden,[1737],[1717],5381,0.1,538,1,0,1
1914,log_854_1708942819.xes,0.0,na,"['sudden', 'gradual']",2,3,1,1,gradual_start,[3095],[],5381,0.1,538,0,0,1
1915,log_854_1708942819.xes,0.0,na,"['sudden', 'gradual']",2,3,1,1,gradual_end,[3498],[],5381,0.1,538,0,0,1
1916,log_399_1708942818.xes,0.6,na,"['sudden', 'sudden', 'sudden']",3,3,3,0,no_drift,[],[],6074,0.1,607,0,0,0
1917,log_399_1708942818.xes,0.6,na,"['sudden', 'sudden', 'sudden']",3,3,3,0,sudden,"[1589, 2832, 4320]","[4291, 1561]",6074,0.1,607,2,0,3
1918,log_399_1708942818.xes,0.6,na,"['sudden', 'sudden', 'sudden']",3,3,3,0,gradual_start,[],[],6074,0.1,607,0,0,0
1919,log_399_1708942818.xes,0.6,na,"['sudden', 'sudden', 'sudden']",3,3,3,0,gradual_end,[],[],6074,0.1,607,0,0,0
1920,log_780_1708942819.xes,0.0,na,['sudden'],1,1,1,0,no_drift,[],[0],2359,0.1,235,0,1,0
1921,log_780_1708942819.xes,0.0,na,['sudden'],1,1,1,0,sudden,[1027],[],2359,0.1,235,0,0,1
1922,log_780_1708942819.xes,0.0,na,['sudden'],1,1,1,0,gradual_start,[],[],2359,0.1,235,0,0,0
1923,log_780_1708942819.xes,0.0,na,['sudden'],1,1,1,0,gradual_end,[],[],2359,0.1,235,0,0,0
1924,log_323_1708942817.xes,0.0,na,"['sudden', 'gradual']",2,3,1,1,no_drift,[],[],5638,0.1,563,0,0,0
1925,log_323_1708942817.xes,0.0,na,"['sudden', 'gradual']",2,3,1,1,sudden,[1256],[1233],5638,0.1,563,1,0,1
1926,log_323_1708942817.xes,0.0,na,"['sudden', 'gradual']",2,3,1,1,gradual_start,[3133],[3137],5638,0.1,563,1,0,1
1927,log_323_1708942817.xes,0.0,na,"['sudden', 'gradual']",2,3,1,1,gradual_end,[3723],[3725],5638,0.1,563,1,0,1
1928,log_54_1708942820.xes,0.0,na,[],0,0,0,0,no_drift,[0],[0],3820,0.1,382,1,0,1
1929,log_54_1708942820.xes,0.0,na,[],0,0,0,0,sudden,[],[],3820,0.1,382,0,0,0
1930,log_54_1708942820.xes,0.0,na,[],0,0,0,0,gradual_start,[],[],3820,0.1,382,0,0,0
1931,log_54_1708942820.xes,0.0,na,[],0,0,0,0,gradual_end,[],[],3820,0.1,382,0,0,0
1932,log_174_1708942814.xes,0.0,na,"['sudden', 'sudden']",2,2,2,0,no_drift,[],[],4473,0.1,447,0,0,0
1933,log_174_1708942814.xes,0.0,na,"['sudden', 'sudden']",2,2,2,0,sudden,"[1699, 3378]","[1673, 3345]",4473,0.1,447,2,0,2
1934,log_174_1708942814.xes,0.0,na,"['sudden', 'sudden']",2,2,2,0,gradual_start,[],[],4473,0.1,447,0,0,0
1935,log_174_1708942814.xes,0.0,na,"['sudden', 'sudden']",2,2,2,0,gradual_end,[],[],4473,0.1,447,0,0,0
1936,log_53_1708942802.xes,0.6,na,"['sudden', 'gradual']",2,3,1,1,no_drift,[],[],5437,0.1,543,0,0,0
1937,log_53_1708942802.xes,0.6,na,"['sudden', 'gradual']",2,3,1,1,sudden,[1221],[1189],5437,0.1,543,1,0,1
1938,log_53_1708942802.xes,0.6,na,"['sudden', 'gradual']",2,3,1,1,gradual_start,[3124],[3106],5437,0.1,543,1,0,1
1939,log_53_1708942802.xes,0.6,na,"['sudden', 'gradual']",2,3,1,1,gradual_end,[3463],[3457],5437,0.1,543,1,0,1
1940,log_592_1708942818.xes,0.0,na,"['sudden', 'sudden']",2,2,2,0,no_drift,[],[],4369,0.1,436,0,0,0
1941,log_592_1708942818.xes,0.0,na,"['sudden', 'sudden']",2,2,2,0,sudden,"[1858, 2959]","[2941, 1828]",4369,0.1,436,2,0,2
1942,log_592_1708942818.xes,0.0,na,"['sudden', 'sudden']",2,2,2,0,gradual_start,[],[],4369,0.1,436,0,0,0
1943,log_592_1708942818.xes,0.0,na,"['sudden', 'sudden']",2,2,2,0,gradual_end,[],[],4369,0.1,436,0,0,0
1944,log_246_1708942820.xes,0.3,na,"['sudden', 'sudden']",2,2,2,0,no_drift,[],[],4017,0.1,401,0,0,0
1945,log_246_1708942820.xes,0.3,na,"['sudden', 'sudden']",2,2,2,0,sudden,"[1162, 2964]","[2961, 1161]",4017,0.1,401,2,0,2
1946,log_246_1708942820.xes,0.3,na,"['sudden', 'sudden']",2,2,2,0,gradual_start,[],[],4017,0.1,401,0,0,0
1947,log_246_1708942820.xes,0.3,na,"['sudden', 'sudden']",2,2,2,0,gradual_end,[],[],4017,0.1,401,0,0,0
1948,log_632_1708942820.xes,0.6,na,['gradual'],1,2,0,1,no_drift,[],[0],3392,0.1,339,0,1,0
1949,log_632_1708942820.xes,0.6,na,['gradual'],1,2,0,1,sudden,[],[],3392,0.1,339,0,0,0
1950,log_632_1708942820.xes,0.6,na,['gradual'],1,2,0,1,gradual_start,[1501],[],3392,0.1,339,0,0,1
1951,log_632_1708942820.xes,0.6,na,['gradual'],1,2,0,1,gradual_end,[1897],[],3392,0.1,339,0,0,1
1952,log_209_1708942817.xes,0.0,na,['gradual'],1,2,0,1,no_drift,[],[],3670,0.1,367,0,0,0
1953,log_209_1708942817.xes,0.0,na,['gradual'],1,2,0,1,sudden,[],[],3670,0.1,367,0,0,0
1954,log_209_1708942817.xes,0.0,na,['gradual'],1,2,0,1,gradual_start,[1319],[1351],3670,0.1,367,1,0,1
1955,log_209_1708942817.xes,0.0,na,['gradual'],1,2,0,1,gradual_end,[1754],[1747],3670,0.1,367,1,0,1
1956,log_812_1708942820.xes,0.6,na,['gradual'],1,2,0,1,no_drift,[],[],3841,0.1,384,0,0,0
1957,log_812_1708942820.xes,0.6,na,['gradual'],1,2,0,1,sudden,[],[],3841,0.1,384,0,0,0
1958,log_812_1708942820.xes,0.6,na,['gradual'],1,2,0,1,gradual_start,[1609],[1540],3841,0.1,384,1,0,1
1959,log_812_1708942820.xes,0.6,na,['gradual'],1,2,0,1,gradual_end,[2023],[2072],3841,0.1,384,1,0,1
1960,log_19_1708942819.xes,0.0,na,"['sudden', 'gradual']",2,3,1,1,no_drift,[],[],5150,0.1,515,0,0,0
1961,log_19_1708942819.xes,0.0,na,"['sudden', 'gradual']",2,3,1,1,sudden,[1559],[],5150,0.1,515,0,0,1
1962,log_19_1708942819.xes,0.0,na,"['sudden', 'gradual']",2,3,1,1,gradual_start,[3387],[3351],5150,0.1,515,1,0,1
1963,log_19_1708942819.xes,0.0,na,"['sudden', 'gradual']",2,3,1,1,gradual_end,[3810],[3776],5150,0.1,515,1,0,1
1964,log_936_1708942820.xes,0.0,na,"['gradual', 'sudden']",2,3,1,1,no_drift,[],[],4692,0.1,469,0,0,0
1965,log_936_1708942820.xes,0.0,na,"['gradual', 'sudden']",2,3,1,1,sudden,[3386],[3382],4692,0.1,469,1,0,1
1966,log_936_1708942820.xes,0.0,na,"['gradual', 'sudden']",2,3,1,1,gradual_start,[1068],[],4692,0.1,469,0,0,1
1967,log_936_1708942820.xes,0.0,na,"['gradual', 'sudden']",2,3,1,1,gradual_end,[1426],[],4692,0.1,469,0,0,1
1968,log_474_1708942822.xes,0.0,na,[],0,0,0,0,no_drift,[0],[0],2882,0.1,288,1,0,1
1969,log_474_1708942822.xes,0.0,na,[],0,0,0,0,sudden,[],[],2882,0.1,288,0,0,0
1970,log_474_1708942822.xes,0.0,na,[],0,0,0,0,gradual_start,[],[],2882,0.1,288,0,0,0
1971,log_474_1708942822.xes,0.0,na,[],0,0,0,0,gradual_end,[],[],2882,0.1,288,0,0,0
1972,log_937_1708942824.xes,0.0,na,[],0,0,0,0,no_drift,[0],[0],2360,0.1,236,1,0,1
1973,log_937_1708942824.xes,0.0,na,[],0,0,0,0,sudden,[],[],2360,0.1,236,0,0,0
1974,log_937_1708942824.xes,0.0,na,[],0,0,0,0,gradual_start,[],[],2360,0.1,236,0,0,0
1975,log_937_1708942824.xes,0.0,na,[],0,0,0,0,gradual_end,[],[],2360,0.1,236,0,0,0
1976,log_210_1708942822.xes,0.3,na,['gradual'],1,2,0,1,no_drift,[],[],3766,0.1,376,0,0,0
1977,log_210_1708942822.xes,0.3,na,['gradual'],1,2,0,1,sudden,[],[],3766,0.1,376,0,0,0
1978,log_210_1708942822.xes,0.3,na,['gradual'],1,2,0,1,gradual_start,[1455],[1441],3766,0.1,376,1,0,1
1979,log_210_1708942822.xes,0.3,na,['gradual'],1,2,0,1,gradual_end,[1809],[1819],3766,0.1,376,1,0,1
1980,log_898_1708942819.xes,0.3,na,"['sudden', 'gradual']",2,3,1,1,no_drift,[],[],4025,0.1,402,0,0,0
1981,log_898_1708942819.xes,0.3,na,"['sudden', 'gradual']",2,3,1,1,sudden,[1195],[1181],4025,0.1,402,1,0,1
1982,log_898_1708942819.xes,0.3,na,"['sudden', 'gradual']",2,3,1,1,gradual_start,[2406],[2401],4025,0.1,402,1,0,1
1983,log_898_1708942819.xes,0.3,na,"['sudden', 'gradual']",2,3,1,1,gradual_end,[2932],[2881],4025,0.1,402,1,0,1
1984,log_781_1708942821.xes,0.0,na,[],0,0,0,0,no_drift,[0],[0],6264,0.1,626,1,0,1
1985,log_781_1708942821.xes,0.0,na,[],0,0,0,0,sudden,[],[],6264,0.1,626,0,0,0
1986,log_781_1708942821.xes,0.0,na,[],0,0,0,0,gradual_start,[],[],6264,0.1,626,0,0,0
1987,log_781_1708942821.xes,0.0,na,[],0,0,0,0,gradual_end,[],[],6264,0.1,626,0,0,0
1988,log_555_1708942820.xes,0.6,na,"['sudden', 'sudden']",2,2,2,0,no_drift,[],[],4446,0.1,444,0,0,0
1989,log_555_1708942820.xes,0.6,na,"['sudden', 'sudden']",2,2,2,0,sudden,"[1038, 2567]","[2553, 1013]",4446,0.1,444,2,0,2
1990,log_555_1708942820.xes,0.6,na,"['sudden', 'sudden']",2,2,2,0,gradual_start,[],[],4446,0.1,444,0,0,0
1991,log_555_1708942820.xes,0.6,na,"['sudden', 'sudden']",2,2,2,0,gradual_end,[],[],4446,0.1,444,0,0,0
1992,log_55_1708942822.xes,0.6,na,"['gradual', 'sudden']",2,3,1,1,no_drift,[],[0],4913,0.1,491,0,1,0
1993,log_55_1708942822.xes,0.6,na,"['gradual', 'sudden']",2,3,1,1,sudden,[3662],[],4913,0.1,491,0,0,1
1994,log_55_1708942822.xes,0.6,na,"['gradual', 'sudden']",2,3,1,1,gradual_start,[1540],[],4913,0.1,491,0,0,1
1995,log_55_1708942822.xes,0.6,na,"['gradual', 'sudden']",2,3,1,1,gradual_end,[1858],[],4913,0.1,491,0,0,1
1996,log_401_1708942822.xes,0.3,na,[],0,0,0,0,no_drift,[0],[0],3728,0.1,372,1,0,1
1997,log_401_1708942822.xes,0.3,na,[],0,0,0,0,sudden,[],[],3728,0.1,372,0,0,0
1998,log_401_1708942822.xes,0.3,na,[],0,0,0,0,gradual_start,[],[],3728,0.1,372,0,0,0
1999,log_401_1708942822.xes,0.3,na,[],0,0,0,0,gradual_end,[],[],3728,0.1,372,0,0,0
2000,log_442_1708942825.xes,0.0,na,[],0,0,0,0,no_drift,[0],[0],1098,0.1,109,1,0,1
2001,log_442_1708942825.xes,0.0,na,[],0,0,0,0,sudden,[],[],1098,0.1,109,0,0,0
2002,log_442_1708942825.xes,0.0,na,[],0,0,0,0,gradual_start,[],[],1098,0.1,109,0,0,0
2003,log_442_1708942825.xes,0.0,na,[],0,0,0,0,gradual_end,[],[],1098,0.1,109,0,0,0
2004,log_101_1708942821.xes,0.3,na,"['sudden', 'sudden']",2,2,2,0,no_drift,[],[],4272,0.1,427,0,0,0
2005,log_101_1708942821.xes,0.3,na,"['sudden', 'sudden']",2,2,2,0,sudden,"[1107, 2973]","[2962, 1072]",4272,0.1,427,2,0,2
2006,log_101_1708942821.xes,0.3,na,"['sudden', 'sudden']",2,2,2,0,gradual_start,[],[],4272,0.1,427,0,0,0
2007,log_101_1708942821.xes,0.3,na,"['sudden', 'sudden']",2,2,2,0,gradual_end,[],[],4272,0.1,427,0,0,0
2008,log_247_1708942822.xes,0.0,na,"['sudden', 'sudden']",2,2,2,0,no_drift,[],[],5189,0.1,518,0,0,0
2009,log_247_1708942822.xes,0.0,na,"['sudden', 'sudden']",2,2,2,0,sudden,"[1374, 3243]","[3226, 1351]",5189,0.1,518,2,0,2
2010,log_247_1708942822.xes,0.0,na,"['sudden', 'sudden']",2,2,2,0,gradual_start,[],[],5189,0.1,518,0,0,0
2011,log_247_1708942822.xes,0.0,na,"['sudden', 'sudden']",2,2,2,0,gradual_end,[],[],5189,0.1,518,0,0,0
2012,log_402_1708942825.xes,0.3,na,[],0,0,0,0,no_drift,[0],[0],4455,0.1,445,1,0,1
2013,log_402_1708942825.xes,0.3,na,[],0,0,0,0,sudden,[],[],4455,0.1,445,0,0,0
2014,log_402_1708942825.xes,0.3,na,[],0,0,0,0,gradual_start,[],[],4455,0.1,445,0,0,0
2015,log_402_1708942825.xes,0.3,na,[],0,0,0,0,gradual_end,[],[],4455,0.1,445,0,0,0
2016,log_593_1708942822.xes,0.0,na,['sudden'],1,1,1,0,no_drift,[],[],2522,0.1,252,0,0,0
2017,log_593_1708942822.xes,0.0,na,['sudden'],1,1,1,0,sudden,[1407],[1393],2522,0.1,252,1,0,1
2018,log_593_1708942822.xes,0.0,na,['sudden'],1,1,1,0,gradual_start,[],[],2522,0.1,252,0,0,0
2019,log_593_1708942822.xes,0.0,na,['sudden'],1,1,1,0,gradual_end,[],[],2522,0.1,252,0,0,0
2020,log_441_1708942820.xes,0.0,na,"['gradual', 'gradual', 'gradual']",3,6,0,3,no_drift,[],[],6554,0.1,655,0,0,0
2021,log_441_1708942820.xes,0.0,na,"['gradual', 'gradual', 'gradual']",3,6,0,3,sudden,[],[],6554,0.1,655,0,0,0
2022,log_441_1708942820.xes,0.0,na,"['gradual', 'gradual', 'gradual']",3,6,0,3,gradual_start,"[1175, 3021, 5093]","[5089, 3009]",6554,0.1,655,2,0,3
2023,log_441_1708942820.xes,0.0,na,"['gradual', 'gradual', 'gradual']",3,6,0,3,gradual_end,"[1568, 3401, 5502]","[5473, 3393]",6554,0.1,655,2,0,3
2024,log_855_1708942822.xes,0.0,na,"['sudden', 'sudden', 'gradual']",3,4,2,1,no_drift,[],[0],5782,0.1,578,0,1,0
2025,log_855_1708942822.xes,0.0,na,"['sudden', 'sudden', 'gradual']",3,4,2,1,sudden,"[1804, 2887]",[],5782,0.1,578,0,0,2
2026,log_855_1708942822.xes,0.0,na,"['sudden', 'sudden', 'gradual']",3,4,2,1,gradual_start,[4017],[],5782,0.1,578,0,0,1
2027,log_855_1708942822.xes,0.0,na,"['sudden', 'sudden', 'gradual']",3,4,2,1,gradual_end,[4557],[],5782,0.1,578,0,0,1
2028,log_813_1708942823.xes,0.6,na,[],0,0,0,0,no_drift,[0],[0],5739,0.1,573,1,0,1
2029,log_813_1708942823.xes,0.6,na,[],0,0,0,0,sudden,[],[],5739,0.1,573,0,0,0
2030,log_813_1708942823.xes,0.6,na,[],0,0,0,0,gradual_start,[],[],5739,0.1,573,0,0,0
2031,log_813_1708942823.xes,0.6,na,[],0,0,0,0,gradual_end,[],[],5739,0.1,573,0,0,0
2032,log_248_1708942826.xes,0.0,na,"['gradual', 'sudden']",2,3,1,1,no_drift,[],[],5852,0.1,585,0,0,0
2033,log_248_1708942826.xes,0.0,na,"['gradual', 'sudden']",2,3,1,1,sudden,[3959],[3916],5852,0.1,585,1,0,1
2034,log_248_1708942826.xes,0.0,na,"['gradual', 'sudden']",2,3,1,1,gradual_start,[1930],[],5852,0.1,585,0,0,1
2035,log_248_1708942826.xes,0.0,na,"['gradual', 'sudden']",2,3,1,1,gradual_end,[2450],[],5852,0.1,585,0,0,1
2036,log_324_1708942821.xes,0.0,na,"['sudden', 'gradual', 'sudden']",3,4,2,1,no_drift,[],[],6742,0.1,674,0,0,0
2037,log_324_1708942821.xes,0.0,na,"['sudden', 'gradual', 'sudden']",3,4,2,1,sudden,"[1746, 5316]","[5281, 1717]",6742,0.1,674,2,0,2
2038,log_324_1708942821.xes,0.0,na,"['sudden', 'gradual', 'sudden']",3,4,2,1,gradual_start,[3322],[],6742,0.1,674,0,0,1
2039,log_324_1708942821.xes,0.0,na,"['sudden', 'gradual', 'sudden']",3,4,2,1,gradual_end,[3862],[],6742,0.1,674,0,0,1
2040,log_556_1708942824.xes,0.0,na,"['gradual', 'sudden']",2,3,1,1,no_drift,[],[],5391,0.1,539,0,0,0
2041,log_556_1708942824.xes,0.0,na,"['gradual', 'sudden']",2,3,1,1,sudden,[3475],[3459],5391,0.1,539,1,0,1
2042,log_556_1708942824.xes,0.0,na,"['gradual', 'sudden']",2,3,1,1,gradual_start,[1023],[1041],5391,0.1,539,1,0,1
2043,log_556_1708942824.xes,0.0,na,"['gradual', 'sudden']",2,3,1,1,gradual_end,[1590],[1561],5391,0.1,539,1,0,1
2044,log_739_1708942820.xes,0.0,na,"['gradual', 'sudden', 'sudden']",3,4,2,1,no_drift,[],[],6895,0.1,689,0,0,0
2045,log_739_1708942820.xes,0.0,na,"['gradual', 'sudden', 'sudden']",3,4,2,1,sudden,"[3689, 5577]",[5543],6895,0.1,689,1,0,2
2046,log_739_1708942820.xes,0.0,na,"['gradual', 'sudden', 'sudden']",3,4,2,1,gradual_start,[1931],[],6895,0.1,689,0,0,1
2047,log_739_1708942820.xes,0.0,na,"['gradual', 'sudden', 'sudden']",3,4,2,1,gradual_end,[2293],[],6895,0.1,689,0,0,1
2048,log_740_1708942827.xes,0.0,na,[],0,0,0,0,no_drift,[0],[0],2212,0.1,221,1,0,1
2049,log_740_1708942827.xes,0.0,na,[],0,0,0,0,sudden,[],[],2212,0.1,221,0,0,0
2050,log_740_1708942827.xes,0.0,na,[],0,0,0,0,gradual_start,[],[],2212,0.1,221,0,0,0
2051,log_740_1708942827.xes,0.0,na,[],0,0,0,0,gradual_end,[],[],2212,0.1,221,0,0,0
2052,log_133_1708942816.xes,0.3,na,"['sudden', 'gradual']",2,3,1,1,no_drift,[],[],4535,0.1,453,0,0,0
2053,log_133_1708942816.xes,0.3,na,"['sudden', 'gradual']",2,3,1,1,sudden,[1552],[1519],4535,0.1,453,1,0,1
2054,log_133_1708942816.xes,0.3,na,"['sudden', 'gradual']",2,3,1,1,gradual_start,[2921],[2905],4535,0.1,453,1,0,1
2055,log_133_1708942816.xes,0.3,na,"['sudden', 'gradual']",2,3,1,1,gradual_end,[3354],[3345],4535,0.1,453,1,0,1
2056,log_443_1708942826.xes,0.3,na,['gradual'],1,2,0,1,no_drift,[],[],3334,0.1,333,0,0,0
2057,log_443_1708942826.xes,0.3,na,['gradual'],1,2,0,1,sudden,[],[],3334,0.1,333,0,0,0
2058,log_443_1708942826.xes,0.3,na,['gradual'],1,2,0,1,gradual_start,[1654],[1681],3334,0.1,333,1,0,1
2059,log_443_1708942826.xes,0.3,na,['gradual'],1,2,0,1,gradual_end,[1997],[2017],3334,0.1,333,1,0,1
2060,log_558_1708942830.xes,0.6,na,[],0,0,0,0,no_drift,[0],[0],1639,0.1,163,1,0,1
2061,log_558_1708942830.xes,0.6,na,[],0,0,0,0,sudden,[],[],1639,0.1,163,0,0,0
2062,log_558_1708942830.xes,0.6,na,[],0,0,0,0,gradual_start,[],[],1639,0.1,163,0,0,0
2063,log_558_1708942830.xes,0.6,na,[],0,0,0,0,gradual_end,[],[],1639,0.1,163,0,0,0
2064,log_938_1708942825.xes,0.0,na,"['sudden', 'sudden', 'sudden']",3,3,3,0,no_drift,[],[],5844,0.1,584,0,0,0
2065,log_938_1708942825.xes,0.0,na,"['sudden', 'sudden', 'sudden']",3,3,3,0,sudden,"[1875, 3619, 4724]","[1857, 3597, 4699]",5844,0.1,584,3,0,3
2066,log_938_1708942825.xes,0.0,na,"['sudden', 'sudden', 'sudden']",3,3,3,0,gradual_start,[],[],5844,0.1,584,0,0,0
2067,log_938_1708942825.xes,0.0,na,"['sudden', 'sudden', 'sudden']",3,3,3,0,gradual_end,[],[],5844,0.1,584,0,0,0
2068,log_56_1708942825.xes,0.3,na,"['sudden', 'sudden', 'sudden']",3,3,3,0,no_drift,[],[],4909,0.1,490,0,0,0
2069,log_56_1708942825.xes,0.3,na,"['sudden', 'sudden', 'sudden']",3,3,3,0,sudden,"[1167, 2229, 3584]","[2209, 1129, 3577]",4909,0.1,490,3,0,3
2070,log_56_1708942825.xes,0.3,na,"['sudden', 'sudden', 'sudden']",3,3,3,0,gradual_start,[],[],4909,0.1,490,0,0,0
2071,log_56_1708942825.xes,0.3,na,"['sudden', 'sudden', 'sudden']",3,3,3,0,gradual_end,[],[],4909,0.1,490,0,0,0
2072,log_557_1708942828.xes,0.6,na,[],0,0,0,0,no_drift,[0],[0],3076,0.1,307,1,0,1
2073,log_557_1708942828.xes,0.6,na,[],0,0,0,0,sudden,[],[],3076,0.1,307,0,0,0
2074,log_557_1708942828.xes,0.6,na,[],0,0,0,0,gradual_start,[],[],3076,0.1,307,0,0,0
2075,log_557_1708942828.xes,0.6,na,[],0,0,0,0,gradual_end,[],[],3076,0.1,307,0,0,0
2076,log_701_1708942819.xes,0.0,na,['gradual'],1,2,0,1,no_drift,[],[],3335,0.1,333,0,0,0
2077,log_701_1708942819.xes,0.0,na,['gradual'],1,2,0,1,sudden,[],[],3335,0.1,333,0,0,0
2078,log_701_1708942819.xes,0.0,na,['gradual'],1,2,0,1,gradual_start,[1692],[1681],3335,0.1,333,1,0,1
2079,log_701_1708942819.xes,0.0,na,['gradual'],1,2,0,1,gradual_end,[2087],[2081],3335,0.1,333,1,0,1
2080,log_782_1708942824.xes,0.0,na,"['gradual', 'gradual', 'gradual']",3,6,0,3,no_drift,[],[],6225,0.1,622,0,0,0
2081,log_782_1708942824.xes,0.0,na,"['gradual', 'gradual', 'gradual']",3,6,0,3,sudden,[],[],6225,0.1,622,0,0,0
2082,log_782_1708942824.xes,0.0,na,"['gradual', 'gradual', 'gradual']",3,6,0,3,gradual_start,"[1346, 3436, 4812]","[3380, 4806]",6225,0.1,622,2,0,3
2083,log_782_1708942824.xes,0.0,na,"['gradual', 'gradual', 'gradual']",3,6,0,3,gradual_end,"[1670, 3804, 5164]","[3783, 5147]",6225,0.1,622,2,0,3
2084,log_20_1708942823.xes,0.3,na,"['sudden', 'gradual', 'gradual']",3,5,1,2,no_drift,[],[],7141,0.1,714,0,0,0
2085,log_20_1708942823.xes,0.3,na,"['sudden', 'gradual', 'gradual']",3,5,1,2,sudden,[1179],[1156],7141,0.1,714,1,0,1
2086,log_20_1708942823.xes,0.3,na,"['sudden', 'gradual', 'gradual']",3,5,1,2,gradual_start,"[2639, 4892]",[4866],7141,0.1,714,1,0,2
2087,log_20_1708942823.xes,0.3,na,"['sudden', 'gradual', 'gradual']",3,5,1,2,gradual_end,"[3183, 5384]",[5356],7141,0.1,714,1,0,2
2088,log_633_1708942823.xes,0.6,na,"['gradual', 'gradual']",2,4,0,2,no_drift,[],[],4558,0.1,455,0,0,0
2089,log_633_1708942823.xes,0.6,na,"['gradual', 'gradual']",2,4,0,2,sudden,[],[],4558,0.1,455,0,0,0
2090,log_633_1708942823.xes,0.6,na,"['gradual', 'gradual']",2,4,0,2,gradual_start,"[1187, 2878]","[2861, 1211]",4558,0.1,455,2,0,2
2091,log_633_1708942823.xes,0.6,na,"['gradual', 'gradual']",2,4,0,2,gradual_end,"[1776, 3466]","[3433, 1761]",4558,0.1,455,2,0,2
2092,log_175_1708942819.xes,0.0,na,"['gradual', 'sudden']",2,3,1,1,no_drift,[],[],5075,0.1,507,0,0,0
2093,log_175_1708942819.xes,0.0,na,"['gradual', 'sudden']",2,3,1,1,sudden,[3540],[3526],5075,0.1,507,1,0,1
2094,log_175_1708942819.xes,0.0,na,"['gradual', 'sudden']",2,3,1,1,gradual_start,[1609],[1576],5075,0.1,507,1,0,1
2095,log_175_1708942819.xes,0.0,na,"['gradual', 'sudden']",2,3,1,1,gradual_end,[2117],[2101],5075,0.1,507,1,0,1
2096,log_664_1708942820.xes,0.3,na,"['gradual', 'gradual', 'gradual']",3,6,0,3,no_drift,[],[0],7451,0.1,745,0,1,0
2097,log_664_1708942820.xes,0.3,na,"['gradual', 'gradual', 'gradual']",3,6,0,3,sudden,[],[],7451,0.1,745,0,0,0
2098,log_664_1708942820.xes,0.3,na,"['gradual', 'gradual', 'gradual']",3,6,0,3,gradual_start,"[1115, 3296, 5788]",[],7451,0.1,745,0,0,3
2099,log_664_1708942820.xes,0.3,na,"['gradual', 'gradual', 'gradual']",3,6,0,3,gradual_end,"[1418, 3814, 6205]",[],7451,0.1,745,0,0,3
2100,log_249_1708942828.xes,0.6,na,[],0,0,0,0,no_drift,[0],[0],4536,0.1,453,1,0,1
2101,log_249_1708942828.xes,0.6,na,[],0,0,0,0,sudden,[],[],4536,0.1,453,0,0,0
2102,log_249_1708942828.xes,0.6,na,[],0,0,0,0,gradual_start,[],[],4536,0.1,453,0,0,0
2103,log_249_1708942828.xes,0.6,na,[],0,0,0,0,gradual_end,[],[],4536,0.1,453,0,0,0
2104,log_702_1708942830.xes,0.0,na,[],0,0,0,0,no_drift,[0],[0],1177,0.1,117,1,0,1
2105,log_702_1708942830.xes,0.0,na,[],0,0,0,0,sudden,[],[],1177,0.1,117,0,0,0
2106,log_702_1708942830.xes,0.0,na,[],0,0,0,0,gradual_start,[],[],1177,0.1,117,0,0,0
2107,log_702_1708942830.xes,0.0,na,[],0,0,0,0,gradual_end,[],[],1177,0.1,117,0,0,0
2108,log_475_1708942824.xes,0.6,na,"['gradual', 'sudden', 'sudden']",3,4,2,1,no_drift,[],[],6578,0.1,657,0,0,0
2109,log_475_1708942824.xes,0.6,na,"['gradual', 'sudden', 'sudden']",3,4,2,1,sudden,"[3083, 4731]",[4705],6578,0.1,657,1,0,2
2110,log_475_1708942824.xes,0.6,na,"['gradual', 'sudden', 'sudden']",3,4,2,1,gradual_start,[1316],[1281],6578,0.1,657,1,0,1
2111,log_475_1708942824.xes,0.6,na,"['gradual', 'sudden', 'sudden']",3,4,2,1,gradual_end,[1790],[1793],6578,0.1,657,1,0,1
2112,log_102_1708942825.xes,0.6,na,"['gradual', 'sudden']",2,3,1,1,no_drift,[],[0],5845,0.1,584,0,1,0
2113,log_102_1708942825.xes,0.6,na,"['gradual', 'sudden']",2,3,1,1,sudden,[3873],[],5845,0.1,584,0,0,1
2114,log_102_1708942825.xes,0.6,na,"['gradual', 'sudden']",2,3,1,1,gradual_start,[1689],[],5845,0.1,584,0,0,1
2115,log_102_1708942825.xes,0.6,na,"['gradual', 'sudden']",2,3,1,1,gradual_end,[2008],[],5845,0.1,584,0,0,1
2116,log_444_1708942828.xes,0.0,na,['sudden'],1,1,1,0,no_drift,[],[],2989,0.1,298,0,0,0
2117,log_444_1708942828.xes,0.0,na,['sudden'],1,1,1,0,sudden,[1458],[1443],2989,0.1,298,1,0,1
2118,log_444_1708942828.xes,0.0,na,['sudden'],1,1,1,0,gradual_start,[],[],2989,0.1,298,0,0,0
2119,log_444_1708942828.xes,0.0,na,['sudden'],1,1,1,0,gradual_end,[],[],2989,0.1,298,0,0,0
2120,log_57_1708942829.xes,0.0,na,"['gradual', 'gradual', 'gradual']",3,6,0,3,no_drift,[],[],7647,0.1,764,0,0,0
2121,log_57_1708942829.xes,0.0,na,"['gradual', 'gradual', 'gradual']",3,6,0,3,sudden,[],[],7647,0.1,764,0,0,0
2122,log_57_1708942829.xes,0.0,na,"['gradual', 'gradual', 'gradual']",3,6,0,3,gradual_start,"[1533, 3601, 5620]",[5625],7647,0.1,764,1,0,3
2123,log_57_1708942829.xes,0.0,na,"['gradual', 'gradual', 'gradual']",3,6,0,3,gradual_end,"[2128, 4100, 6201]",[6195],7647,0.1,764,1,0,3
2124,log_634_1708942830.xes,0.0,na,['sudden'],1,1,1,0,no_drift,[],[],2391,0.1,239,0,0,0
2125,log_634_1708942830.xes,0.0,na,['sudden'],1,1,1,0,sudden,[1083],[1068],2391,0.1,239,1,0,1
2126,log_634_1708942830.xes,0.0,na,['sudden'],1,1,1,0,gradual_start,[],[],2391,0.1,239,0,0,0
2127,log_634_1708942830.xes,0.0,na,['sudden'],1,1,1,0,gradual_end,[],[],2391,0.1,239,0,0,0
2128,log_741_1708942829.xes,0.0,na,['sudden'],1,1,1,0,no_drift,[],[],3128,0.1,312,0,0,0
2129,log_741_1708942829.xes,0.0,na,['sudden'],1,1,1,0,sudden,[1789],[1786],3128,0.1,312,1,0,1
2130,log_741_1708942829.xes,0.0,na,['sudden'],1,1,1,0,gradual_start,[],[],3128,0.1,312,0,0,0
2131,log_741_1708942829.xes,0.0,na,['sudden'],1,1,1,0,gradual_end,[],[],3128,0.1,312,0,0,0
2132,log_176_1708942829.xes,0.0,na,"['gradual', 'gradual']",2,4,0,2,no_drift,[],[],5356,0.1,535,0,0,0
2133,log_176_1708942829.xes,0.0,na,"['gradual', 'gradual']",2,4,0,2,sudden,[],[],5356,0.1,535,0,0,0
2134,log_176_1708942829.xes,0.0,na,"['gradual', 'gradual']",2,4,0,2,gradual_start,"[1104, 3560]",[1067],5356,0.1,535,1,0,2
2135,log_176_1708942829.xes,0.0,na,"['gradual', 'gradual']",2,4,0,2,gradual_end,"[1560, 3994]",[1587],5356,0.1,535,1,0,2
2136,log_742_1708942832.xes,0.0,na,['gradual'],1,2,0,1,no_drift,[],[],4131,0.1,413,0,0,0
2137,log_742_1708942832.xes,0.0,na,['gradual'],1,2,0,1,sudden,[],[],4131,0.1,413,0,0,0
2138,log_742_1708942832.xes,0.0,na,['gradual'],1,2,0,1,gradual_start,[1620],[1581],4131,0.1,413,1,0,1
2139,log_742_1708942832.xes,0.0,na,['gradual'],1,2,0,1,gradual_end,[2209],[2181],4131,0.1,413,1,0,1
2140,log_134_1708942826.xes,0.0,na,"['sudden', 'gradual', 'gradual']",3,5,1,2,no_drift,[],[],5786,0.1,578,0,0,0
2141,log_134_1708942826.xes,0.0,na,"['sudden', 'gradual', 'gradual']",3,5,1,2,sudden,[1382],[],5786,0.1,578,0,0,1
2142,log_134_1708942826.xes,0.0,na,"['sudden', 'gradual', 'gradual']",3,5,1,2,gradual_start,"[2484, 4266]",[4257],5786,0.1,578,1,0,2
2143,log_134_1708942826.xes,0.0,na,"['sudden', 'gradual', 'gradual']",3,5,1,2,gradual_end,"[2949, 4627]",[4621],5786,0.1,578,1,0,2
2144,log_594_1708942826.xes,0.0,na,"['gradual', 'gradual', 'gradual']",3,6,0,3,no_drift,[],[],8316,0.1,831,0,0,0
2145,log_594_1708942826.xes,0.0,na,"['gradual', 'gradual', 'gradual']",3,6,0,3,sudden,[],[],8316,0.1,831,0,0,0
2146,log_594_1708942826.xes,0.0,na,"['gradual', 'gradual', 'gradual']",3,6,0,3,gradual_start,"[1519, 3574, 6069]",[6028],8316,0.1,831,1,0,3
2147,log_594_1708942826.xes,0.0,na,"['gradual', 'gradual', 'gradual']",3,6,0,3,gradual_end,"[1850, 4134, 6545]",[6520],8316,0.1,831,1,0,3
2148,log_403_1708942828.xes,0.3,na,['sudden'],1,1,1,0,no_drift,[],[0],2843,0.1,284,0,1,0
2149,log_403_1708942828.xes,0.3,na,['sudden'],1,1,1,0,sudden,[1840],[],2843,0.1,284,0,0,1
2150,log_403_1708942828.xes,0.3,na,['sudden'],1,1,1,0,gradual_start,[],[],2843,0.1,284,0,0,0
2151,log_403_1708942828.xes,0.3,na,['sudden'],1,1,1,0,gradual_end,[],[],2843,0.1,284,0,0,0
2152,log_21_1708942830.xes,0.3,na,['gradual'],1,2,0,1,no_drift,[],[],4051,0.1,405,0,0,0
2153,log_21_1708942830.xes,0.3,na,['gradual'],1,2,0,1,sudden,[],[],4051,0.1,405,0,0,0
2154,log_21_1708942830.xes,0.3,na,['gradual'],1,2,0,1,gradual_start,[1969],[1941],4051,0.1,405,1,0,1
2155,log_21_1708942830.xes,0.3,na,['gradual'],1,2,0,1,gradual_end,[2328],[2341],4051,0.1,405,1,0,1
2156,log_703_1708942831.xes,0.6,na,['sudden'],1,1,1,0,no_drift,[],[],3436,0.1,343,0,0,0
2157,log_703_1708942831.xes,0.6,na,['sudden'],1,1,1,0,sudden,[1832],[1820],3436,0.1,343,1,0,1
2158,log_703_1708942831.xes,0.6,na,['sudden'],1,1,1,0,gradual_start,[],[],3436,0.1,343,0,0,0
2159,log_703_1708942831.xes,0.6,na,['sudden'],1,1,1,0,gradual_end,[],[],3436,0.1,343,0,0,0
2160,log_178_1708942834.xes,0.3,na,[],0,0,0,0,no_drift,[0],[0],1141,0.1,114,1,0,1
2161,log_178_1708942834.xes,0.3,na,[],0,0,0,0,sudden,[],[],1141,0.1,114,0,0,0
2162,log_178_1708942834.xes,0.3,na,[],0,0,0,0,gradual_start,[],[],1141,0.1,114,0,0,0
2163,log_178_1708942834.xes,0.3,na,[],0,0,0,0,gradual_end,[],[],1141,0.1,114,0,0,0
2164,log_899_1708942825.xes,0.6,na,"['gradual', 'gradual', 'gradual']",3,6,0,3,no_drift,[],[],7325,0.1,732,0,0,0
2165,log_899_1708942825.xes,0.6,na,"['gradual', 'gradual', 'gradual']",3,6,0,3,sudden,[],[],7325,0.1,732,0,0,0
2166,log_899_1708942825.xes,0.6,na,"['gradual', 'gradual', 'gradual']",3,6,0,3,gradual_start,"[1758, 3966, 5414]",[3925],7325,0.1,732,1,0,3
2167,log_899_1708942825.xes,0.6,na,"['gradual', 'gradual', 'gradual']",3,6,0,3,gradual_end,"[2249, 4354, 6007]",[4321],7325,0.1,732,1,0,3
2168,log_212_1708942832.xes,0.3,na,"['sudden', 'sudden', 'gradual']",3,4,2,1,no_drift,[],[0],5160,0.1,516,0,1,0
2169,log_212_1708942832.xes,0.3,na,"['sudden', 'sudden', 'gradual']",3,4,2,1,sudden,"[1014, 2033]",[],5160,0.1,516,0,0,2
2170,log_212_1708942832.xes,0.3,na,"['sudden', 'sudden', 'gradual']",3,4,2,1,gradual_start,[3599],[],5160,0.1,516,0,0,1
2171,log_212_1708942832.xes,0.3,na,"['sudden', 'sudden', 'gradual']",3,4,2,1,gradual_end,[4017],[],5160,0.1,516,0,0,1
2172,log_177_1708942834.xes,0.6,na,[],0,0,0,0,no_drift,[0],[0],1762,0.1,176,1,0,1
2173,log_177_1708942834.xes,0.6,na,[],0,0,0,0,sudden,[],[],1762,0.1,176,0,0,0
2174,log_177_1708942834.xes,0.6,na,[],0,0,0,0,gradual_start,[],[],1762,0.1,176,0,0,0
2175,log_177_1708942834.xes,0.6,na,[],0,0,0,0,gradual_end,[],[],1762,0.1,176,0,0,0
2176,log_211_1708942825.xes,0.0,na,"['sudden', 'gradual']",2,3,1,1,no_drift,[],[],4587,0.1,458,0,0,0
2177,log_211_1708942825.xes,0.0,na,"['sudden', 'gradual']",2,3,1,1,sudden,[1018],[],4587,0.1,458,0,0,1
2178,log_211_1708942825.xes,0.0,na,"['sudden', 'gradual']",2,3,1,1,gradual_start,[2958],[2949],4587,0.1,458,1,0,1
2179,log_211_1708942825.xes,0.0,na,"['sudden', 'gradual']",2,3,1,1,gradual_end,[3386],[3367],4587,0.1,458,1,0,1
2180,log_900_1708942833.xes,0.0,na,[],0,0,0,0,no_drift,[0],[0],3252,0.1,325,1,0,1
2181,log_900_1708942833.xes,0.0,na,[],0,0,0,0,sudden,[],[],3252,0.1,325,0,0,0
2182,log_900_1708942833.xes,0.0,na,[],0,0,0,0,gradual_start,[],[],3252,0.1,325,0,0,0
2183,log_900_1708942833.xes,0.0,na,[],0,0,0,0,gradual_end,[],[],3252,0.1,325,0,0,0
2184,log_665_1708942830.xes,0.6,na,"['sudden', 'sudden']",2,2,2,0,no_drift,[],[],4129,0.1,412,0,0,0
2185,log_665_1708942830.xes,0.6,na,"['sudden', 'sudden']",2,2,2,0,sudden,"[1452, 3092]","[3061, 1461]",4129,0.1,412,2,0,2
2186,log_665_1708942830.xes,0.6,na,"['sudden', 'sudden']",2,2,2,0,gradual_start,[],[],4129,0.1,412,0,0,0
2187,log_665_1708942830.xes,0.6,na,"['sudden', 'sudden']",2,2,2,0,gradual_end,[],[],4129,0.1,412,0,0,0
2188,log_856_1708942826.xes,0.6,na,"['gradual', 'sudden', 'sudden']",3,4,2,1,no_drift,[],[],6621,0.1,662,0,0,0
2189,log_856_1708942826.xes,0.6,na,"['gradual', 'sudden', 'sudden']",3,4,2,1,sudden,"[3797, 4951]","[3763, 4951]",6621,0.1,662,2,0,2
2190,log_856_1708942826.xes,0.6,na,"['gradual', 'sudden', 'sudden']",3,4,2,1,gradual_start,[1336],[],6621,0.1,662,0,0,1
2191,log_856_1708942826.xes,0.6,na,"['gradual', 'sudden', 'sudden']",3,4,2,1,gradual_end,[1888],[],6621,0.1,662,0,0,1
2192,log_939_1708942830.xes,0.6,na,"['sudden', 'gradual', 'gradual']",3,5,1,2,no_drift,[],[],5614,0.1,561,0,0,0
2193,log_939_1708942830.xes,0.6,na,"['sudden', 'gradual', 'gradual']",3,5,1,2,sudden,[1051],[1037],5614,0.1,561,1,0,1
2194,log_939_1708942830.xes,0.6,na,"['sudden', 'gradual', 'gradual']",3,5,1,2,gradual_start,"[2738, 4142]",[2745],5614,0.1,561,1,0,2
2195,log_939_1708942830.xes,0.6,na,"['sudden', 'gradual', 'gradual']",3,5,1,2,gradual_end,"[3134, 4612]",[3137],5614,0.1,561,1,0,2
2196,log_250_1708942831.xes,0.3,na,"['sudden', 'sudden']",2,2,2,0,no_drift,[],[],4366,0.1,436,0,0,0
2197,log_250_1708942831.xes,0.3,na,"['sudden', 'sudden']",2,2,2,0,sudden,"[1356, 2616]",[1345],4366,0.1,436,1,0,2
2198,log_250_1708942831.xes,0.3,na,"['sudden', 'sudden']",2,2,2,0,gradual_start,[],[],4366,0.1,436,0,0,0
2199,log_250_1708942831.xes,0.3,na,"['sudden', 'sudden']",2,2,2,0,gradual_end,[],[],4366,0.1,436,0,0,0
2200,log_704_1708942834.xes,0.3,na,['sudden'],1,1,1,0,no_drift,[],[],3002,0.1,300,0,0,0
2201,log_704_1708942834.xes,0.3,na,['sudden'],1,1,1,0,sudden,[1824],[1816],3002,0.1,300,1,0,1
2202,log_704_1708942834.xes,0.3,na,['sudden'],1,1,1,0,gradual_start,[],[],3002,0.1,300,0,0,0
2203,log_704_1708942834.xes,0.3,na,['sudden'],1,1,1,0,gradual_end,[],[],3002,0.1,300,0,0,0
2204,log_635_1708942831.xes,0.0,na,"['sudden', 'sudden', 'gradual']",3,4,2,1,no_drift,[],[],5856,0.1,585,0,0,0
2205,log_635_1708942831.xes,0.0,na,"['sudden', 'sudden', 'gradual']",3,4,2,1,sudden,"[1881, 2977]",[],5856,0.1,585,0,0,2
2206,log_635_1708942831.xes,0.0,na,"['sudden', 'sudden', 'gradual']",3,4,2,1,gradual_start,[4256],[4235],5856,0.1,585,1,0,1
2207,log_635_1708942831.xes,0.0,na,"['sudden', 'sudden', 'gradual']",3,4,2,1,gradual_end,[4790],[4786],5856,0.1,585,1,0,1
2208,log_58_1708942833.xes,0.0,na,['gradual'],1,2,0,1,no_drift,[],[],3246,0.1,324,0,0,0
2209,log_58_1708942833.xes,0.0,na,['gradual'],1,2,0,1,sudden,[],[],3246,0.1,324,0,0,0
2210,log_58_1708942833.xes,0.0,na,['gradual'],1,2,0,1,gradual_start,[1573],[1505],3246,0.1,324,1,0,1
2211,log_58_1708942833.xes,0.0,na,['gradual'],1,2,0,1,gradual_end,[1892],[1969],3246,0.1,324,1,0,1
2212,log_559_1708942830.xes,0.0,na,[],0,0,0,0,no_drift,[0],[0],4576,0.1,457,1,0,1
2213,log_559_1708942830.xes,0.0,na,[],0,0,0,0,sudden,[],[],4576,0.1,457,0,0,0
2214,log_559_1708942830.xes,0.0,na,[],0,0,0,0,gradual_start,[],[],4576,0.1,457,0,0,0
2215,log_559_1708942830.xes,0.0,na,[],0,0,0,0,gradual_end,[],[],4576,0.1,457,0,0,0
2216,log_476_1708942831.xes,0.0,na,[],0,0,0,0,no_drift,[0],[0],6588,0.1,658,1,0,1
2217,log_476_1708942831.xes,0.0,na,[],0,0,0,0,sudden,[],[],6588,0.1,658,0,0,0
2218,log_476_1708942831.xes,0.0,na,[],0,0,0,0,gradual_start,[],[],6588,0.1,658,0,0,0
2219,log_476_1708942831.xes,0.0,na,[],0,0,0,0,gradual_end,[],[],6588,0.1,658,0,0,0
2220,log_514_1708942810.xes,0.6,na,"['gradual', 'gradual', 'gradual']",3,6,0,3,no_drift,[],[],8347,0.1,834,0,0,0
2221,log_514_1708942810.xes,0.6,na,"['gradual', 'gradual', 'gradual']",3,6,0,3,sudden,[],[],8347,0.1,834,0,0,0
2222,log_514_1708942810.xes,0.6,na,"['gradual', 'gradual', 'gradual']",3,6,0,3,gradual_start,"[1834, 3873, 6047]",[3855],8347,0.1,834,1,0,3
2223,log_514_1708942810.xes,0.6,na,"['gradual', 'gradual', 'gradual']",3,6,0,3,gradual_end,"[2395, 4239, 6481]",[4224],8347,0.1,834,1,0,3
2224,log_22_1708942833.xes,0.3,na,"['sudden', 'gradual']",2,3,1,1,no_drift,[],[],5223,0.1,522,0,0,0
2225,log_22_1708942833.xes,0.3,na,"['sudden', 'gradual']",2,3,1,1,sudden,[1709],[1691],5223,0.1,522,1,0,1
2226,log_22_1708942833.xes,0.3,na,"['sudden', 'gradual']",2,3,1,1,gradual_start,[3034],[3017],5223,0.1,522,1,0,1
2227,log_22_1708942833.xes,0.3,na,"['sudden', 'gradual']",2,3,1,1,gradual_end,[3550],[3537],5223,0.1,522,1,0,1
2228,log_560_1708942835.xes,0.0,na,['gradual'],1,2,0,1,no_drift,[],[],3689,0.1,368,0,0,0
2229,log_560_1708942835.xes,0.0,na,['gradual'],1,2,0,1,sudden,[],[],3689,0.1,368,0,0,0
2230,log_560_1708942835.xes,0.0,na,['gradual'],1,2,0,1,gradual_start,[1431],[1387],3689,0.1,368,1,0,1
2231,log_560_1708942835.xes,0.0,na,['gradual'],1,2,0,1,gradual_end,[1939],[1891],3689,0.1,368,1,0,1
2232,log_857_1708942837.xes,0.0,na,['gradual'],1,2,0,1,no_drift,[],[],3445,0.1,344,0,0,0
2233,log_857_1708942837.xes,0.0,na,['gradual'],1,2,0,1,sudden,[],[],3445,0.1,344,0,0,0
2234,log_857_1708942837.xes,0.0,na,['gradual'],1,2,0,1,gradual_start,[1530],[1548],3445,0.1,344,1,0,1
2235,log_857_1708942837.xes,0.0,na,['gradual'],1,2,0,1,gradual_end,[2067],[2075],3445,0.1,344,1,0,1
2236,log_595_1708942832.xes,0.0,na,['sudden'],1,1,1,0,no_drift,[],[],3676,0.1,367,0,0,0
2237,log_595_1708942832.xes,0.0,na,['sudden'],1,1,1,0,sudden,[1986],[1963],3676,0.1,367,1,0,1
2238,log_595_1708942832.xes,0.0,na,['sudden'],1,1,1,0,gradual_start,[],[],3676,0.1,367,0,0,0
2239,log_595_1708942832.xes,0.0,na,['sudden'],1,1,1,0,gradual_end,[],[],3676,0.1,367,0,0,0
2240,log_366_1708942822.xes,0.6,na,"['gradual', 'gradual', 'gradual']",3,6,0,3,no_drift,[],[],7430,0.1,743,0,0,0
2241,log_366_1708942822.xes,0.6,na,"['gradual', 'gradual', 'gradual']",3,6,0,3,sudden,[],[],7430,0.1,743,0,0,0
2242,log_366_1708942822.xes,0.6,na,"['gradual', 'gradual', 'gradual']",3,6,0,3,gradual_start,"[1818, 3358, 5436]","[5440, 3368, 1740]",7430,0.1,743,3,0,3
2243,log_366_1708942822.xes,0.6,na,"['gradual', 'gradual', 'gradual']",3,6,0,3,gradual_end,"[2221, 3829, 5815]","[5884, 3775, 2184]",7430,0.1,743,3,0,3
2244,log_325_1708942828.xes,0.6,na,[],0,0,0,0,no_drift,[0],[0],3099,0.1,309,1,0,1
2245,log_325_1708942828.xes,0.6,na,[],0,0,0,0,sudden,[],[],3099,0.1,309,0,0,0
2246,log_325_1708942828.xes,0.6,na,[],0,0,0,0,gradual_start,[],[],3099,0.1,309,0,0,0
2247,log_325_1708942828.xes,0.6,na,[],0,0,0,0,gradual_end,[],[],3099,0.1,309,0,0,0
2248,log_706_1708942838.xes,0.0,na,[],0,0,0,0,no_drift,[0],[0],1381,0.1,138,1,0,1
2249,log_706_1708942838.xes,0.0,na,[],0,0,0,0,sudden,[],[],1381,0.1,138,0,0,0
2250,log_706_1708942838.xes,0.0,na,[],0,0,0,0,gradual_start,[],[],1381,0.1,138,0,0,0
2251,log_706_1708942838.xes,0.0,na,[],0,0,0,0,gradual_end,[],[],1381,0.1,138,0,0,0
2252,log_705_1708942837.xes,0.0,na,[],0,0,0,0,no_drift,[0],[0],2320,0.1,232,1,0,1
2253,log_705_1708942837.xes,0.0,na,[],0,0,0,0,sudden,[],[],2320,0.1,232,0,0,0
2254,log_705_1708942837.xes,0.0,na,[],0,0,0,0,gradual_start,[],[],2320,0.1,232,0,0,0
2255,log_705_1708942837.xes,0.0,na,[],0,0,0,0,gradual_end,[],[],2320,0.1,232,0,0,0
2256,log_636_1708942835.xes,0.6,na,"['gradual', 'sudden']",2,3,1,1,no_drift,[],[],4921,0.1,492,0,0,0
2257,log_636_1708942835.xes,0.6,na,"['gradual', 'sudden']",2,3,1,1,sudden,[3496],[],4921,0.1,492,0,0,1
2258,log_636_1708942835.xes,0.6,na,"['gradual', 'sudden']",2,3,1,1,gradual_start,[1469],[1417],4921,0.1,492,1,0,1
2259,log_636_1708942835.xes,0.6,na,"['gradual', 'sudden']",2,3,1,1,gradual_end,[1909],[1969],4921,0.1,492,1,0,1
2260,log_23_1708942837.xes,0.0,na,['gradual'],1,2,0,1,no_drift,[],[],3089,0.1,308,0,0,0
2261,log_23_1708942837.xes,0.0,na,['gradual'],1,2,0,1,sudden,[],[],3089,0.1,308,0,0,0
2262,log_23_1708942837.xes,0.0,na,['gradual'],1,2,0,1,gradual_start,[1232],[1261],3089,0.1,308,1,0,1
2263,log_23_1708942837.xes,0.0,na,['gradual'],1,2,0,1,gradual_end,[1794],[1756],3089,0.1,308,1,0,1
2264,log_404_1708942832.xes,0.0,na,"['sudden', 'gradual']",2,3,1,1,no_drift,[],[],4653,0.1,465,0,0,0
2265,log_404_1708942832.xes,0.0,na,"['sudden', 'gradual']",2,3,1,1,sudden,[1095],[1105],4653,0.1,465,1,0,1
2266,log_404_1708942832.xes,0.0,na,"['sudden', 'gradual']",2,3,1,1,gradual_start,[3006],[],4653,0.1,465,0,0,1
2267,log_404_1708942832.xes,0.0,na,"['sudden', 'gradual']",2,3,1,1,gradual_end,[3528],[],4653,0.1,465,0,0,1
2268,log_596_1708942837.xes,0.0,na,[],0,0,0,0,no_drift,[0],[0],1915,0.1,191,1,0,1
2269,log_596_1708942837.xes,0.0,na,[],0,0,0,0,sudden,[],[],1915,0.1,191,0,0,0
2270,log_596_1708942837.xes,0.0,na,[],0,0,0,0,gradual_start,[],[],1915,0.1,191,0,0,0
2271,log_596_1708942837.xes,0.0,na,[],0,0,0,0,gradual_end,[],[],1915,0.1,191,0,0,0
2272,log_135_1708942832.xes,0.6,na,"['sudden', 'gradual', 'gradual']",3,5,1,2,no_drift,[],[],8045,0.1,804,0,0,0
2273,log_135_1708942832.xes,0.6,na,"['sudden', 'gradual', 'gradual']",3,5,1,2,sudden,[1386],[],8045,0.1,804,0,0,1
2274,log_135_1708942832.xes,0.6,na,"['sudden', 'gradual', 'gradual']",3,5,1,2,gradual_start,"[3249, 5565]",[3241],8045,0.1,804,1,0,2
2275,log_135_1708942832.xes,0.6,na,"['sudden', 'gradual', 'gradual']",3,5,1,2,gradual_end,"[3686, 6089]",[3641],8045,0.1,804,1,0,2
2276,log_326_1708942837.xes,0.0,na,['gradual'],1,2,0,1,no_drift,[],[],2922,0.1,292,0,0,0
2277,log_326_1708942837.xes,0.0,na,['gradual'],1,2,0,1,sudden,[],[],2922,0.1,292,0,0,0
2278,log_326_1708942837.xes,0.0,na,['gradual'],1,2,0,1,gradual_start,[1138],[1135],2922,0.1,292,1,0,1
2279,log_326_1708942837.xes,0.0,na,['gradual'],1,2,0,1,gradual_end,[1600],[1597],2922,0.1,292,1,0,1
2280,log_405_1708942837.xes,0.0,na,[],0,0,0,0,no_drift,[0],[0],1625,0.1,162,1,0,1
2281,log_405_1708942837.xes,0.0,na,[],0,0,0,0,sudden,[],[],1625,0.1,162,0,0,0
2282,log_405_1708942837.xes,0.0,na,[],0,0,0,0,gradual_start,[],[],1625,0.1,162,0,0,0
2283,log_405_1708942837.xes,0.0,na,[],0,0,0,0,gradual_end,[],[],1625,0.1,162,0,0,0
2284,log_901_1708942835.xes,0.3,na,"['gradual', 'gradual']",2,4,0,2,no_drift,[],[],5957,0.1,595,0,0,0
2285,log_901_1708942835.xes,0.3,na,"['gradual', 'gradual']",2,4,0,2,sudden,[],[],5957,0.1,595,0,0,0
2286,log_901_1708942835.xes,0.3,na,"['gradual', 'gradual']",2,4,0,2,gradual_start,"[1909, 3677]","[1915, 3655]",5957,0.1,595,2,0,2
2287,log_901_1708942835.xes,0.3,na,"['gradual', 'gradual']",2,4,0,2,gradual_end,"[2415, 4243]","[2379, 4206]",5957,0.1,595,2,0,2
2288,log_136_1708942839.xes,0.3,na,['sudden'],1,1,1,0,no_drift,[],[],2093,0.1,209,0,0,0
2289,log_136_1708942839.xes,0.3,na,['sudden'],1,1,1,0,sudden,[1072],[1071],2093,0.1,209,1,0,1
2290,log_136_1708942839.xes,0.3,na,['sudden'],1,1,1,0,gradual_start,[],[],2093,0.1,209,0,0,0
2291,log_136_1708942839.xes,0.3,na,['sudden'],1,1,1,0,gradual_end,[],[],2093,0.1,209,0,0,0
2292,log_103_1708942831.xes,0.6,na,"['sudden', 'gradual']",2,3,1,1,no_drift,[],[0],4774,0.1,477,0,1,0
2293,log_103_1708942831.xes,0.6,na,"['sudden', 'gradual']",2,3,1,1,sudden,[1145],[],4774,0.1,477,0,0,1
2294,log_103_1708942831.xes,0.6,na,"['sudden', 'gradual']",2,3,1,1,gradual_start,[2981],[],4774,0.1,477,0,0,1
2295,log_103_1708942831.xes,0.6,na,"['sudden', 'gradual']",2,3,1,1,gradual_end,[3282],[],4774,0.1,477,0,0,1
2296,log_783_1708942829.xes,0.6,na,"['sudden', 'sudden', 'gradual']",3,4,2,1,no_drift,[],[],5829,0.1,582,0,0,0
2297,log_783_1708942829.xes,0.6,na,"['sudden', 'sudden', 'gradual']",3,4,2,1,sudden,"[1476, 3057]","[1451, 3046]",5829,0.1,582,2,0,2
2298,log_783_1708942829.xes,0.6,na,"['sudden', 'sudden', 'gradual']",3,4,2,1,gradual_start,[4180],[],5829,0.1,582,0,0,1
2299,log_783_1708942829.xes,0.6,na,"['sudden', 'sudden', 'gradual']",3,4,2,1,gradual_end,[4487],[],5829,0.1,582,0,0,1
2300,log_213_1708942834.xes,0.6,na,[],0,0,0,0,no_drift,[0],[0],5874,0.1,587,1,0,1
2301,log_213_1708942834.xes,0.6,na,[],0,0,0,0,sudden,[],[],5874,0.1,587,0,0,0
2302,log_213_1708942834.xes,0.6,na,[],0,0,0,0,gradual_start,[],[],5874,0.1,587,0,0,0
2303,log_213_1708942834.xes,0.6,na,[],0,0,0,0,gradual_end,[],[],5874,0.1,587,0,0,0
2304,log_597_1708942838.xes,0.0,na,['sudden'],1,1,1,0,no_drift,[],[],3685,0.1,368,0,0,0
2305,log_597_1708942838.xes,0.0,na,['sudden'],1,1,1,0,sudden,[1890],[1873],3685,0.1,368,1,0,1
2306,log_597_1708942838.xes,0.0,na,['sudden'],1,1,1,0,gradual_start,[],[],3685,0.1,368,0,0,0
2307,log_597_1708942838.xes,0.0,na,['sudden'],1,1,1,0,gradual_end,[],[],3685,0.1,368,0,0,0
2308,log_743_1708942833.xes,0.0,na,"['sudden', 'sudden']",2,2,2,0,no_drift,[],[],4848,0.1,484,0,0,0
2309,log_743_1708942833.xes,0.0,na,"['sudden', 'sudden']",2,2,2,0,sudden,"[1376, 3085]","[3073, 1345]",4848,0.1,484,2,0,2
2310,log_743_1708942833.xes,0.0,na,"['sudden', 'sudden']",2,2,2,0,gradual_start,[],[],4848,0.1,484,0,0,0
2311,log_743_1708942833.xes,0.0,na,"['sudden', 'sudden']",2,2,2,0,gradual_end,[],[],4848,0.1,484,0,0,0
2312,log_287_1708942813.xes,0.0,na,"['sudden', 'sudden', 'sudden']",3,3,3,0,no_drift,[],[],5931,0.1,593,0,0,0
2313,log_287_1708942813.xes,0.0,na,"['sudden', 'sudden', 'sudden']",3,3,3,0,sudden,"[1697, 2778, 3932]","[3916, 2727]",5931,0.1,593,2,0,3
2314,log_287_1708942813.xes,0.0,na,"['sudden', 'sudden', 'sudden']",3,3,3,0,gradual_start,[],[],5931,0.1,593,0,0,0
2315,log_287_1708942813.xes,0.0,na,"['sudden', 'sudden', 'sudden']",3,3,3,0,gradual_end,[],[],5931,0.1,593,0,0,0
2316,log_707_1708942839.xes,0.3,na,['sudden'],1,1,1,0,no_drift,[],[0],3435,0.1,343,0,1,0
2317,log_707_1708942839.xes,0.3,na,['sudden'],1,1,1,0,sudden,[1859],[],3435,0.1,343,0,0,1
2318,log_707_1708942839.xes,0.3,na,['sudden'],1,1,1,0,gradual_start,[],[],3435,0.1,343,0,0,0
2319,log_707_1708942839.xes,0.3,na,['sudden'],1,1,1,0,gradual_end,[],[],3435,0.1,343,0,0,0
2320,log_327_1708942839.xes,0.0,na,[],0,0,0,0,no_drift,[0],[0],5724,0.1,572,1,0,1
2321,log_327_1708942839.xes,0.0,na,[],0,0,0,0,sudden,[],[],5724,0.1,572,0,0,0
2322,log_327_1708942839.xes,0.0,na,[],0,0,0,0,gradual_start,[],[],5724,0.1,572,0,0,0
2323,log_327_1708942839.xes,0.0,na,[],0,0,0,0,gradual_end,[],[],5724,0.1,572,0,0,0
2324,log_445_1708942832.xes,0.3,na,"['gradual', 'gradual', 'gradual']",3,6,0,3,no_drift,[],[],8076,0.1,807,0,0,0
2325,log_445_1708942832.xes,0.3,na,"['gradual', 'gradual', 'gradual']",3,6,0,3,sudden,[],[],8076,0.1,807,0,0,0
2326,log_445_1708942832.xes,0.3,na,"['gradual', 'gradual', 'gradual']",3,6,0,3,gradual_start,"[1610, 3889, 5802]","[1561, 5801]",8076,0.1,807,2,0,3
2327,log_445_1708942832.xes,0.3,na,"['gradual', 'gradual', 'gradual']",3,6,0,3,gradual_end,"[2146, 4433, 6309]","[2121, 6241]",8076,0.1,807,2,0,3
2328,log_251_1708942835.xes,0.0,na,"['gradual', 'sudden', 'gradual']",3,5,1,2,no_drift,[],[],5826,0.1,582,0,0,0
2329,log_251_1708942835.xes,0.0,na,"['gradual', 'sudden', 'gradual']",3,5,1,2,sudden,[2843],[2814],5826,0.1,582,1,0,1
2330,log_251_1708942835.xes,0.0,na,"['gradual', 'sudden', 'gradual']",3,5,1,2,gradual_start,"[1115, 3957]","[3945, 1103]",5826,0.1,582,2,0,2
2331,log_251_1708942835.xes,0.0,na,"['gradual', 'sudden', 'gradual']",3,5,1,2,gradual_end,"[1667, 4557]","[4554, 1654]",5826,0.1,582,2,0,2
2332,log_24_1708942838.xes,0.0,na,['sudden'],1,1,1,0,no_drift,[],[],2983,0.1,298,0,0,0
2333,log_24_1708942838.xes,0.0,na,['sudden'],1,1,1,0,sudden,[1874],[1863],2983,0.1,298,1,0,1
2334,log_24_1708942838.xes,0.0,na,['sudden'],1,1,1,0,gradual_start,[],[],2983,0.1,298,0,0,0
2335,log_24_1708942838.xes,0.0,na,['sudden'],1,1,1,0,gradual_end,[],[],2983,0.1,298,0,0,0
2336,log_477_1708942835.xes,0.0,na,"['gradual', 'sudden', 'gradual']",3,5,1,2,no_drift,[],[],7126,0.1,712,0,0,0
2337,log_477_1708942835.xes,0.0,na,"['gradual', 'sudden', 'gradual']",3,5,1,2,sudden,[4207],[4201],7126,0.1,712,1,0,1
2338,log_477_1708942835.xes,0.0,na,"['gradual', 'sudden', 'gradual']",3,5,1,2,gradual_start,"[1687, 5499]",[],7126,0.1,712,0,0,2
2339,log_477_1708942835.xes,0.0,na,"['gradual', 'sudden', 'gradual']",3,5,1,2,gradual_end,"[2211, 5883]",[],7126,0.1,712,0,0,2
2340,log_940_1708942835.xes,0.0,na,"['gradual', 'sudden']",2,3,1,1,no_drift,[],[],5009,0.1,500,0,0,0
2341,log_940_1708942835.xes,0.0,na,"['gradual', 'sudden']",2,3,1,1,sudden,[3575],[3526],5009,0.1,500,1,0,1
2342,log_940_1708942835.xes,0.0,na,"['gradual', 'sudden']",2,3,1,1,gradual_start,[1470],[1451],5009,0.1,500,1,0,1
2343,log_940_1708942835.xes,0.0,na,"['gradual', 'sudden']",2,3,1,1,gradual_end,[1937],[1926],5009,0.1,500,1,0,1
2344,log_104_1708942838.xes,0.6,na,"['sudden', 'gradual', 'sudden']",3,4,2,1,no_drift,[],[],7200,0.1,720,0,0,0
2345,log_104_1708942838.xes,0.6,na,"['sudden', 'gradual', 'sudden']",3,4,2,1,sudden,"[1904, 5343]",[5329],7200,0.1,720,1,0,2
2346,log_104_1708942838.xes,0.6,na,"['sudden', 'gradual', 'sudden']",3,4,2,1,gradual_start,[3458],[],7200,0.1,720,0,0,1
2347,log_104_1708942838.xes,0.6,na,"['sudden', 'gradual', 'sudden']",3,4,2,1,gradual_end,[3889],[],7200,0.1,720,0,0,1
2348,log_666_1708942834.xes,0.6,na,"['gradual', 'sudden', 'sudden']",3,4,2,1,no_drift,[],[],5759,0.1,575,0,0,0
2349,log_666_1708942834.xes,0.6,na,"['gradual', 'sudden', 'sudden']",3,4,2,1,sudden,"[2678, 4372]","[2633, 4369]",5759,0.1,575,2,0,2
2350,log_666_1708942834.xes,0.6,na,"['gradual', 'sudden', 'sudden']",3,4,2,1,gradual_start,[1013],[],5759,0.1,575,0,0,1
2351,log_666_1708942834.xes,0.6,na,"['gradual', 'sudden', 'sudden']",3,4,2,1,gradual_end,[1381],[],5759,0.1,575,0,0,1
2352,log_744_1708942840.xes,0.0,na,[],0,0,0,0,no_drift,[0],[0],3946,0.1,394,1,0,1
2353,log_744_1708942840.xes,0.0,na,[],0,0,0,0,sudden,[],[],3946,0.1,394,0,0,0
2354,log_744_1708942840.xes,0.0,na,[],0,0,0,0,gradual_start,[],[],3946,0.1,394,0,0,0
2355,log_744_1708942840.xes,0.0,na,[],0,0,0,0,gradual_end,[],[],3946,0.1,394,0,0,0
2356,log_137_1708942841.xes,0.0,na,[],0,0,0,0,no_drift,[0],[0],4086,0.1,408,1,0,1
2357,log_137_1708942841.xes,0.0,na,[],0,0,0,0,sudden,[],[],4086,0.1,408,0,0,0
2358,log_137_1708942841.xes,0.0,na,[],0,0,0,0,gradual_start,[],[],4086,0.1,408,0,0,0
2359,log_137_1708942841.xes,0.0,na,[],0,0,0,0,gradual_end,[],[],4086,0.1,408,0,0,0
2360,log_288_1708942837.xes,0.0,na,"['gradual', 'gradual']",2,4,0,2,no_drift,[],[],5601,0.1,560,0,0,0
2361,log_288_1708942837.xes,0.0,na,"['gradual', 'gradual']",2,4,0,2,sudden,[],[],5601,0.1,560,0,0,0
2362,log_288_1708942837.xes,0.0,na,"['gradual', 'gradual']",2,4,0,2,gradual_start,"[1517, 3187]",[3165],5601,0.1,560,1,0,2
2363,log_288_1708942837.xes,0.0,na,"['gradual', 'gradual']",2,4,0,2,gradual_end,"[2007, 3708]",[3697],5601,0.1,560,1,0,2
2364,log_902_1708942838.xes,0.6,na,"['gradual', 'sudden']",2,3,1,1,no_drift,[],[],5418,0.1,541,0,0,0
2365,log_902_1708942838.xes,0.6,na,"['gradual', 'sudden']",2,3,1,1,sudden,[3595],[3565],5418,0.1,541,1,0,1
2366,log_902_1708942838.xes,0.6,na,"['gradual', 'sudden']",2,3,1,1,gradual_start,[1393],[1351],5418,0.1,541,1,0,1
2367,log_902_1708942838.xes,0.6,na,"['gradual', 'sudden']",2,3,1,1,gradual_end,[1834],[1837],5418,0.1,541,1,0,1
2368,log_814_1708942827.xes,0.0,na,['gradual'],1,2,0,1,no_drift,[],[],3824,0.1,382,0,0,0
2369,log_814_1708942827.xes,0.0,na,['gradual'],1,2,0,1,sudden,[],[],3824,0.1,382,0,0,0
2370,log_814_1708942827.xes,0.0,na,['gradual'],1,2,0,1,gradual_start,[1896],[1901],3824,0.1,382,1,0,1
2371,log_814_1708942827.xes,0.0,na,['gradual'],1,2,0,1,gradual_end,[2458],[2452],3824,0.1,382,1,0,1
2372,log_446_1708942841.xes,0.3,na,['sudden'],1,1,1,0,no_drift,[],[],3200,0.1,320,0,0,0
2373,log_446_1708942841.xes,0.3,na,['sudden'],1,1,1,0,sudden,[1531],[1521],3200,0.1,320,1,0,1
2374,log_446_1708942841.xes,0.3,na,['sudden'],1,1,1,0,gradual_start,[],[],3200,0.1,320,0,0,0
2375,log_446_1708942841.xes,0.3,na,['sudden'],1,1,1,0,gradual_end,[],[],3200,0.1,320,0,0,0
2376,log_745_1708942843.xes,0.6,na,['sudden'],1,1,1,0,no_drift,[],[],3150,0.1,315,0,0,0
2377,log_745_1708942843.xes,0.6,na,['sudden'],1,1,1,0,sudden,[1325],[1321],3150,0.1,315,1,0,1
2378,log_745_1708942843.xes,0.6,na,['sudden'],1,1,1,0,gradual_start,[],[],3150,0.1,315,0,0,0
2379,log_745_1708942843.xes,0.6,na,['sudden'],1,1,1,0,gradual_end,[],[],3150,0.1,315,0,0,0
2380,log_252_1708942840.xes,0.6,na,['sudden'],1,1,1,0,no_drift,[],[],2807,0.1,280,0,0,0
2381,log_252_1708942840.xes,0.6,na,['sudden'],1,1,1,0,sudden,[1554],[1541],2807,0.1,280,1,0,1
2382,log_252_1708942840.xes,0.6,na,['sudden'],1,1,1,0,gradual_start,[],[],2807,0.1,280,0,0,0
2383,log_252_1708942840.xes,0.6,na,['sudden'],1,1,1,0,gradual_end,[],[],2807,0.1,280,0,0,0
2384,log_515_1708942834.xes,0.0,na,"['sudden', 'sudden', 'gradual']",3,4,2,1,no_drift,[],[],7817,0.1,781,0,0,0
2385,log_515_1708942834.xes,0.0,na,"['sudden', 'sudden', 'gradual']",3,4,2,1,sudden,"[1851, 3574]","[3550, 1795]",7817,0.1,781,2,0,2
2386,log_515_1708942834.xes,0.0,na,"['sudden', 'sudden', 'gradual']",3,4,2,1,gradual_start,[5477],[],7817,0.1,781,0,0,1
2387,log_515_1708942834.xes,0.0,na,"['sudden', 'sudden', 'gradual']",3,4,2,1,gradual_end,[5861],[],7817,0.1,781,0,0,1
2388,log_667_1708942842.xes,0.0,na,['gradual'],1,2,0,1,no_drift,[],[],3920,0.1,392,0,0,0
2389,log_667_1708942842.xes,0.0,na,['gradual'],1,2,0,1,sudden,[],[],3920,0.1,392,0,0,0
2390,log_667_1708942842.xes,0.0,na,['gradual'],1,2,0,1,gradual_start,[1754],[1749],3920,0.1,392,1,0,1
2391,log_667_1708942842.xes,0.0,na,['gradual'],1,2,0,1,gradual_end,[2287],[2281],3920,0.1,392,1,0,1
2392,log_637_1708942839.xes,0.0,na,"['gradual', 'sudden', 'gradual']",3,5,1,2,no_drift,[],[],6107,0.1,610,0,0,0
2393,log_637_1708942839.xes,0.0,na,"['gradual', 'sudden', 'gradual']",3,5,1,2,sudden,[2900],[2851],6107,0.1,610,1,0,1
2394,log_637_1708942839.xes,0.0,na,"['gradual', 'sudden', 'gradual']",3,5,1,2,gradual_start,"[1335, 4581]","[4561, 1321]",6107,0.1,610,2,0,2
2395,log_637_1708942839.xes,0.0,na,"['gradual', 'sudden', 'gradual']",3,5,1,2,gradual_end,"[1640, 5019]","[4981, 1621]",6107,0.1,610,2,0,2
2396,log_179_1708942835.xes,0.3,na,[],0,0,0,0,no_drift,[0],[0],5046,0.1,504,1,0,1
2397,log_179_1708942835.xes,0.3,na,[],0,0,0,0,sudden,[],[],5046,0.1,504,0,0,0
2398,log_179_1708942835.xes,0.3,na,[],0,0,0,0,gradual_start,[],[],5046,0.1,504,0,0,0
2399,log_179_1708942835.xes,0.3,na,[],0,0,0,0,gradual_end,[],[],5046,0.1,504,0,0,0
2400,log_328_1708942841.xes,0.0,na,[],0,0,0,0,no_drift,[0],[0],2912,0.1,291,1,0,1
2401,log_328_1708942841.xes,0.0,na,[],0,0,0,0,sudden,[],[],2912,0.1,291,0,0,0
2402,log_328_1708942841.xes,0.0,na,[],0,0,0,0,gradual_start,[],[],2912,0.1,291,0,0,0
2403,log_328_1708942841.xes,0.0,na,[],0,0,0,0,gradual_end,[],[],2912,0.1,291,0,0,0
2404,log_25_1708942842.xes,0.0,na,[],0,0,0,0,no_drift,[0],[0],4788,0.1,478,1,0,1
2405,log_25_1708942842.xes,0.0,na,[],0,0,0,0,sudden,[],[],4788,0.1,478,0,0,0
2406,log_25_1708942842.xes,0.0,na,[],0,0,0,0,gradual_start,[],[],4788,0.1,478,0,0,0
2407,log_25_1708942842.xes,0.0,na,[],0,0,0,0,gradual_end,[],[],4788,0.1,478,0,0,0
2408,log_708_1708942842.xes,0.6,na,['sudden'],1,1,1,0,no_drift,[],[],3378,0.1,337,0,0,0
2409,log_708_1708942842.xes,0.6,na,['sudden'],1,1,1,0,sudden,[1597],[1585],3378,0.1,337,1,0,1
2410,log_708_1708942842.xes,0.6,na,['sudden'],1,1,1,0,gradual_start,[],[],3378,0.1,337,0,0,0
2411,log_708_1708942842.xes,0.6,na,['sudden'],1,1,1,0,gradual_end,[],[],3378,0.1,337,0,0,0
2412,log_59_1708942838.xes,0.0,na,"['gradual', 'sudden', 'gradual']",3,5,1,2,no_drift,[],[],6329,0.1,632,0,0,0
2413,log_59_1708942838.xes,0.0,na,"['gradual', 'sudden', 'gradual']",3,5,1,2,sudden,[3123],[3101],6329,0.1,632,1,0,1
2414,log_59_1708942838.xes,0.0,na,"['gradual', 'sudden', 'gradual']",3,5,1,2,gradual_start,"[1320, 4600]","[4589, 1303]",6329,0.1,632,2,0,2
2415,log_59_1708942838.xes,0.0,na,"['gradual', 'sudden', 'gradual']",3,5,1,2,gradual_end,"[1903, 4922]","[4899, 1892]",6329,0.1,632,2,0,2
2416,log_858_1708942838.xes,0.0,na,"['gradual', 'sudden']",2,3,1,1,no_drift,[],[],4969,0.1,496,0,0,0
2417,log_858_1708942838.xes,0.0,na,"['gradual', 'sudden']",2,3,1,1,sudden,[3451],[3457],4969,0.1,496,1,0,1
2418,log_858_1708942838.xes,0.0,na,"['gradual', 'sudden']",2,3,1,1,gradual_start,[1576],[],4969,0.1,496,0,0,1
2419,log_858_1708942838.xes,0.0,na,"['gradual', 'sudden']",2,3,1,1,gradual_end,[2007],[],4969,0.1,496,0,0,1
2420,log_447_1708942843.xes,0.6,na,['gradual'],1,2,0,1,no_drift,[],[],3202,0.1,320,0,0,0
2421,log_447_1708942843.xes,0.6,na,['gradual'],1,2,0,1,sudden,[],[],3202,0.1,320,0,0,0
2422,log_447_1708942843.xes,0.6,na,['gradual'],1,2,0,1,gradual_start,[1208],[1217],3202,0.1,320,1,0,1
2423,log_447_1708942843.xes,0.6,na,['gradual'],1,2,0,1,gradual_end,[1725],[1729],3202,0.1,320,1,0,1
2424,log_289_1708942843.xes,0.6,na,['gradual'],1,2,0,1,no_drift,[],[],3800,0.1,380,0,0,0
2425,log_289_1708942843.xes,0.6,na,['gradual'],1,2,0,1,sudden,[],[],3800,0.1,380,0,0,0
2426,log_289_1708942843.xes,0.6,na,['gradual'],1,2,0,1,gradual_start,[1553],[1502],3800,0.1,380,1,0,1
2427,log_289_1708942843.xes,0.6,na,['gradual'],1,2,0,1,gradual_end,[2036],[2072],3800,0.1,380,1,0,1
2428,log_367_1708942836.xes,0.3,na,[],0,0,0,0,no_drift,[0],[0],4407,0.1,440,1,0,1
2429,log_367_1708942836.xes,0.3,na,[],0,0,0,0,sudden,[],[],4407,0.1,440,0,0,0
2430,log_367_1708942836.xes,0.3,na,[],0,0,0,0,gradual_start,[],[],4407,0.1,440,0,0,0
2431,log_367_1708942836.xes,0.3,na,[],0,0,0,0,gradual_end,[],[],4407,0.1,440,0,0,0
2432,log_638_1708942844.xes,0.3,na,['gradual'],1,2,0,1,no_drift,[],[],2803,0.1,280,0,0,0
2433,log_638_1708942844.xes,0.3,na,['gradual'],1,2,0,1,sudden,[],[],2803,0.1,280,0,0,0
2434,log_638_1708942844.xes,0.3,na,['gradual'],1,2,0,1,gradual_start,[1435],[1443],2803,0.1,280,1,0,1
2435,log_638_1708942844.xes,0.3,na,['gradual'],1,2,0,1,gradual_end,[1769],[1793],2803,0.1,280,1,0,1
2436,log_60_1708942845.xes,0.0,na,"['sudden', 'sudden']",2,2,2,0,no_drift,[],[],4349,0.1,434,0,0,0
2437,log_60_1708942845.xes,0.0,na,"['sudden', 'sudden']",2,2,2,0,sudden,"[1801, 3263]","[1765, 3235]",4349,0.1,434,2,0,2
2438,log_60_1708942845.xes,0.0,na,"['sudden', 'sudden']",2,2,2,0,gradual_start,[],[],4349,0.1,434,0,0,0
2439,log_60_1708942845.xes,0.0,na,"['sudden', 'sudden']",2,2,2,0,gradual_end,[],[],4349,0.1,434,0,0,0
2440,log_516_1708942843.xes,0.0,na,"['sudden', 'sudden']",2,2,2,0,no_drift,[],[],4569,0.1,456,0,0,0
2441,log_516_1708942843.xes,0.0,na,"['sudden', 'sudden']",2,2,2,0,sudden,"[1601, 3152]","[1585, 3147]",4569,0.1,456,2,0,2
2442,log_516_1708942843.xes,0.0,na,"['sudden', 'sudden']",2,2,2,0,gradual_start,[],[],4569,0.1,456,0,0,0
2443,log_516_1708942843.xes,0.0,na,"['sudden', 'sudden']",2,2,2,0,gradual_end,[],[],4569,0.1,456,0,0,0
2444,log_478_1708942843.xes,0.3,na,"['sudden', 'gradual', 'gradual']",3,5,1,2,no_drift,[],[],6990,0.1,699,0,0,0
2445,log_478_1708942843.xes,0.3,na,"['sudden', 'gradual', 'gradual']",3,5,1,2,sudden,[1622],[1599],6990,0.1,699,1,0,1
2446,log_478_1708942843.xes,0.3,na,"['sudden', 'gradual', 'gradual']",3,5,1,2,gradual_start,"[3267, 5020]",[3231],6990,0.1,699,1,0,2
2447,log_478_1708942843.xes,0.3,na,"['sudden', 'gradual', 'gradual']",3,5,1,2,gradual_end,"[3569, 5506]",[3571],6990,0.1,699,1,0,2
2448,log_26_1708942845.xes,0.0,na,"['sudden', 'sudden']",2,2,2,0,no_drift,[],[],3763,0.1,376,0,0,0
2449,log_26_1708942845.xes,0.0,na,"['sudden', 'sudden']",2,2,2,0,sudden,"[1380, 2456]","[1369, 2449]",3763,0.1,376,2,0,2
2450,log_26_1708942845.xes,0.0,na,"['sudden', 'sudden']",2,2,2,0,gradual_start,[],[],3763,0.1,376,0,0,0
2451,log_26_1708942845.xes,0.0,na,"['sudden', 'sudden']",2,2,2,0,gradual_end,[],[],3763,0.1,376,0,0,0
2452,log_105_1708942842.xes,0.6,na,"['gradual', 'sudden']",2,3,1,1,no_drift,[],[],5933,0.1,593,0,0,0
2453,log_105_1708942842.xes,0.6,na,"['gradual', 'sudden']",2,3,1,1,sudden,[4162],[4119],5933,0.1,593,1,0,1
2454,log_105_1708942842.xes,0.6,na,"['gradual', 'sudden']",2,3,1,1,gradual_start,[1708],[1683],5933,0.1,593,1,0,1
2455,log_105_1708942842.xes,0.6,na,"['gradual', 'sudden']",2,3,1,1,gradual_end,[2203],[2205],5933,0.1,593,1,0,1
2456,log_598_1708942840.xes,0.0,na,"['sudden', 'sudden', 'sudden']",3,3,3,0,no_drift,[],[],5507,0.1,550,0,0,0
2457,log_598_1708942840.xes,0.0,na,"['sudden', 'sudden', 'sudden']",3,3,3,0,sudden,"[1230, 2715, 4386]","[2701, 1189]",5507,0.1,550,2,0,3
2458,log_598_1708942840.xes,0.0,na,"['sudden', 'sudden', 'sudden']",3,3,3,0,gradual_start,[],[],5507,0.1,550,0,0,0
2459,log_598_1708942840.xes,0.0,na,"['sudden', 'sudden', 'sudden']",3,3,3,0,gradual_end,[],[],5507,0.1,550,0,0,0
2460,log_368_1708942845.xes,0.6,na,"['sudden', 'gradual', 'sudden']",3,4,2,1,no_drift,[],[],5753,0.1,575,0,0,0
2461,log_368_1708942845.xes,0.6,na,"['sudden', 'gradual', 'sudden']",3,4,2,1,sudden,"[1426, 4323]",[4313],5753,0.1,575,1,0,2
2462,log_368_1708942845.xes,0.6,na,"['sudden', 'gradual', 'sudden']",3,4,2,1,gradual_start,[2688],[2689],5753,0.1,575,1,0,1
2463,log_368_1708942845.xes,0.6,na,"['sudden', 'gradual', 'sudden']",3,4,2,1,gradual_end,[3000],[3025],5753,0.1,575,1,0,1
2464,log_215_1708942846.xes,0.0,na,[],0,0,0,0,no_drift,[0],[0],5049,0.1,504,1,0,1
2465,log_215_1708942846.xes,0.0,na,[],0,0,0,0,sudden,[],[],5049,0.1,504,0,0,0
2466,log_215_1708942846.xes,0.0,na,[],0,0,0,0,gradual_start,[],[],5049,0.1,504,0,0,0
2467,log_215_1708942846.xes,0.0,na,[],0,0,0,0,gradual_end,[],[],5049,0.1,504,0,0,0
2468,log_406_1708942839.xes,0.0,na,"['sudden', 'gradual']",2,3,1,1,no_drift,[],[],5212,0.1,521,0,0,0
2469,log_406_1708942839.xes,0.0,na,"['sudden', 'gradual']",2,3,1,1,sudden,[1179],[1171],5212,0.1,521,1,0,1
2470,log_406_1708942839.xes,0.0,na,"['sudden', 'gradual']",2,3,1,1,gradual_start,[2807],[2809],5212,0.1,521,1,0,1
2471,log_406_1708942839.xes,0.0,na,"['sudden', 'gradual']",2,3,1,1,gradual_end,[3319],[3303],5212,0.1,521,1,0,1
2472,log_253_1708942844.xes,0.0,na,[],0,0,0,0,no_drift,[0],[0],3670,0.1,367,1,0,1
2473,log_253_1708942844.xes,0.0,na,[],0,0,0,0,sudden,[],[],3670,0.1,367,0,0,0
2474,log_253_1708942844.xes,0.0,na,[],0,0,0,0,gradual_start,[],[],3670,0.1,367,0,0,0
2475,log_253_1708942844.xes,0.0,na,[],0,0,0,0,gradual_end,[],[],3670,0.1,367,0,0,0
2476,log_214_1708942839.xes,0.0,na,[],0,0,0,0,no_drift,[0],[0],3462,0.1,346,1,0,1
2477,log_214_1708942839.xes,0.0,na,[],0,0,0,0,sudden,[],[],3462,0.1,346,0,0,0
2478,log_214_1708942839.xes,0.0,na,[],0,0,0,0,gradual_start,[],[],3462,0.1,346,0,0,0
2479,log_214_1708942839.xes,0.0,na,[],0,0,0,0,gradual_end,[],[],3462,0.1,346,0,0,0
2480,log_27_1708942848.xes,0.0,na,[],0,0,0,0,no_drift,[0],[0],5841,0.1,584,1,0,1
2481,log_27_1708942848.xes,0.0,na,[],0,0,0,0,sudden,[],[],5841,0.1,584,0,0,0
2482,log_27_1708942848.xes,0.0,na,[],0,0,0,0,gradual_start,[],[],5841,0.1,584,0,0,0
2483,log_27_1708942848.xes,0.0,na,[],0,0,0,0,gradual_end,[],[],5841,0.1,584,0,0,0
2484,log_448_1708942845.xes,0.6,na,[],0,0,0,0,no_drift,[0],[0],6148,0.1,614,1,0,1
2485,log_448_1708942845.xes,0.6,na,[],0,0,0,0,sudden,[],[],6148,0.1,614,0,0,0
2486,log_448_1708942845.xes,0.6,na,[],0,0,0,0,gradual_start,[],[],6148,0.1,614,0,0,0
2487,log_448_1708942845.xes,0.6,na,[],0,0,0,0,gradual_end,[],[],6148,0.1,614,0,0,0
2488,log_61_1708942846.xes,0.0,na,"['gradual', 'gradual']",2,4,0,2,no_drift,[],[],4889,0.1,488,0,0,0
2489,log_61_1708942846.xes,0.0,na,"['gradual', 'gradual']",2,4,0,2,sudden,[],[],4889,0.1,488,0,0,0
2490,log_61_1708942846.xes,0.0,na,"['gradual', 'gradual']",2,4,0,2,gradual_start,"[1310, 3461]",[1273],4889,0.1,488,1,0,2
2491,log_61_1708942846.xes,0.0,na,"['gradual', 'gradual']",2,4,0,2,gradual_end,"[1755, 3769]",[1729],4889,0.1,488,1,0,2
2492,log_815_1708942841.xes,0.3,na,"['sudden', 'sudden', 'sudden']",3,3,3,0,no_drift,[],[],6652,0.1,665,0,0,0
2493,log_815_1708942841.xes,0.3,na,"['sudden', 'sudden', 'sudden']",3,3,3,0,sudden,"[1713, 3171, 4922]","[4885, 1684]",6652,0.1,665,2,0,3
2494,log_815_1708942841.xes,0.3,na,"['sudden', 'sudden', 'sudden']",3,3,3,0,gradual_start,[],[],6652,0.1,665,0,0,0
2495,log_815_1708942841.xes,0.3,na,"['sudden', 'sudden', 'sudden']",3,3,3,0,gradual_end,[],[],6652,0.1,665,0,0,0
2496,log_254_1708942846.xes,0.3,na,"['gradual', 'gradual', 'sudden']",3,5,1,2,no_drift,[],[],5319,0.1,531,0,0,0
2497,log_254_1708942846.xes,0.3,na,"['gradual', 'gradual', 'sudden']",3,5,1,2,sudden,[4256],[4239],5319,0.1,531,1,0,1
2498,log_254_1708942846.xes,0.3,na,"['gradual', 'gradual', 'sudden']",3,5,1,2,gradual_start,"[1330, 2780]",[],5319,0.1,531,0,0,2
2499,log_254_1708942846.xes,0.3,na,"['gradual', 'gradual', 'sudden']",3,5,1,2,gradual_end,"[1701, 3199]",[],5319,0.1,531,0,0,2
2500,log_479_1708942849.xes,0.0,na,['sudden'],1,1,1,0,no_drift,[],[],3306,0.1,330,0,0,0
2501,log_479_1708942849.xes,0.0,na,['sudden'],1,1,1,0,sudden,[1398],[1377],3306,0.1,330,1,0,1
2502,log_479_1708942849.xes,0.0,na,['sudden'],1,1,1,0,gradual_start,[],[],3306,0.1,330,0,0,0
2503,log_479_1708942849.xes,0.0,na,['sudden'],1,1,1,0,gradual_end,[],[],3306,0.1,330,0,0,0
2504,log_785_1708942848.xes,0.0,na,['gradual'],1,2,0,1,no_drift,[],[],3155,0.1,315,0,0,0
2505,log_785_1708942848.xes,0.0,na,['gradual'],1,2,0,1,sudden,[],[],3155,0.1,315,0,0,0
2506,log_785_1708942848.xes,0.0,na,['gradual'],1,2,0,1,gradual_start,[1231],[1231],3155,0.1,315,1,0,1
2507,log_785_1708942848.xes,0.0,na,['gradual'],1,2,0,1,gradual_end,[1654],[1651],3155,0.1,315,1,0,1
2508,log_784_1708942840.xes,0.6,na,"['sudden', 'sudden', 'sudden']",3,3,3,0,no_drift,[],[],6013,0.1,601,0,0,0
2509,log_784_1708942840.xes,0.6,na,"['sudden', 'sudden', 'sudden']",3,3,3,0,sudden,"[1038, 2899, 4256]","[4261, 991, 2881]",6013,0.1,601,3,0,3
2510,log_784_1708942840.xes,0.6,na,"['sudden', 'sudden', 'sudden']",3,3,3,0,gradual_start,[],[],6013,0.1,601,0,0,0
2511,log_784_1708942840.xes,0.6,na,"['sudden', 'sudden', 'sudden']",3,3,3,0,gradual_end,[],[],6013,0.1,601,0,0,0
2512,log_369_1708942848.xes,0.0,na,['gradual'],1,2,0,1,no_drift,[],[],3743,0.1,374,0,0,0
2513,log_369_1708942848.xes,0.0,na,['gradual'],1,2,0,1,sudden,[],[],3743,0.1,374,0,0,0
2514,log_369_1708942848.xes,0.0,na,['gradual'],1,2,0,1,gradual_start,[1758],[1693],3743,0.1,374,1,0,1
2515,log_369_1708942848.xes,0.0,na,['gradual'],1,2,0,1,gradual_end,[2086],[2179],3743,0.1,374,1,0,1
2516,log_639_1708942847.xes,0.6,na,['gradual'],1,2,0,1,no_drift,[],[],3537,0.1,353,0,0,0
2517,log_639_1708942847.xes,0.6,na,['gradual'],1,2,0,1,sudden,[],[],3537,0.1,353,0,0,0
2518,log_639_1708942847.xes,0.6,na,['gradual'],1,2,0,1,gradual_start,[1392],[1344],3537,0.1,353,1,0,1
2519,log_639_1708942847.xes,0.6,na,['gradual'],1,2,0,1,gradual_end,[1831],[1837],3537,0.1,353,1,0,1
2520,log_746_1708942845.xes,0.3,na,['sudden'],1,1,1,0,no_drift,[],[0],2218,0.1,221,0,1,0
2521,log_746_1708942845.xes,0.3,na,['sudden'],1,1,1,0,sudden,[1191],[],2218,0.1,221,0,0,1
2522,log_746_1708942845.xes,0.3,na,['sudden'],1,1,1,0,gradual_start,[],[],2218,0.1,221,0,0,0
2523,log_746_1708942845.xes,0.3,na,['sudden'],1,1,1,0,gradual_end,[],[],2218,0.1,221,0,0,0
2524,log_330_1708942850.xes,0.3,na,['sudden'],1,1,1,0,no_drift,[],[],2412,0.1,241,0,0,0
2525,log_330_1708942850.xes,0.3,na,['sudden'],1,1,1,0,sudden,[1186],[1165],2412,0.1,241,1,0,1
2526,log_330_1708942850.xes,0.3,na,['sudden'],1,1,1,0,gradual_start,[],[],2412,0.1,241,0,0,0
2527,log_330_1708942850.xes,0.3,na,['sudden'],1,1,1,0,gradual_end,[],[],2412,0.1,241,0,0,0
2528,log_106_1708942846.xes,0.0,na,[],0,0,0,0,no_drift,[0],[0],4617,0.1,461,1,0,1
2529,log_106_1708942846.xes,0.0,na,[],0,0,0,0,sudden,[],[],4617,0.1,461,0,0,0
2530,log_106_1708942846.xes,0.0,na,[],0,0,0,0,gradual_start,[],[],4617,0.1,461,0,0,0
2531,log_106_1708942846.xes,0.0,na,[],0,0,0,0,gradual_end,[],[],4617,0.1,461,0,0,0
2532,log_329_1708942844.xes,0.3,na,[],0,0,0,0,no_drift,[0],[0],6760,0.1,676,1,0,1
2533,log_329_1708942844.xes,0.3,na,[],0,0,0,0,sudden,[],[],6760,0.1,676,0,0,0
2534,log_329_1708942844.xes,0.3,na,[],0,0,0,0,gradual_start,[],[],6760,0.1,676,0,0,0
2535,log_329_1708942844.xes,0.3,na,[],0,0,0,0,gradual_end,[],[],6760,0.1,676,0,0,0
2536,log_599_1708942846.xes,0.0,na,"['sudden', 'sudden']",2,2,2,0,no_drift,[],[],3408,0.1,340,0,0,0
2537,log_599_1708942846.xes,0.0,na,"['sudden', 'sudden']",2,2,2,0,sudden,"[1179, 2311]","[2313, 1157]",3408,0.1,340,2,0,2
2538,log_599_1708942846.xes,0.0,na,"['sudden', 'sudden']",2,2,2,0,gradual_start,[],[],3408,0.1,340,0,0,0
2539,log_599_1708942846.xes,0.0,na,"['sudden', 'sudden']",2,2,2,0,gradual_end,[],[],3408,0.1,340,0,0,0
2540,log_668_1708942846.xes,0.3,na,"['gradual', 'sudden', 'sudden']",3,4,2,1,no_drift,[],[],5818,0.1,581,0,0,0
2541,log_668_1708942846.xes,0.3,na,"['gradual', 'sudden', 'sudden']",3,4,2,1,sudden,"[2890, 4238]","[2872, 4206]",5818,0.1,581,2,0,2
2542,log_668_1708942846.xes,0.3,na,"['gradual', 'sudden', 'sudden']",3,4,2,1,gradual_start,[1340],[],5818,0.1,581,0,0,1
2543,log_668_1708942846.xes,0.3,na,"['gradual', 'sudden', 'sudden']",3,4,2,1,gradual_end,[1805],[],5818,0.1,581,0,0,1
2544,log_816_1708942848.xes,0.0,na,"['sudden', 'sudden', 'sudden']",3,3,3,0,no_drift,[],[],5716,0.1,571,0,0,0
2545,log_816_1708942848.xes,0.0,na,"['sudden', 'sudden', 'sudden']",3,3,3,0,sudden,"[1137, 2729, 4365]",[2717],5716,0.1,571,1,0,3
2546,log_816_1708942848.xes,0.0,na,"['sudden', 'sudden', 'sudden']",3,3,3,0,gradual_start,[],[],5716,0.1,571,0,0,0
2547,log_816_1708942848.xes,0.0,na,"['sudden', 'sudden', 'sudden']",3,3,3,0,gradual_end,[],[],5716,0.1,571,0,0,0
2548,log_255_1708942849.xes,0.0,na,[],0,0,0,0,no_drift,[0],[0],4804,0.1,480,1,0,1
2549,log_255_1708942849.xes,0.0,na,[],0,0,0,0,sudden,[],[],4804,0.1,480,0,0,0
2550,log_255_1708942849.xes,0.0,na,[],0,0,0,0,gradual_start,[],[],4804,0.1,480,0,0,0
2551,log_255_1708942849.xes,0.0,na,[],0,0,0,0,gradual_end,[],[],4804,0.1,480,0,0,0
2552,log_480_1708942851.xes,0.0,na,"['gradual', 'sudden']",2,3,1,1,no_drift,[],[],4265,0.1,426,0,0,0
2553,log_480_1708942851.xes,0.0,na,"['gradual', 'sudden']",2,3,1,1,sudden,[3241],[3235],4265,0.1,426,1,0,1
2554,log_480_1708942851.xes,0.0,na,"['gradual', 'sudden']",2,3,1,1,gradual_start,[1037],[1030],4265,0.1,426,1,0,1
2555,log_480_1708942851.xes,0.0,na,"['gradual', 'sudden']",2,3,1,1,gradual_end,[1435],[1450],4265,0.1,426,1,0,1
2556,log_370_1708942851.xes,0.3,na,['sudden'],1,1,1,0,no_drift,[],[],3032,0.1,303,0,0,0
2557,log_370_1708942851.xes,0.3,na,['sudden'],1,1,1,0,sudden,[1881],[1876],3032,0.1,303,1,0,1
2558,log_370_1708942851.xes,0.3,na,['sudden'],1,1,1,0,gradual_start,[],[],3032,0.1,303,0,0,0
2559,log_370_1708942851.xes,0.3,na,['sudden'],1,1,1,0,gradual_end,[],[],3032,0.1,303,0,0,0
2560,log_180_1708942843.xes,0.6,na,[],0,0,0,0,no_drift,[0],[0],5700,0.1,570,1,0,1
2561,log_180_1708942843.xes,0.6,na,[],0,0,0,0,sudden,[],[],5700,0.1,570,0,0,0
2562,log_180_1708942843.xes,0.6,na,[],0,0,0,0,gradual_start,[],[],5700,0.1,570,0,0,0
2563,log_180_1708942843.xes,0.6,na,[],0,0,0,0,gradual_end,[],[],5700,0.1,570,0,0,0
2564,log_217_1708942853.xes,0.0,na,[],0,0,0,0,no_drift,[0],[0],1417,0.1,141,1,0,1
2565,log_217_1708942853.xes,0.0,na,[],0,0,0,0,sudden,[],[],1417,0.1,141,0,0,0
2566,log_217_1708942853.xes,0.0,na,[],0,0,0,0,gradual_start,[],[],1417,0.1,141,0,0,0
2567,log_217_1708942853.xes,0.0,na,[],0,0,0,0,gradual_end,[],[],1417,0.1,141,0,0,0
2568,log_407_1708942846.xes,0.0,na,['gradual'],1,2,0,1,no_drift,[],[0],3833,0.1,383,0,1,0
2569,log_407_1708942846.xes,0.0,na,['gradual'],1,2,0,1,sudden,[],[],3833,0.1,383,0,0,0
2570,log_407_1708942846.xes,0.0,na,['gradual'],1,2,0,1,gradual_start,[1677],[],3833,0.1,383,0,0,1
2571,log_407_1708942846.xes,0.0,na,['gradual'],1,2,0,1,gradual_end,[2026],[],3833,0.1,383,0,0,1
2572,log_561_1708942838.xes,0.0,na,[],0,0,0,0,no_drift,[0],[0],5700,0.1,570,1,0,1
2573,log_561_1708942838.xes,0.0,na,[],0,0,0,0,sudden,[],[],5700,0.1,570,0,0,0
2574,log_561_1708942838.xes,0.0,na,[],0,0,0,0,gradual_start,[],[],5700,0.1,570,0,0,0
2575,log_561_1708942838.xes,0.0,na,[],0,0,0,0,gradual_end,[],[],5700,0.1,570,0,0,0
2576,log_256_1708942852.xes,0.0,na,['sudden'],1,1,1,0,no_drift,[],[],2981,0.1,298,0,0,0
2577,log_256_1708942852.xes,0.0,na,['sudden'],1,1,1,0,sudden,[1894],[1891],2981,0.1,298,1,0,1
2578,log_256_1708942852.xes,0.0,na,['sudden'],1,1,1,0,gradual_start,[],[],2981,0.1,298,0,0,0
2579,log_256_1708942852.xes,0.0,na,['sudden'],1,1,1,0,gradual_end,[],[],2981,0.1,298,0,0,0
2580,log_216_1708942849.xes,0.0,na,[],0,0,0,0,no_drift,[0],[0],4461,0.1,446,1,0,1
2581,log_216_1708942849.xes,0.0,na,[],0,0,0,0,sudden,[],[],4461,0.1,446,0,0,0
2582,log_216_1708942849.xes,0.0,na,[],0,0,0,0,gradual_start,[],[],4461,0.1,446,0,0,0
2583,log_216_1708942849.xes,0.0,na,[],0,0,0,0,gradual_end,[],[],4461,0.1,446,0,0,0
2584,log_408_1708942852.xes,0.3,na,"['gradual', 'sudden', 'gradual']",3,5,1,2,no_drift,[],[0],6449,0.1,644,0,1,0
2585,log_408_1708942852.xes,0.3,na,"['gradual', 'sudden', 'gradual']",3,5,1,2,sudden,[2958],[],6449,0.1,644,0,0,1
2586,log_408_1708942852.xes,0.3,na,"['gradual', 'sudden', 'gradual']",3,5,1,2,gradual_start,"[1410, 4280]",[],6449,0.1,644,0,0,2
2587,log_408_1708942852.xes,0.3,na,"['gradual', 'sudden', 'gradual']",3,5,1,2,gradual_end,"[1803, 4629]",[],6449,0.1,644,0,0,2
2588,log_181_1708942853.xes,0.0,na,[],0,0,0,0,no_drift,[0],[0],5379,0.1,537,1,0,1
2589,log_181_1708942853.xes,0.0,na,[],0,0,0,0,sudden,[],[],5379,0.1,537,0,0,0
2590,log_181_1708942853.xes,0.0,na,[],0,0,0,0,gradual_start,[],[],5379,0.1,537,0,0,0
2591,log_181_1708942853.xes,0.0,na,[],0,0,0,0,gradual_end,[],[],5379,0.1,537,0,0,0
2592,log_257_1708942854.xes,0.3,na,[],0,0,0,0,no_drift,[0],[0],1713,0.1,171,1,0,1
2593,log_257_1708942854.xes,0.3,na,[],0,0,0,0,sudden,[],[],1713,0.1,171,0,0,0
2594,log_257_1708942854.xes,0.3,na,[],0,0,0,0,gradual_start,[],[],1713,0.1,171,0,0,0
2595,log_257_1708942854.xes,0.3,na,[],0,0,0,0,gradual_end,[],[],1713,0.1,171,0,0,0
2596,log_517_1708942846.xes,0.6,na,[],0,0,0,0,no_drift,[0],[0],7612,0.1,761,1,0,1
2597,log_517_1708942846.xes,0.6,na,[],0,0,0,0,sudden,[],[],7612,0.1,761,0,0,0
2598,log_517_1708942846.xes,0.6,na,[],0,0,0,0,gradual_start,[],[],7612,0.1,761,0,0,0
2599,log_517_1708942846.xes,0.6,na,[],0,0,0,0,gradual_end,[],[],7612,0.1,761,0,0,0
2600,log_372_1708942855.xes,0.6,na,['sudden'],1,1,1,0,no_drift,[],[],3748,0.1,374,0,0,0
2601,log_372_1708942855.xes,0.6,na,['sudden'],1,1,1,0,sudden,[1798],[1747],3748,0.1,374,1,0,1
2602,log_372_1708942855.xes,0.6,na,['sudden'],1,1,1,0,gradual_start,[],[],3748,0.1,374,0,0,0
2603,log_372_1708942855.xes,0.6,na,['sudden'],1,1,1,0,gradual_end,[],[],3748,0.1,374,0,0,0
2604,log_107_1708942849.xes,0.0,na,"['sudden', 'gradual', 'sudden']",3,4,2,1,no_drift,[],[],5599,0.1,559,0,0,0
2605,log_107_1708942849.xes,0.0,na,"['sudden', 'gradual', 'sudden']",3,4,2,1,sudden,"[1063, 3743]","[3727, 1081]",5599,0.1,559,2,0,2
2606,log_107_1708942849.xes,0.0,na,"['sudden', 'gradual', 'sudden']",3,4,2,1,gradual_start,[2110],[2107],5599,0.1,559,1,0,1
2607,log_107_1708942849.xes,0.0,na,"['sudden', 'gradual', 'sudden']",3,4,2,1,gradual_end,[2597],[2566],5599,0.1,559,1,0,1
2608,log_291_1708942855.xes,0.0,na,['sudden'],1,1,1,0,no_drift,[],[],3024,0.1,302,0,0,0
2609,log_291_1708942855.xes,0.0,na,['sudden'],1,1,1,0,sudden,[1245],[1246],3024,0.1,302,1,0,1
2610,log_291_1708942855.xes,0.0,na,['sudden'],1,1,1,0,gradual_start,[],[],3024,0.1,302,0,0,0
2611,log_291_1708942855.xes,0.0,na,['sudden'],1,1,1,0,gradual_end,[],[],3024,0.1,302,0,0,0
2612,log_747_1708942850.xes,0.3,na,[],0,0,0,0,no_drift,[0],[0],4086,0.1,408,1,0,1
2613,log_747_1708942850.xes,0.3,na,[],0,0,0,0,sudden,[],[],4086,0.1,408,0,0,0
2614,log_747_1708942850.xes,0.3,na,[],0,0,0,0,gradual_start,[],[],4086,0.1,408,0,0,0
2615,log_747_1708942850.xes,0.3,na,[],0,0,0,0,gradual_end,[],[],4086,0.1,408,0,0,0
2616,log_371_1708942854.xes,0.0,na,[],0,0,0,0,no_drift,[0],[0],2978,0.1,297,1,0,1
2617,log_371_1708942854.xes,0.0,na,[],0,0,0,0,sudden,[],[],2978,0.1,297,0,0,0
2618,log_371_1708942854.xes,0.0,na,[],0,0,0,0,gradual_start,[],[],2978,0.1,297,0,0,0
2619,log_371_1708942854.xes,0.0,na,[],0,0,0,0,gradual_end,[],[],2978,0.1,297,0,0,0
2620,log_28_1708942851.xes,0.6,na,"['gradual', 'sudden']",2,3,1,1,no_drift,[],[],5042,0.1,504,0,0,0
2621,log_28_1708942851.xes,0.6,na,"['gradual', 'sudden']",2,3,1,1,sudden,[3382],[3376],5042,0.1,504,1,0,1
2622,log_28_1708942851.xes,0.6,na,"['gradual', 'sudden']",2,3,1,1,gradual_start,[1854],[1801],5042,0.1,504,1,0,1
2623,log_28_1708942851.xes,0.6,na,"['gradual', 'sudden']",2,3,1,1,gradual_end,[2300],[2276],5042,0.1,504,1,0,1
2624,log_903_1708942845.xes,0.6,na,"['gradual', 'sudden', 'gradual']",3,5,1,2,no_drift,[],[],7382,0.1,738,0,0,0
2625,log_903_1708942845.xes,0.6,na,"['gradual', 'sudden', 'gradual']",3,5,1,2,sudden,[3813],[3781],7382,0.1,738,1,0,1
2626,log_903_1708942845.xes,0.6,na,"['gradual', 'sudden', 'gradual']",3,5,1,2,gradual_start,"[1392, 5709]",[],7382,0.1,738,0,0,2
2627,log_903_1708942845.xes,0.6,na,"['gradual', 'sudden', 'gradual']",3,5,1,2,gradual_end,"[1845, 6269]",[],7382,0.1,738,0,0,2
2628,log_290_1708942846.xes,0.3,na,"['gradual', 'gradual', 'gradual']",3,6,0,3,no_drift,[],[],7931,0.1,793,0,0,0
2629,log_290_1708942846.xes,0.3,na,"['gradual', 'gradual', 'gradual']",3,6,0,3,sudden,[],[],7931,0.1,793,0,0,0
2630,log_290_1708942846.xes,0.3,na,"['gradual', 'gradual', 'gradual']",3,6,0,3,gradual_start,"[1905, 3251, 5632]","[5617, 3238, 1834]",7931,0.1,793,3,0,3
2631,log_290_1708942846.xes,0.3,na,"['gradual', 'gradual', 'gradual']",3,6,0,3,gradual_end,"[2231, 3704, 6004]","[6007, 3667, 2224]",7931,0.1,793,3,0,3
2632,log_331_1708942851.xes,0.6,na,"['gradual', 'sudden']",2,3,1,1,no_drift,[],[],4909,0.1,490,0,0,0
2633,log_331_1708942851.xes,0.6,na,"['gradual', 'sudden']",2,3,1,1,sudden,[3522],[3505],4909,0.1,490,1,0,1
2634,log_331_1708942851.xes,0.6,na,"['gradual', 'sudden']",2,3,1,1,gradual_start,[1506],[1489],4909,0.1,490,1,0,1
2635,log_331_1708942851.xes,0.6,na,"['gradual', 'sudden']",2,3,1,1,gradual_end,[2003],[1993],4909,0.1,490,1,0,1
2636,log_218_1708942854.xes,0.6,na,[],0,0,0,0,no_drift,[0],[0],5924,0.1,592,1,0,1
2637,log_218_1708942854.xes,0.6,na,[],0,0,0,0,sudden,[],[],5924,0.1,592,0,0,0
2638,log_218_1708942854.xes,0.6,na,[],0,0,0,0,gradual_start,[],[],5924,0.1,592,0,0,0
2639,log_218_1708942854.xes,0.6,na,[],0,0,0,0,gradual_end,[],[],5924,0.1,592,0,0,0
2640,log_62_1708942849.xes,0.6,na,"['gradual', 'sudden']",2,3,1,1,no_drift,[],[],5944,0.1,594,0,0,0
2641,log_62_1708942849.xes,0.6,na,"['gradual', 'sudden']",2,3,1,1,sudden,[3974],[],5944,0.1,594,0,0,1
2642,log_62_1708942849.xes,0.6,na,"['gradual', 'sudden']",2,3,1,1,gradual_start,[1484],[1480],5944,0.1,594,1,0,1
2643,log_62_1708942849.xes,0.6,na,"['gradual', 'sudden']",2,3,1,1,gradual_end,[1993],[2002],5944,0.1,594,1,0,1
2644,log_138_1708942843.xes,0.6,na,"['sudden', 'sudden', 'gradual']",3,4,2,1,no_drift,[],[],7088,0.1,708,0,0,0
2645,log_138_1708942843.xes,0.6,na,"['sudden', 'sudden', 'gradual']",3,4,2,1,sudden,"[1751, 3610]",[3571],7088,0.1,708,1,0,2
2646,log_138_1708942843.xes,0.6,na,"['sudden', 'sudden', 'gradual']",3,4,2,1,gradual_start,[5497],[5461],7088,0.1,708,1,0,1
2647,log_138_1708942843.xes,0.6,na,"['sudden', 'sudden', 'gradual']",3,4,2,1,gradual_end,[5829],[5811],7088,0.1,708,1,0,1
2648,log_817_1708942851.xes,0.3,na,"['gradual', 'gradual']",2,4,0,2,no_drift,[],[],5567,0.1,556,0,0,0
2649,log_817_1708942851.xes,0.3,na,"['gradual', 'gradual']",2,4,0,2,sudden,[],[],5567,0.1,556,0,0,0
2650,log_817_1708942851.xes,0.3,na,"['gradual', 'gradual']",2,4,0,2,gradual_start,"[1958, 4091]","[4078, 1945]",5567,0.1,556,2,0,2
2651,log_817_1708942851.xes,0.3,na,"['gradual', 'gradual']",2,4,0,2,gradual_end,"[2297, 4509]","[4483, 2269]",5567,0.1,556,2,0,2
2652,log_292_1708942857.xes,0.0,na,"['gradual', 'gradual']",2,4,0,2,no_drift,[],[],4636,0.1,463,0,0,0
2653,log_292_1708942857.xes,0.0,na,"['gradual', 'gradual']",2,4,0,2,sudden,[],[],4636,0.1,463,0,0,0
2654,log_292_1708942857.xes,0.0,na,"['gradual', 'gradual']",2,4,0,2,gradual_start,"[1493, 3048]","[3037, 1519]",4636,0.1,463,2,0,2
2655,log_292_1708942857.xes,0.0,na,"['gradual', 'gradual']",2,4,0,2,gradual_end,"[1884, 3403]","[3382, 1887]",4636,0.1,463,2,0,2
2656,log_786_1708942851.xes,0.6,na,"['gradual', 'sudden']",2,3,1,1,no_drift,[],[0],4243,0.1,424,0,1,0
2657,log_786_1708942851.xes,0.6,na,"['gradual', 'sudden']",2,3,1,1,sudden,[2880],[],4243,0.1,424,0,0,1
2658,log_786_1708942851.xes,0.6,na,"['gradual', 'sudden']",2,3,1,1,gradual_start,[1368],[],4243,0.1,424,0,0,1
2659,log_786_1708942851.xes,0.6,na,"['gradual', 'sudden']",2,3,1,1,gradual_end,[1681],[],4243,0.1,424,0,0,1
2660,log_518_1708942854.xes,0.6,na,"['sudden', 'sudden', 'gradual']",3,4,2,1,no_drift,[],[],6201,0.1,620,0,0,0
2661,log_518_1708942854.xes,0.6,na,"['sudden', 'sudden', 'gradual']",3,4,2,1,sudden,"[1984, 3161]","[3132, 1954]",6201,0.1,620,2,0,2
2662,log_518_1708942854.xes,0.6,na,"['sudden', 'sudden', 'gradual']",3,4,2,1,gradual_start,[4272],[],6201,0.1,620,0,0,1
2663,log_518_1708942854.xes,0.6,na,"['sudden', 'sudden', 'gradual']",3,4,2,1,gradual_end,[4722],[],6201,0.1,620,0,0,1
2664,log_139_1708942856.xes,0.0,na,['sudden'],1,1,1,0,no_drift,[],[],3059,0.1,305,0,0,0
2665,log_139_1708942856.xes,0.0,na,['sudden'],1,1,1,0,sudden,[1980],[1966],3059,0.1,305,1,0,1
2666,log_139_1708942856.xes,0.0,na,['sudden'],1,1,1,0,gradual_start,[],[],3059,0.1,305,0,0,0
2667,log_139_1708942856.xes,0.0,na,['sudden'],1,1,1,0,gradual_end,[],[],3059,0.1,305,0,0,0
2668,log_640_1708942851.xes,0.0,na,"['gradual', 'gradual', 'gradual']",3,6,0,3,no_drift,[],[],6639,0.1,663,0,0,0
2669,log_640_1708942851.xes,0.0,na,"['gradual', 'gradual', 'gradual']",3,6,0,3,sudden,[],[],6639,0.1,663,0,0,0
2670,log_640_1708942851.xes,0.0,na,"['gradual', 'gradual', 'gradual']",3,6,0,3,gradual_start,"[1277, 3164, 4614]",[4588],6639,0.1,663,1,0,3
2671,log_640_1708942851.xes,0.0,na,"['gradual', 'gradual', 'gradual']",3,6,0,3,gradual_end,"[1853, 3559, 5057]",[5050],6639,0.1,663,1,0,3
2672,log_669_1708942852.xes,0.3,na,[],0,0,0,0,no_drift,[0],[0],6884,0.1,688,1,0,1
2673,log_669_1708942852.xes,0.3,na,[],0,0,0,0,sudden,[],[],6884,0.1,688,0,0,0
2674,log_669_1708942852.xes,0.3,na,[],0,0,0,0,gradual_start,[],[],6884,0.1,688,0,0,0
2675,log_669_1708942852.xes,0.3,na,[],0,0,0,0,gradual_end,[],[],6884,0.1,688,0,0,0
2676,log_29_1708942856.xes,0.0,na,['gradual'],1,2,0,1,no_drift,[],[],3790,0.1,379,0,0,0
2677,log_29_1708942856.xes,0.0,na,['gradual'],1,2,0,1,sudden,[],[],3790,0.1,379,0,0,0
2678,log_29_1708942856.xes,0.0,na,['gradual'],1,2,0,1,gradual_start,[1677],[1639],3790,0.1,379,1,0,1
2679,log_29_1708942856.xes,0.0,na,['gradual'],1,2,0,1,gradual_end,[2164],[2143],3790,0.1,379,1,0,1
2680,log_449_1708942849.xes,0.0,na,[],0,0,0,0,no_drift,[0],[0],4940,0.1,494,1,0,1
2681,log_449_1708942849.xes,0.0,na,[],0,0,0,0,sudden,[],[],4940,0.1,494,0,0,0
2682,log_449_1708942849.xes,0.0,na,[],0,0,0,0,gradual_start,[],[],4940,0.1,494,0,0,0
2683,log_449_1708942849.xes,0.0,na,[],0,0,0,0,gradual_end,[],[],4940,0.1,494,0,0,0
2684,log_600_1708942853.xes,0.0,na,"['gradual', 'gradual']",2,4,0,2,no_drift,[],[0],5320,0.1,532,0,1,0
2685,log_600_1708942853.xes,0.0,na,"['gradual', 'gradual']",2,4,0,2,sudden,[],[],5320,0.1,532,0,0,0
2686,log_600_1708942853.xes,0.0,na,"['gradual', 'gradual']",2,4,0,2,gradual_start,"[1736, 3288]",[],5320,0.1,532,0,0,2
2687,log_600_1708942853.xes,0.0,na,"['gradual', 'gradual']",2,4,0,2,gradual_end,"[2203, 3709]",[],5320,0.1,532,0,0,2
2688,log_641_1708942858.xes,0.0,na,['sudden'],1,1,1,0,no_drift,[],[],3591,0.1,359,0,0,0
2689,log_641_1708942858.xes,0.0,na,['sudden'],1,1,1,0,sudden,[1822],[1803],3591,0.1,359,1,0,1
2690,log_641_1708942858.xes,0.0,na,['sudden'],1,1,1,0,gradual_start,[],[],3591,0.1,359,0,0,0
2691,log_641_1708942858.xes,0.0,na,['sudden'],1,1,1,0,gradual_end,[],[],3591,0.1,359,0,0,0
2692,log_860_1708942858.xes,0.0,na,[],0,0,0,0,no_drift,[0],[0],3536,0.1,353,1,0,1
2693,log_860_1708942858.xes,0.0,na,[],0,0,0,0,sudden,[],[],3536,0.1,353,0,0,0
2694,log_860_1708942858.xes,0.0,na,[],0,0,0,0,gradual_start,[],[],3536,0.1,353,0,0,0
2695,log_860_1708942858.xes,0.0,na,[],0,0,0,0,gradual_end,[],[],3536,0.1,353,0,0,0
2696,log_182_1708942855.xes,0.0,na,"['gradual', 'gradual', 'sudden']",3,5,1,2,no_drift,[],[],7955,0.1,795,0,0,0
2697,log_182_1708942855.xes,0.0,na,"['gradual', 'gradual', 'sudden']",3,5,1,2,sudden,[6290],[6241],7955,0.1,795,1,0,1
2698,log_182_1708942855.xes,0.0,na,"['gradual', 'gradual', 'sudden']",3,5,1,2,gradual_start,"[1920, 4298]",[4252],7955,0.1,795,1,0,2
2699,log_182_1708942855.xes,0.0,na,"['gradual', 'gradual', 'sudden']",3,5,1,2,gradual_end,"[2508, 4811]",[4759],7955,0.1,795,1,0,2
2700,log_748_1708942855.xes,0.0,na,[],0,0,0,0,no_drift,[0],[0],6516,0.1,651,1,0,1
2701,log_748_1708942855.xes,0.0,na,[],0,0,0,0,sudden,[],[],6516,0.1,651,0,0,0
2702,log_748_1708942855.xes,0.0,na,[],0,0,0,0,gradual_start,[],[],6516,0.1,651,0,0,0
2703,log_748_1708942855.xes,0.0,na,[],0,0,0,0,gradual_end,[],[],6516,0.1,651,0,0,0
2704,log_450_1708942857.xes,0.3,na,['gradual'],1,2,0,1,no_drift,[],[0],4266,0.1,426,0,1,0
2705,log_450_1708942857.xes,0.3,na,['gradual'],1,2,0,1,sudden,[],[],4266,0.1,426,0,0,0
2706,log_450_1708942857.xes,0.3,na,['gradual'],1,2,0,1,gradual_start,[1916],[],4266,0.1,426,0,0,1
2707,log_450_1708942857.xes,0.3,na,['gradual'],1,2,0,1,gradual_end,[2275],[],4266,0.1,426,0,0,1
2708,log_451_1708942861.xes,0.0,na,[],0,0,0,0,no_drift,[0],[0],1601,0.1,160,1,0,1
2709,log_451_1708942861.xes,0.0,na,[],0,0,0,0,sudden,[],[],1601,0.1,160,0,0,0
2710,log_451_1708942861.xes,0.0,na,[],0,0,0,0,gradual_start,[],[],1601,0.1,160,0,0,0
2711,log_451_1708942861.xes,0.0,na,[],0,0,0,0,gradual_end,[],[],1601,0.1,160,0,0,0
2712,log_787_1708942858.xes,0.0,na,"['gradual', 'gradual']",2,4,0,2,no_drift,[],[],5167,0.1,516,0,0,0
2713,log_787_1708942858.xes,0.0,na,"['gradual', 'gradual']",2,4,0,2,sudden,[],[],5167,0.1,516,0,0,0
2714,log_787_1708942858.xes,0.0,na,"['gradual', 'gradual']",2,4,0,2,gradual_start,"[1647, 3606]",[1626],5167,0.1,516,1,0,2
2715,log_787_1708942858.xes,0.0,na,"['gradual', 'gradual']",2,4,0,2,gradual_end,"[2063, 4046]",[2051],5167,0.1,516,1,0,2
2716,log_63_1708942857.xes,0.3,na,['gradual'],1,2,0,1,no_drift,[],[],3405,0.1,340,0,0,0
2717,log_63_1708942857.xes,0.3,na,['gradual'],1,2,0,1,sudden,[],[],3405,0.1,340,0,0,0
2718,log_63_1708942857.xes,0.3,na,['gradual'],1,2,0,1,gradual_start,[1048],[1038],3405,0.1,340,1,0,1
2719,log_63_1708942857.xes,0.3,na,['gradual'],1,2,0,1,gradual_end,[1585],[1548],3405,0.1,340,1,0,1
2720,log_749_1708942860.xes,0.0,na,[],0,0,0,0,no_drift,[0],[0],2464,0.1,246,1,0,1
2721,log_749_1708942860.xes,0.0,na,[],0,0,0,0,sudden,[],[],2464,0.1,246,0,0,0
2722,log_749_1708942860.xes,0.0,na,[],0,0,0,0,gradual_start,[],[],2464,0.1,246,0,0,0
2723,log_749_1708942860.xes,0.0,na,[],0,0,0,0,gradual_end,[],[],2464,0.1,246,0,0,0
2724,log_601_1708942858.xes,0.6,na,[],0,0,0,0,no_drift,[0],[0],3165,0.1,316,1,0,1
2725,log_601_1708942858.xes,0.6,na,[],0,0,0,0,sudden,[],[],3165,0.1,316,0,0,0
2726,log_601_1708942858.xes,0.6,na,[],0,0,0,0,gradual_start,[],[],3165,0.1,316,0,0,0
2727,log_601_1708942858.xes,0.6,na,[],0,0,0,0,gradual_end,[],[],3165,0.1,316,0,0,0
2728,log_562_1708942854.xes,0.0,na,"['gradual', 'gradual']",2,4,0,2,no_drift,[],[],6002,0.1,600,0,0,0
2729,log_562_1708942854.xes,0.0,na,"['gradual', 'gradual']",2,4,0,2,sudden,[],[],6002,0.1,600,0,0,0
2730,log_562_1708942854.xes,0.0,na,"['gradual', 'gradual']",2,4,0,2,gradual_start,"[1939, 3989]",[3961],6002,0.1,600,1,0,2
2731,log_562_1708942854.xes,0.0,na,"['gradual', 'gradual']",2,4,0,2,gradual_end,"[2431, 4547]",[4531],6002,0.1,600,1,0,2
2732,log_258_1708942856.xes,0.0,na,"['gradual', 'sudden', 'sudden']",3,4,2,1,no_drift,[],[],6854,0.1,685,0,0,0
2733,log_258_1708942856.xes,0.0,na,"['gradual', 'sudden', 'sudden']",3,4,2,1,sudden,"[3757, 5554]","[5543, 3741]",6854,0.1,685,2,0,2
2734,log_258_1708942856.xes,0.0,na,"['gradual', 'sudden', 'sudden']",3,4,2,1,gradual_start,[1904],[1905],6854,0.1,685,1,0,1
2735,log_258_1708942856.xes,0.0,na,"['gradual', 'sudden', 'sudden']",3,4,2,1,gradual_end,[2257],[2245],6854,0.1,685,1,0,1
2736,log_564_1708942863.xes,0.0,na,[],0,0,0,0,no_drift,[0],[0],1248,0.1,124,1,0,1
2737,log_564_1708942863.xes,0.0,na,[],0,0,0,0,sudden,[],[],1248,0.1,124,0,0,0
2738,log_564_1708942863.xes,0.0,na,[],0,0,0,0,gradual_start,[],[],1248,0.1,124,0,0,0
2739,log_564_1708942863.xes,0.0,na,[],0,0,0,0,gradual_end,[],[],1248,0.1,124,0,0,0
2740,log_859_1708942843.xes,0.3,na,"['sudden', 'gradual', 'sudden']",3,4,2,1,no_drift,[],[],6984,0.1,698,0,0,0
2741,log_859_1708942843.xes,0.3,na,"['sudden', 'gradual', 'sudden']",3,4,2,1,sudden,"[1834, 5719]",[1803],6984,0.1,698,1,0,2
2742,log_859_1708942843.xes,0.3,na,"['sudden', 'gradual', 'sudden']",3,4,2,1,gradual_start,[3233],[3197],6984,0.1,698,1,0,1
2743,log_859_1708942843.xes,0.3,na,"['sudden', 'gradual', 'sudden']",3,4,2,1,gradual_end,[3724],[3741],6984,0.1,698,1,0,1
2744,log_750_1708942861.xes,0.0,na,['gradual'],1,2,0,1,no_drift,[],[],2890,0.1,289,0,0,0
2745,log_750_1708942861.xes,0.0,na,['gradual'],1,2,0,1,sudden,[],[],2890,0.1,289,0,0,0
2746,log_750_1708942861.xes,0.0,na,['gradual'],1,2,0,1,gradual_start,[1261],[1275],2890,0.1,289,1,0,1
2747,log_750_1708942861.xes,0.0,na,['gradual'],1,2,0,1,gradual_end,[1671],[1653],2890,0.1,289,1,0,1
2748,log_219_1708942859.xes,0.3,na,['sudden'],1,1,1,0,no_drift,[],[],3130,0.1,313,0,0,0
2749,log_219_1708942859.xes,0.3,na,['sudden'],1,1,1,0,sudden,[1327],[1306],3130,0.1,313,1,0,1
2750,log_219_1708942859.xes,0.3,na,['sudden'],1,1,1,0,gradual_start,[],[],3130,0.1,313,0,0,0
2751,log_219_1708942859.xes,0.3,na,['sudden'],1,1,1,0,gradual_end,[],[],3130,0.1,313,0,0,0
2752,log_108_1708942855.xes,0.0,na,"['gradual', 'sudden']",2,3,1,1,no_drift,[],[0],4905,0.1,490,0,1,0
2753,log_108_1708942855.xes,0.0,na,"['gradual', 'sudden']",2,3,1,1,sudden,[3229],[],4905,0.1,490,0,0,1
2754,log_108_1708942855.xes,0.0,na,"['gradual', 'sudden']",2,3,1,1,gradual_start,[1159],[],4905,0.1,490,0,0,1
2755,log_108_1708942855.xes,0.0,na,"['gradual', 'sudden']",2,3,1,1,gradual_end,[1549],[],4905,0.1,490,0,0,1
2756,log_563_1708942861.xes,0.0,na,['sudden'],1,1,1,0,no_drift,[],[0],3707,0.1,370,0,1,0
2757,log_563_1708942861.xes,0.0,na,['sudden'],1,1,1,0,sudden,[1958],[],3707,0.1,370,0,0,1
2758,log_563_1708942861.xes,0.0,na,['sudden'],1,1,1,0,gradual_start,[],[],3707,0.1,370,0,0,0
2759,log_563_1708942861.xes,0.0,na,['sudden'],1,1,1,0,gradual_end,[],[],3707,0.1,370,0,0,0
2760,log_670_1708942857.xes,0.0,na,"['sudden', 'gradual', 'sudden']",3,4,2,1,no_drift,[],[],6995,0.1,699,0,0,0
2761,log_670_1708942857.xes,0.0,na,"['sudden', 'gradual', 'sudden']",3,4,2,1,sudden,"[1559, 5650]","[5611, 1531]",6995,0.1,699,2,0,2
2762,log_670_1708942857.xes,0.0,na,"['sudden', 'gradual', 'sudden']",3,4,2,1,gradual_start,[3364],[3333],6995,0.1,699,1,0,1
2763,log_670_1708942857.xes,0.0,na,"['sudden', 'gradual', 'sudden']",3,4,2,1,gradual_end,[3946],[3945],6995,0.1,699,1,0,1
2764,log_373_1708942857.xes,0.6,na,"['gradual', 'gradual']",2,4,0,2,no_drift,[],[],5616,0.1,561,0,0,0
2765,log_373_1708942857.xes,0.6,na,"['gradual', 'gradual']",2,4,0,2,sudden,[],[],5616,0.1,561,0,0,0
2766,log_373_1708942857.xes,0.6,na,"['gradual', 'gradual']",2,4,0,2,gradual_start,"[1266, 3305]",[3277],5616,0.1,561,1,0,2
2767,log_373_1708942857.xes,0.6,na,"['gradual', 'gradual']",2,4,0,2,gradual_end,"[1806, 3866]",[3837],5616,0.1,561,1,0,2
2768,log_642_1708942861.xes,0.3,na,"['sudden', 'gradual']",2,3,1,1,no_drift,[],[],4372,0.1,437,0,0,0
2769,log_642_1708942861.xes,0.3,na,"['sudden', 'gradual']",2,3,1,1,sudden,[1033],[988],4372,0.1,437,1,0,1
2770,log_642_1708942861.xes,0.3,na,"['sudden', 'gradual']",2,3,1,1,gradual_start,[2565],[2563],4372,0.1,437,1,0,1
2771,log_642_1708942861.xes,0.3,na,"['sudden', 'gradual']",2,3,1,1,gradual_end,[2874],[2920],4372,0.1,437,1,0,1
2772,log_941_1708942842.xes,0.0,na,[],0,0,0,0,no_drift,[0],[0],7732,0.1,773,1,0,1
2773,log_941_1708942842.xes,0.0,na,[],0,0,0,0,sudden,[],[],7732,0.1,773,0,0,0
2774,log_941_1708942842.xes,0.0,na,[],0,0,0,0,gradual_start,[],[],7732,0.1,773,0,0,0
2775,log_941_1708942842.xes,0.0,na,[],0,0,0,0,gradual_end,[],[],7732,0.1,773,0,0,0
2776,log_818_1708942859.xes,0.0,na,"['gradual', 'gradual']",2,4,0,2,no_drift,[],[],4801,0.1,480,0,0,0
2777,log_818_1708942859.xes,0.0,na,"['gradual', 'gradual']",2,4,0,2,sudden,[],[],4801,0.1,480,0,0,0
2778,log_818_1708942859.xes,0.0,na,"['gradual', 'gradual']",2,4,0,2,gradual_start,"[1155, 2944]","[2929, 1129]",4801,0.1,480,2,0,2
2779,log_818_1708942859.xes,0.0,na,"['gradual', 'gradual']",2,4,0,2,gradual_end,"[1616, 3467]","[3433, 1609]",4801,0.1,480,2,0,2
2780,log_140_1708942861.xes,0.3,na,"['sudden', 'sudden']",2,2,2,0,no_drift,[],[],4691,0.1,469,0,0,0
2781,log_140_1708942861.xes,0.3,na,"['sudden', 'sudden']",2,2,2,0,sudden,"[2000, 3604]",[3566],4691,0.1,469,1,0,2
2782,log_140_1708942861.xes,0.3,na,"['sudden', 'sudden']",2,2,2,0,gradual_start,[],[],4691,0.1,469,0,0,0
2783,log_140_1708942861.xes,0.3,na,"['sudden', 'sudden']",2,2,2,0,gradual_end,[],[],4691,0.1,469,0,0,0
2784,log_30_1708942861.xes,0.6,na,[],0,0,0,0,no_drift,[0],[0],5085,0.1,508,1,0,1
2785,log_30_1708942861.xes,0.6,na,[],0,0,0,0,sudden,[],[],5085,0.1,508,0,0,0
2786,log_30_1708942861.xes,0.6,na,[],0,0,0,0,gradual_start,[],[],5085,0.1,508,0,0,0
2787,log_30_1708942861.xes,0.6,na,[],0,0,0,0,gradual_end,[],[],5085,0.1,508,0,0,0
2788,log_671_1708942862.xes,0.0,na,['sudden'],1,1,1,0,no_drift,[],[],2890,0.1,289,0,0,0
2789,log_671_1708942862.xes,0.0,na,['sudden'],1,1,1,0,sudden,[1279],[1289],2890,0.1,289,1,0,1
2790,log_671_1708942862.xes,0.0,na,['sudden'],1,1,1,0,gradual_start,[],[],2890,0.1,289,0,0,0
2791,log_671_1708942862.xes,0.0,na,['sudden'],1,1,1,0,gradual_end,[],[],2890,0.1,289,0,0,0
2792,log_789_1708942867.xes,0.6,na,['sudden'],1,1,1,0,no_drift,[],[],2347,0.1,234,0,0,0
2793,log_789_1708942867.xes,0.6,na,['sudden'],1,1,1,0,sudden,[1224],[1211],2347,0.1,234,1,0,1
2794,log_789_1708942867.xes,0.6,na,['sudden'],1,1,1,0,gradual_start,[],[],2347,0.1,234,0,0,0
2795,log_789_1708942867.xes,0.6,na,['sudden'],1,1,1,0,gradual_end,[],[],2347,0.1,234,0,0,0
2796,log_861_1708942860.xes,0.6,na,"['gradual', 'gradual', 'sudden']",3,5,1,2,no_drift,[],[],8069,0.1,806,0,0,0
2797,log_861_1708942860.xes,0.6,na,"['gradual', 'gradual', 'sudden']",3,5,1,2,sudden,[6260],"[2201, 6241]",8069,0.1,806,1,1,1
2798,log_861_1708942860.xes,0.6,na,"['gradual', 'gradual', 'sudden']",3,5,1,2,gradual_start,"[1996, 3900]",[3841],8069,0.1,806,1,0,2
2799,log_861_1708942860.xes,0.6,na,"['gradual', 'gradual', 'sudden']",3,5,1,2,gradual_end,"[2388, 4438]",[4361],8069,0.1,806,1,0,2
2800,log_409_1708942856.xes,0.0,na,"['sudden', 'sudden', 'gradual']",3,4,2,1,no_drift,[],[],5603,0.1,560,0,0,0
2801,log_409_1708942856.xes,0.0,na,"['sudden', 'sudden', 'gradual']",3,4,2,1,sudden,"[1382, 2687]","[1345, 2661]",5603,0.1,560,2,0,2
2802,log_409_1708942856.xes,0.0,na,"['sudden', 'sudden', 'gradual']",3,4,2,1,gradual_start,[4067],[4033],5603,0.1,560,1,0,1
2803,log_409_1708942856.xes,0.0,na,"['sudden', 'sudden', 'gradual']",3,4,2,1,gradual_end,[4459],[4453],5603,0.1,560,1,0,1
2804,log_942_1708942859.xes,0.0,na,[],0,0,0,0,no_drift,[0],[0],7740,0.1,774,1,0,1
2805,log_942_1708942859.xes,0.0,na,[],0,0,0,0,sudden,[],[],7740,0.1,774,0,0,0
2806,log_942_1708942859.xes,0.0,na,[],0,0,0,0,gradual_start,[],[],7740,0.1,774,0,0,0
2807,log_942_1708942859.xes,0.0,na,[],0,0,0,0,gradual_end,[],[],7740,0.1,774,0,0,0
2808,log_602_1708942862.xes,0.0,na,"['gradual', 'gradual']",2,4,0,2,no_drift,[],[],5179,0.1,517,0,0,0
2809,log_602_1708942862.xes,0.0,na,"['gradual', 'gradual']",2,4,0,2,sudden,[],[],5179,0.1,517,0,0,0
2810,log_602_1708942862.xes,0.0,na,"['gradual', 'gradual']",2,4,0,2,gradual_start,"[1510, 3072]","[3051, 1476]",5179,0.1,517,2,0,2
2811,log_602_1708942862.xes,0.0,na,"['gradual', 'gradual']",2,4,0,2,gradual_end,"[1912, 3598]","[3576, 1901]",5179,0.1,517,2,0,2
2812,log_788_1708942862.xes,0.0,na,"['sudden', 'gradual', 'sudden']",3,4,2,1,no_drift,[],[],5966,0.1,596,0,0,0
2813,log_788_1708942862.xes,0.0,na,"['sudden', 'gradual', 'sudden']",3,4,2,1,sudden,"[1276, 4656]","[4641, 1277]",5966,0.1,596,2,0,2
2814,log_788_1708942862.xes,0.0,na,"['sudden', 'gradual', 'sudden']",3,4,2,1,gradual_start,[2713],[2698],5966,0.1,596,1,0,1
2815,log_788_1708942862.xes,0.0,na,"['sudden', 'gradual', 'sudden']",3,4,2,1,gradual_end,[3226],[3191],5966,0.1,596,1,0,1
2816,log_109_1708942861.xes,0.0,na,"['sudden', 'gradual']",2,3,1,1,no_drift,[],[],5919,0.1,591,0,0,0
2817,log_109_1708942861.xes,0.0,na,"['sudden', 'gradual']",2,3,1,1,sudden,[1938],[1915],5919,0.1,591,1,0,1
2818,log_109_1708942861.xes,0.0,na,"['sudden', 'gradual']",2,3,1,1,gradual_start,[3761],[3742],5919,0.1,591,1,0,1
2819,log_109_1708942861.xes,0.0,na,"['sudden', 'gradual']",2,3,1,1,gradual_end,[4290],[4293],5919,0.1,591,1,0,1
2820,log_709_1708942845.xes,0.6,na,"['gradual', 'gradual', 'gradual']",3,6,0,3,no_drift,[],[0],7989,0.1,798,0,1,0
2821,log_709_1708942845.xes,0.6,na,"['gradual', 'gradual', 'gradual']",3,6,0,3,sudden,[],[],7989,0.1,798,0,0,0
2822,log_709_1708942845.xes,0.6,na,"['gradual', 'gradual', 'gradual']",3,6,0,3,gradual_start,"[1984, 3875, 6167]",[],7989,0.1,798,0,0,3
2823,log_709_1708942845.xes,0.6,na,"['gradual', 'gradual', 'gradual']",3,6,0,3,gradual_end,"[2507, 4396, 6482]",[],7989,0.1,798,0,0,3
2824,log_183_1708942860.xes,0.3,na,[],0,0,0,0,no_drift,[0],[0],2820,0.1,282,1,0,1
2825,log_183_1708942860.xes,0.3,na,[],0,0,0,0,sudden,[],[],2820,0.1,282,0,0,0
2826,log_183_1708942860.xes,0.3,na,[],0,0,0,0,gradual_start,[],[],2820,0.1,282,0,0,0
2827,log_183_1708942860.xes,0.3,na,[],0,0,0,0,gradual_end,[],[],2820,0.1,282,0,0,0
2828,log_565_1708942864.xes,0.0,na,"['gradual', 'sudden']",2,3,1,1,no_drift,[],[],5146,0.1,514,0,0,0
2829,log_565_1708942864.xes,0.0,na,"['gradual', 'sudden']",2,3,1,1,sudden,[3618],[3576],5146,0.1,514,1,0,1
2830,log_565_1708942864.xes,0.0,na,"['gradual', 'sudden']",2,3,1,1,gradual_start,[1241],[1226],5146,0.1,514,1,0,1
2831,log_565_1708942864.xes,0.0,na,"['gradual', 'sudden']",2,3,1,1,gradual_end,[1834],[1826],5146,0.1,514,1,0,1
2832,log_566_1708942868.xes,0.3,na,"['gradual', 'sudden']",2,3,1,1,no_drift,[],[],4946,0.1,494,0,0,0
2833,log_566_1708942868.xes,0.3,na,"['gradual', 'sudden']",2,3,1,1,sudden,[2957],[2953],4946,0.1,494,1,0,1
2834,log_566_1708942868.xes,0.3,na,"['gradual', 'sudden']",2,3,1,1,gradual_start,[1493],[],4946,0.1,494,0,0,1
2835,log_566_1708942868.xes,0.3,na,"['gradual', 'sudden']",2,3,1,1,gradual_end,[1883],[],4946,0.1,494,0,0,1
2836,log_374_1708942862.xes,0.0,na,"['sudden', 'sudden']",2,2,2,0,no_drift,[],[],4551,0.1,455,0,0,0
2837,log_374_1708942862.xes,0.0,na,"['sudden', 'sudden']",2,2,2,0,sudden,"[1549, 2634]",[1519],4551,0.1,455,1,0,2
2838,log_374_1708942862.xes,0.0,na,"['sudden', 'sudden']",2,2,2,0,gradual_start,[],[],4551,0.1,455,0,0,0
2839,log_374_1708942862.xes,0.0,na,"['sudden', 'sudden']",2,2,2,0,gradual_end,[],[],4551,0.1,455,0,0,0
2840,log_410_1708942863.xes,0.3,na,"['sudden', 'gradual', 'gradual']",3,5,1,2,no_drift,[],[0],7333,0.1,733,0,1,0
2841,log_410_1708942863.xes,0.3,na,"['sudden', 'gradual', 'gradual']",3,5,1,2,sudden,[1911],[],7333,0.1,733,0,0,1
2842,log_410_1708942863.xes,0.3,na,"['sudden', 'gradual', 'gradual']",3,5,1,2,gradual_start,"[3348, 4956]",[],7333,0.1,733,0,0,2
2843,log_410_1708942863.xes,0.3,na,"['sudden', 'gradual', 'gradual']",3,5,1,2,gradual_end,"[3832, 5367]",[],7333,0.1,733,0,0,2
2844,log_293_1708942859.xes,0.0,na,"['gradual', 'gradual', 'gradual']",3,6,0,3,no_drift,[],[],7334,0.1,733,0,0,0
2845,log_293_1708942859.xes,0.0,na,"['gradual', 'gradual', 'gradual']",3,6,0,3,sudden,[],[],7334,0.1,733,0,0,0
2846,log_293_1708942859.xes,0.0,na,"['gradual', 'gradual', 'gradual']",3,6,0,3,gradual_start,"[1907, 4066, 5507]",[1873],7334,0.1,733,1,0,3
2847,log_293_1708942859.xes,0.0,na,"['gradual', 'gradual', 'gradual']",3,6,0,3,gradual_end,"[2328, 4454, 6045]",[2341],7334,0.1,733,1,0,3
2848,log_411_1708942868.xes,0.0,na,['gradual'],1,2,0,1,no_drift,[],[],4227,0.1,422,0,0,0
2849,log_411_1708942868.xes,0.0,na,['gradual'],1,2,0,1,sudden,[],[],4227,0.1,422,0,0,0
2850,log_411_1708942868.xes,0.0,na,['gradual'],1,2,0,1,gradual_start,[1906],[1870],4227,0.1,422,1,0,1
2851,log_411_1708942868.xes,0.0,na,['gradual'],1,2,0,1,gradual_end,[2289],[2269],4227,0.1,422,1,0,1
2852,log_141_1708942865.xes,0.6,na,"['gradual', 'sudden']",2,3,1,1,no_drift,[],[],4892,0.1,489,0,0,0
2853,log_141_1708942865.xes,0.6,na,"['gradual', 'sudden']",2,3,1,1,sudden,[3479],[3433],4892,0.1,489,1,0,1
2854,log_141_1708942865.xes,0.6,na,"['gradual', 'sudden']",2,3,1,1,gradual_start,[1248],[1249],4892,0.1,489,1,0,1
2855,log_141_1708942865.xes,0.6,na,"['gradual', 'sudden']",2,3,1,1,gradual_end,[1687],[1681],4892,0.1,489,1,0,1
2856,log_220_1708942862.xes,0.6,na,"['sudden', 'gradual', 'gradual']",3,5,1,2,no_drift,[],[0],5879,0.1,587,0,1,0
2857,log_220_1708942862.xes,0.6,na,"['sudden', 'gradual', 'gradual']",3,5,1,2,sudden,[1248],[],5879,0.1,587,0,0,1
2858,log_220_1708942862.xes,0.6,na,"['sudden', 'gradual', 'gradual']",3,5,1,2,gradual_start,"[2650, 4261]",[],5879,0.1,587,0,0,2
2859,log_220_1708942862.xes,0.6,na,"['sudden', 'gradual', 'gradual']",3,5,1,2,gradual_end,"[3114, 4791]",[],5879,0.1,587,0,0,2
2860,log_904_1708942854.xes,0.3,na,[],0,0,0,0,no_drift,[0],[0],6884,0.1,688,1,0,1
2861,log_904_1708942854.xes,0.3,na,[],0,0,0,0,sudden,[],[],6884,0.1,688,0,0,0
2862,log_904_1708942854.xes,0.3,na,[],0,0,0,0,gradual_start,[],[],6884,0.1,688,0,0,0
2863,log_904_1708942854.xes,0.3,na,[],0,0,0,0,gradual_end,[],[],6884,0.1,688,0,0,0
2864,log_819_1708942864.xes,0.3,na,"['gradual', 'gradual']",2,4,0,2,no_drift,[],[],4697,0.1,469,0,0,0
2865,log_819_1708942864.xes,0.3,na,"['gradual', 'gradual']",2,4,0,2,sudden,[],[],4697,0.1,469,0,0,0
2866,log_819_1708942864.xes,0.3,na,"['gradual', 'gradual']",2,4,0,2,gradual_start,"[1273, 2724]",[2715],4697,0.1,469,1,0,2
2867,log_819_1708942864.xes,0.3,na,"['gradual', 'gradual']",2,4,0,2,gradual_end,"[1634, 3204]",[3198],4697,0.1,469,1,0,2
2868,log_259_1708942861.xes,0.0,na,"['gradual', 'sudden']",2,3,1,1,no_drift,[],[],5544,0.1,554,0,0,0
2869,log_259_1708942861.xes,0.0,na,"['gradual', 'sudden']",2,3,1,1,sudden,[3588],[3565],5544,0.1,554,1,0,1
2870,log_259_1708942861.xes,0.0,na,"['gradual', 'sudden']",2,3,1,1,gradual_start,[1980],[1999],5544,0.1,554,1,0,1
2871,log_259_1708942861.xes,0.0,na,"['gradual', 'sudden']",2,3,1,1,gradual_end,[2502],[2512],5544,0.1,554,1,0,1
2872,log_751_1708942864.xes,0.0,na,['gradual'],1,2,0,1,no_drift,[],[],4002,0.1,400,0,0,0
2873,log_751_1708942864.xes,0.0,na,['gradual'],1,2,0,1,sudden,[],[],4002,0.1,400,0,0,0
2874,log_751_1708942864.xes,0.0,na,['gradual'],1,2,0,1,gradual_start,[1640],[1621],4002,0.1,400,1,0,1
2875,log_751_1708942864.xes,0.0,na,['gradual'],1,2,0,1,gradual_end,[2047],[2041],4002,0.1,400,1,0,1
2876,log_643_1708942864.xes,0.3,na,"['sudden', 'gradual']",2,3,1,1,no_drift,[],[],4238,0.1,423,0,0,0
2877,log_643_1708942864.xes,0.3,na,"['sudden', 'gradual']",2,3,1,1,sudden,[1127],[],4238,0.1,423,0,0,1
2878,log_643_1708942864.xes,0.3,na,"['sudden', 'gradual']",2,3,1,1,gradual_start,[2158],[2164],4238,0.1,423,1,0,1
2879,log_643_1708942864.xes,0.3,na,"['sudden', 'gradual']",2,3,1,1,gradual_end,[2595],[2584],4238,0.1,423,1,0,1
2880,log_332_1708942857.xes,0.6,na,"['sudden', 'gradual']",2,3,1,1,no_drift,[],[],5937,0.1,593,0,0,0
2881,log_332_1708942857.xes,0.6,na,"['sudden', 'gradual']",2,3,1,1,sudden,[1927],[1886],5937,0.1,593,1,0,1
2882,log_332_1708942857.xes,0.6,na,"['sudden', 'gradual']",2,3,1,1,gradual_start,[3576],[3568],5937,0.1,593,1,0,1
2883,log_332_1708942857.xes,0.6,na,"['sudden', 'gradual']",2,3,1,1,gradual_end,[4109],[4119],5937,0.1,593,1,0,1
2884,log_790_1708942868.xes,0.0,na,['gradual'],1,2,0,1,no_drift,[],[],3099,0.1,309,0,0,0
2885,log_790_1708942868.xes,0.0,na,['gradual'],1,2,0,1,sudden,[],[],3099,0.1,309,0,0,0
2886,log_790_1708942868.xes,0.0,na,['gradual'],1,2,0,1,gradual_start,[1514],[1501],3099,0.1,309,1,0,1
2887,log_790_1708942868.xes,0.0,na,['gradual'],1,2,0,1,gradual_end,[1851],[1831],3099,0.1,309,1,0,1
2888,log_452_1708942862.xes,0.3,na,[],0,0,0,0,no_drift,[0],[0],6284,0.1,628,1,0,1
2889,log_452_1708942862.xes,0.3,na,[],0,0,0,0,sudden,[],[],6284,0.1,628,0,0,0
2890,log_452_1708942862.xes,0.3,na,[],0,0,0,0,gradual_start,[],[],6284,0.1,628,0,0,0
2891,log_452_1708942862.xes,0.3,na,[],0,0,0,0,gradual_end,[],[],6284,0.1,628,0,0,0
2892,log_64_1708942861.xes,0.0,na,"['sudden', 'sudden', 'sudden']",3,3,3,0,no_drift,[],[],7148,0.1,714,0,0,0
2893,log_64_1708942861.xes,0.0,na,"['sudden', 'sudden', 'sudden']",3,3,3,0,sudden,"[1658, 3610, 5410]","[5391, 3606, 1611]",7148,0.1,714,3,0,3
2894,log_64_1708942861.xes,0.0,na,"['sudden', 'sudden', 'sudden']",3,3,3,0,gradual_start,[],[],7148,0.1,714,0,0,0
2895,log_64_1708942861.xes,0.0,na,"['sudden', 'sudden', 'sudden']",3,3,3,0,gradual_end,[],[],7148,0.1,714,0,0,0
2896,log_142_1708942869.xes,0.0,na,['sudden'],1,1,1,0,no_drift,[],[],2553,0.1,255,0,0,0
2897,log_142_1708942869.xes,0.0,na,['sudden'],1,1,1,0,sudden,[1106],[1093],2553,0.1,255,1,0,1
2898,log_142_1708942869.xes,0.0,na,['sudden'],1,1,1,0,gradual_start,[],[],2553,0.1,255,0,0,0
2899,log_142_1708942869.xes,0.0,na,['sudden'],1,1,1,0,gradual_end,[],[],2553,0.1,255,0,0,0
2900,log_481_1708942854.xes,0.3,na,"['sudden', 'gradual', 'gradual']",3,5,1,2,no_drift,[],[],7872,0.1,787,0,0,0
2901,log_481_1708942854.xes,0.3,na,"['sudden', 'gradual', 'gradual']",3,5,1,2,sudden,[1736],[1717],7872,0.1,787,1,0,1
2902,log_481_1708942854.xes,0.3,na,"['sudden', 'gradual', 'gradual']",3,5,1,2,gradual_start,"[3714, 5846]","[5851, 3706]",7872,0.1,787,2,0,2
2903,log_481_1708942854.xes,0.3,na,"['sudden', 'gradual', 'gradual']",3,5,1,2,gradual_end,"[4312, 6268]","[6241, 4252]",7872,0.1,787,2,0,2
2904,log_482_1708942869.xes,0.0,na,['gradual'],1,2,0,1,no_drift,[],[0],3775,0.1,377,0,1,0
2905,log_482_1708942869.xes,0.0,na,['gradual'],1,2,0,1,sudden,[],[],3775,0.1,377,0,0,0
2906,log_482_1708942869.xes,0.0,na,['gradual'],1,2,0,1,gradual_start,[1764],[],3775,0.1,377,0,0,1
2907,log_482_1708942869.xes,0.0,na,['gradual'],1,2,0,1,gradual_end,[2168],[],3775,0.1,377,0,0,1
2908,log_519_1708942861.xes,0.0,na,"['gradual', 'gradual', 'gradual']",3,6,0,3,no_drift,[],[],6884,0.1,688,0,0,0
2909,log_519_1708942861.xes,0.0,na,"['gradual', 'gradual', 'gradual']",3,6,0,3,sudden,[],[],6884,0.1,688,0,0,0
2910,log_519_1708942861.xes,0.0,na,"['gradual', 'gradual', 'gradual']",3,6,0,3,gradual_start,"[1810, 3850, 5423]","[3877, 1769]",6884,0.1,688,2,0,3
2911,log_519_1708942861.xes,0.0,na,"['gradual', 'gradual', 'gradual']",3,6,0,3,gradual_end,"[2250, 4393, 5746]","[4353, 2211]",6884,0.1,688,2,0,3
2912,log_710_1708942864.xes,0.3,na,"['gradual', 'sudden', 'sudden']",3,4,2,1,no_drift,[],[],7174,0.1,717,0,0,0
2913,log_710_1708942864.xes,0.3,na,"['gradual', 'sudden', 'sudden']",3,4,2,1,sudden,"[3318, 5249]","[3256, 5216]",7174,0.1,717,2,0,2
2914,log_710_1708942864.xes,0.3,na,"['gradual', 'sudden', 'sudden']",3,4,2,1,gradual_start,[1247],[],7174,0.1,717,0,0,1
2915,log_710_1708942864.xes,0.3,na,"['gradual', 'sudden', 'sudden']",3,4,2,1,gradual_end,[1685],[],7174,0.1,717,0,0,1
2916,log_672_1708942865.xes,0.0,na,"['gradual', 'gradual', 'gradual']",3,6,0,3,no_drift,[],[],5663,0.1,566,0,0,0
2917,log_672_1708942865.xes,0.0,na,"['gradual', 'gradual', 'gradual']",3,6,0,3,sudden,[],[],5663,0.1,566,0,0,0
2918,log_672_1708942865.xes,0.0,na,"['gradual', 'gradual', 'gradual']",3,6,0,3,gradual_start,"[1144, 2662, 4243]",[4229],5663,0.1,566,1,0,3
2919,log_672_1708942865.xes,0.0,na,"['gradual', 'gradual', 'gradual']",3,6,0,3,gradual_end,"[1502, 3141, 4610]",[4649],5663,0.1,566,1,0,3
2920,log_65_1708942870.xes,0.0,na,[],0,0,0,0,no_drift,[0],[0],4644,0.1,464,1,0,1
2921,log_65_1708942870.xes,0.0,na,[],0,0,0,0,sudden,[],[],4644,0.1,464,0,0,0
2922,log_65_1708942870.xes,0.0,na,[],0,0,0,0,gradual_start,[],[],4644,0.1,464,0,0,0
2923,log_65_1708942870.xes,0.0,na,[],0,0,0,0,gradual_end,[],[],4644,0.1,464,0,0,0
2924,log_711_1708942872.xes,0.0,na,"['sudden', 'gradual']",2,3,1,1,no_drift,[],[0],5269,0.1,526,0,1,0
2925,log_711_1708942872.xes,0.0,na,"['sudden', 'gradual']",2,3,1,1,sudden,[1567],[],5269,0.1,526,0,0,1
2926,log_711_1708942872.xes,0.0,na,"['sudden', 'gradual']",2,3,1,1,gradual_start,[3136],[],5269,0.1,526,0,0,1
2927,log_711_1708942872.xes,0.0,na,"['sudden', 'gradual']",2,3,1,1,gradual_end,[3521],[],5269,0.1,526,0,0,1
2928,log_791_1708942871.xes,0.3,na,['gradual'],1,2,0,1,no_drift,[],[],4180,0.1,418,0,0,0
2929,log_791_1708942871.xes,0.3,na,['gradual'],1,2,0,1,sudden,[],[],4180,0.1,418,0,0,0
2930,log_791_1708942871.xes,0.3,na,['gradual'],1,2,0,1,gradual_start,[1837],[1801],4180,0.1,418,1,0,1
2931,log_791_1708942871.xes,0.3,na,['gradual'],1,2,0,1,gradual_end,[2218],[2181],4180,0.1,418,1,0,1
2932,log_673_1708942871.xes,0.0,na,[],0,0,0,0,no_drift,[0],[0],2298,0.1,229,1,0,1
2933,log_673_1708942871.xes,0.0,na,[],0,0,0,0,sudden,[],[],2298,0.1,229,0,0,0
2934,log_673_1708942871.xes,0.0,na,[],0,0,0,0,gradual_start,[],[],2298,0.1,229,0,0,0
2935,log_673_1708942871.xes,0.0,na,[],0,0,0,0,gradual_end,[],[],2298,0.1,229,0,0,0
2936,log_644_1708942870.xes,0.3,na,['sudden'],1,1,1,0,no_drift,[],[],3386,0.1,338,0,0,0
2937,log_644_1708942870.xes,0.3,na,['sudden'],1,1,1,0,sudden,[1967],[1953],3386,0.1,338,1,0,1
2938,log_644_1708942870.xes,0.3,na,['sudden'],1,1,1,0,gradual_start,[],[],3386,0.1,338,0,0,0
2939,log_644_1708942870.xes,0.3,na,['sudden'],1,1,1,0,gradual_end,[],[],3386,0.1,338,0,0,0
2940,log_222_1708942874.xes,0.3,na,[],0,0,0,0,no_drift,[0],[0],1091,0.1,109,1,0,1
2941,log_222_1708942874.xes,0.3,na,[],0,0,0,0,sudden,[],[],1091,0.1,109,0,0,0
2942,log_222_1708942874.xes,0.3,na,[],0,0,0,0,gradual_start,[],[],1091,0.1,109,0,0,0
2943,log_222_1708942874.xes,0.3,na,[],0,0,0,0,gradual_end,[],[],1091,0.1,109,0,0,0
2944,log_905_1708942866.xes,0.6,na,[],0,0,0,0,no_drift,[0],[0],5907,0.1,590,1,0,1
2945,log_905_1708942866.xes,0.6,na,[],0,0,0,0,sudden,[],[],5907,0.1,590,0,0,0
2946,log_905_1708942866.xes,0.6,na,[],0,0,0,0,gradual_start,[],[],5907,0.1,590,0,0,0
2947,log_905_1708942866.xes,0.6,na,[],0,0,0,0,gradual_end,[],[],5907,0.1,590,0,0,0
2948,log_906_1708942872.xes,0.6,na,['sudden'],1,1,1,0,no_drift,[],[],2993,0.1,299,0,0,0
2949,log_906_1708942872.xes,0.6,na,['sudden'],1,1,1,0,sudden,[1160],[1135],2993,0.1,299,1,0,1
2950,log_906_1708942872.xes,0.6,na,['sudden'],1,1,1,0,gradual_start,[],[],2993,0.1,299,0,0,0
2951,log_906_1708942872.xes,0.6,na,['sudden'],1,1,1,0,gradual_end,[],[],2993,0.1,299,0,0,0
2952,log_221_1708942871.xes,0.0,na,"['sudden', 'gradual', 'sudden']",3,4,2,1,no_drift,[],[],7084,0.1,708,0,0,0
2953,log_221_1708942871.xes,0.0,na,"['sudden', 'gradual', 'sudden']",3,4,2,1,sudden,"[1977, 5703]","[1961, 5671]",7084,0.1,708,2,0,2
2954,log_221_1708942871.xes,0.0,na,"['sudden', 'gradual', 'sudden']",3,4,2,1,gradual_start,[3753],[],7084,0.1,708,0,0,1
2955,log_221_1708942871.xes,0.0,na,"['sudden', 'gradual', 'sudden']",3,4,2,1,gradual_end,[4343],[],7084,0.1,708,0,0,1
2956,log_184_1708942866.xes,0.0,na,"['sudden', 'gradual']",2,3,1,1,no_drift,[],[],4304,0.1,430,0,0,0
2957,log_184_1708942866.xes,0.0,na,"['sudden', 'gradual']",2,3,1,1,sudden,[1091],[1072],4304,0.1,430,1,0,1
2958,log_184_1708942866.xes,0.0,na,"['sudden', 'gradual']",2,3,1,1,gradual_start,[2228],[2206],4304,0.1,430,1,0,1
2959,log_184_1708942866.xes,0.0,na,"['sudden', 'gradual']",2,3,1,1,gradual_end,[2823],[2647],4304,0.1,430,1,0,1
2960,log_453_1708942870.xes,0.0,na,['gradual'],1,2,0,1,no_drift,[],[],3299,0.1,329,0,0,0
2961,log_453_1708942870.xes,0.0,na,['gradual'],1,2,0,1,sudden,[],[],3299,0.1,329,0,0,0
2962,log_453_1708942870.xes,0.0,na,['gradual'],1,2,0,1,gradual_start,[1533],[1521],3299,0.1,329,1,0,1
2963,log_453_1708942870.xes,0.0,na,['gradual'],1,2,0,1,gradual_end,[1943],[1953],3299,0.1,329,1,0,1
2964,log_412_1708942870.xes,0.6,na,"['sudden', 'sudden']",2,2,2,0,no_drift,[],[],5709,0.1,570,0,0,0
2965,log_412_1708942870.xes,0.6,na,"['sudden', 'sudden']",2,2,2,0,sudden,"[1890, 3864]","[1849, 3837]",5709,0.1,570,2,0,2
2966,log_412_1708942870.xes,0.6,na,"['sudden', 'sudden']",2,2,2,0,gradual_start,[],[],5709,0.1,570,0,0,0
2967,log_412_1708942870.xes,0.6,na,"['sudden', 'sudden']",2,2,2,0,gradual_end,[],[],5709,0.1,570,0,0,0
2968,log_110_1708942867.xes,0.0,na,"['gradual', 'sudden', 'gradual']",3,5,1,2,no_drift,[],[],7064,0.1,706,0,0,0
2969,log_110_1708942867.xes,0.0,na,"['gradual', 'sudden', 'gradual']",3,5,1,2,sudden,[3816],[],7064,0.1,706,0,0,1
2970,log_110_1708942867.xes,0.0,na,"['gradual', 'sudden', 'gradual']",3,5,1,2,gradual_start,"[1725, 5601]","[5566, 1681]",7064,0.1,706,2,0,2
2971,log_110_1708942867.xes,0.0,na,"['gradual', 'sudden', 'gradual']",3,5,1,2,gradual_end,"[2050, 6023]","[5986, 2066]",7064,0.1,706,2,0,2
2972,log_603_1708942866.xes,0.0,na,"['gradual', 'gradual']",2,4,0,2,no_drift,[],[],5688,0.1,568,0,0,0
2973,log_603_1708942866.xes,0.0,na,"['gradual', 'gradual']",2,4,0,2,sudden,[],[],5688,0.1,568,0,0,0
2974,log_603_1708942866.xes,0.0,na,"['gradual', 'gradual']",2,4,0,2,gradual_start,"[1405, 3330]",[1373],5688,0.1,568,1,0,2
2975,log_603_1708942866.xes,0.0,na,"['gradual', 'gradual']",2,4,0,2,gradual_end,"[1964, 3717]",[1961],5688,0.1,568,1,0,2
2976,log_862_1708942865.xes,0.0,na,"['gradual', 'sudden', 'gradual']",3,5,1,2,no_drift,[],[],6909,0.1,690,0,0,0
2977,log_862_1708942865.xes,0.0,na,"['gradual', 'sudden', 'gradual']",3,5,1,2,sudden,[2898],[2891],6909,0.1,690,1,0,1
2978,log_862_1708942865.xes,0.0,na,"['gradual', 'sudden', 'gradual']",3,5,1,2,gradual_start,"[1364, 4744]","[1361, 4727]",6909,0.1,690,2,0,2
2979,log_862_1708942865.xes,0.0,na,"['gradual', 'sudden', 'gradual']",3,5,1,2,gradual_end,"[1861, 5064]","[1803, 5067]",6909,0.1,690,2,0,2
2980,log_567_1708942870.xes,0.0,na,['gradual'],1,2,0,1,no_drift,[],[0],3223,0.1,322,0,1,0
2981,log_567_1708942870.xes,0.0,na,['gradual'],1,2,0,1,sudden,[],[],3223,0.1,322,0,0,0
2982,log_567_1708942870.xes,0.0,na,['gradual'],1,2,0,1,gradual_start,[1816],[],3223,0.1,322,0,0,1
2983,log_567_1708942870.xes,0.0,na,['gradual'],1,2,0,1,gradual_end,[2122],[],3223,0.1,322,0,0,1
2984,log_943_1708942863.xes,0.0,na,"['gradual', 'sudden']",2,3,1,1,no_drift,[],[],3730,0.1,373,0,0,0
2985,log_943_1708942863.xes,0.0,na,"['gradual', 'sudden']",2,3,1,1,sudden,[2691],[],3730,0.1,373,0,0,1
2986,log_943_1708942863.xes,0.0,na,"['gradual', 'sudden']",2,3,1,1,gradual_start,[1116],[1117],3730,0.1,373,1,0,1
2987,log_943_1708942863.xes,0.0,na,"['gradual', 'sudden']",2,3,1,1,gradual_end,[1677],[1657],3730,0.1,373,1,0,1
2988,log_944_1708942873.xes,0.0,na,['gradual'],1,2,0,1,no_drift,[],[],3466,0.1,346,0,0,0
2989,log_944_1708942873.xes,0.0,na,['gradual'],1,2,0,1,sudden,[],[],3466,0.1,346,0,0,0
2990,log_944_1708942873.xes,0.0,na,['gradual'],1,2,0,1,gradual_start,[1020],[1004],3466,0.1,346,1,0,1
2991,log_944_1708942873.xes,0.0,na,['gradual'],1,2,0,1,gradual_end,[1474],[1463],3466,0.1,346,1,0,1
2992,log_185_1708942873.xes,0.6,na,['sudden'],1,1,1,0,no_drift,[],[],3174,0.1,317,0,0,0
2993,log_185_1708942873.xes,0.6,na,['sudden'],1,1,1,0,sudden,[1566],[1546],3174,0.1,317,1,0,1
2994,log_185_1708942873.xes,0.6,na,['sudden'],1,1,1,0,gradual_start,[],[],3174,0.1,317,0,0,0
2995,log_185_1708942873.xes,0.6,na,['sudden'],1,1,1,0,gradual_end,[],[],3174,0.1,317,0,0,0
2996,log_520_1708942872.xes,0.6,na,[],0,0,0,0,no_drift,[0],[0],4640,0.1,464,1,0,1
2997,log_520_1708942872.xes,0.6,na,[],0,0,0,0,sudden,[],[],4640,0.1,464,0,0,0
2998,log_520_1708942872.xes,0.6,na,[],0,0,0,0,gradual_start,[],[],4640,0.1,464,0,0,0
2999,log_520_1708942872.xes,0.6,na,[],0,0,0,0,gradual_end,[],[],4640,0.1,464,0,0,0
3000,log_605_1708942874.xes,0.0,na,['gradual'],1,2,0,1,no_drift,[],[],3579,0.1,357,0,0,0
3001,log_605_1708942874.xes,0.0,na,['gradual'],1,2,0,1,sudden,[],[],3579,0.1,357,0,0,0
3002,log_605_1708942874.xes,0.0,na,['gradual'],1,2,0,1,gradual_start,[1886],[1939],3579,0.1,357,1,0,1
3003,log_605_1708942874.xes,0.0,na,['gradual'],1,2,0,1,gradual_end,[2405],[2398],3579,0.1,357,1,0,1
3004,log_604_1708942872.xes,0.0,na,['gradual'],1,2,0,1,no_drift,[],[],3297,0.1,329,0,0,0
3005,log_604_1708942872.xes,0.0,na,['gradual'],1,2,0,1,sudden,[],[],3297,0.1,329,0,0,0
3006,log_604_1708942872.xes,0.0,na,['gradual'],1,2,0,1,gradual_start,[1272],[1265],3297,0.1,329,1,0,1
3007,log_604_1708942872.xes,0.0,na,['gradual'],1,2,0,1,gradual_end,[1729],[1713],3297,0.1,329,1,0,1
3008,log_820_1708942871.xes,0.6,na,"['sudden', 'gradual']",2,3,1,1,no_drift,[],[],4450,0.1,445,0,0,0
3009,log_820_1708942871.xes,0.6,na,"['sudden', 'gradual']",2,3,1,1,sudden,[1359],[1343],4450,0.1,445,1,0,1
3010,log_820_1708942871.xes,0.6,na,"['sudden', 'gradual']",2,3,1,1,gradual_start,[2733],[2729],4450,0.1,445,1,0,1
3011,log_820_1708942871.xes,0.6,na,"['sudden', 'gradual']",2,3,1,1,gradual_end,[3059],[3037],4450,0.1,445,1,0,1
3012,log_712_1708942874.xes,0.0,na,['sudden'],1,1,1,0,no_drift,[],[],3350,0.1,335,0,0,0
3013,log_712_1708942874.xes,0.0,na,['sudden'],1,1,1,0,sudden,[1443],[1425],3350,0.1,335,1,0,1
3014,log_712_1708942874.xes,0.0,na,['sudden'],1,1,1,0,gradual_start,[],[],3350,0.1,335,0,0,0
3015,log_712_1708942874.xes,0.0,na,['sudden'],1,1,1,0,gradual_end,[],[],3350,0.1,335,0,0,0
3016,log_907_1708942874.xes,0.0,na,['sudden'],1,1,1,0,no_drift,[],[],3119,0.1,311,0,0,0
3017,log_907_1708942874.xes,0.0,na,['sudden'],1,1,1,0,sudden,[1869],[1861],3119,0.1,311,1,0,1
3018,log_907_1708942874.xes,0.0,na,['sudden'],1,1,1,0,gradual_start,[],[],3119,0.1,311,0,0,0
3019,log_907_1708942874.xes,0.0,na,['sudden'],1,1,1,0,gradual_end,[],[],3119,0.1,311,0,0,0
3020,log_111_1708942873.xes,0.0,na,"['sudden', 'sudden']",2,2,2,0,no_drift,[],[],3920,0.1,392,0,0,0
3021,log_111_1708942873.xes,0.0,na,"['sudden', 'sudden']",2,2,2,0,sudden,"[1678, 2901]",[1654],3920,0.1,392,1,0,2
3022,log_111_1708942873.xes,0.0,na,"['sudden', 'sudden']",2,2,2,0,gradual_start,[],[],3920,0.1,392,0,0,0
3023,log_111_1708942873.xes,0.0,na,"['sudden', 'sudden']",2,2,2,0,gradual_end,[],[],3920,0.1,392,0,0,0
3024,log_31_1708942866.xes,0.6,na,['gradual'],1,2,0,1,no_drift,[],[],2584,0.1,258,0,0,0
3025,log_31_1708942866.xes,0.6,na,['gradual'],1,2,0,1,sudden,[],[],2584,0.1,258,0,0,0
3026,log_31_1708942866.xes,0.6,na,['gradual'],1,2,0,1,gradual_start,[1110],[1105],2584,0.1,258,1,0,1
3027,log_31_1708942866.xes,0.6,na,['gradual'],1,2,0,1,gradual_end,[1476],[1465],2584,0.1,258,1,0,1
3028,log_863_1708942874.xes,0.6,na,"['sudden', 'sudden']",2,2,2,0,no_drift,[],[],4588,0.1,458,0,0,0
3029,log_863_1708942874.xes,0.6,na,"['sudden', 'sudden']",2,2,2,0,sudden,"[1372, 2815]","[2817, 1365]",4588,0.1,458,2,0,2
3030,log_863_1708942874.xes,0.6,na,"['sudden', 'sudden']",2,2,2,0,gradual_start,[],[],4588,0.1,458,0,0,0
3031,log_863_1708942874.xes,0.6,na,"['sudden', 'sudden']",2,2,2,0,gradual_end,[],[],4588,0.1,458,0,0,0
3032,log_945_1708942875.xes,0.6,na,[],0,0,0,0,no_drift,[0],[0],1346,0.1,134,1,0,1
3033,log_945_1708942875.xes,0.6,na,[],0,0,0,0,sudden,[],[],1346,0.1,134,0,0,0
3034,log_945_1708942875.xes,0.6,na,[],0,0,0,0,gradual_start,[],[],1346,0.1,134,0,0,0
3035,log_945_1708942875.xes,0.6,na,[],0,0,0,0,gradual_end,[],[],1346,0.1,134,0,0,0
3036,log_483_1708942871.xes,0.3,na,[],0,0,0,0,no_drift,[0],[0],6660,0.1,666,1,0,1
3037,log_483_1708942871.xes,0.3,na,[],0,0,0,0,sudden,[],[],6660,0.1,666,0,0,0
3038,log_483_1708942871.xes,0.3,na,[],0,0,0,0,gradual_start,[],[],6660,0.1,666,0,0,0
3039,log_483_1708942871.xes,0.3,na,[],0,0,0,0,gradual_end,[],[],6660,0.1,666,0,0,0
3040,log_713_1708942875.xes,0.0,na,[],0,0,0,0,no_drift,[0],[0],3510,0.1,351,1,0,1
3041,log_713_1708942875.xes,0.0,na,[],0,0,0,0,sudden,[],[],3510,0.1,351,0,0,0
3042,log_713_1708942875.xes,0.0,na,[],0,0,0,0,gradual_start,[],[],3510,0.1,351,0,0,0
3043,log_713_1708942875.xes,0.0,na,[],0,0,0,0,gradual_end,[],[],3510,0.1,351,0,0,0
3044,log_32_1708942875.xes,0.0,na,['sudden'],1,1,1,0,no_drift,[],[],2435,0.1,243,0,0,0
3045,log_32_1708942875.xes,0.0,na,['sudden'],1,1,1,0,sudden,[1388],[1381],2435,0.1,243,1,0,1
3046,log_32_1708942875.xes,0.0,na,['sudden'],1,1,1,0,gradual_start,[],[],2435,0.1,243,0,0,0
3047,log_32_1708942875.xes,0.0,na,['sudden'],1,1,1,0,gradual_end,[],[],2435,0.1,243,0,0,0
3048,log_752_1708942870.xes,0.0,na,"['gradual', 'gradual', 'gradual']",3,6,0,3,no_drift,[],[0],5947,0.1,594,0,1,0
3049,log_752_1708942870.xes,0.0,na,"['gradual', 'gradual', 'gradual']",3,6,0,3,sudden,[],[],5947,0.1,594,0,0,0
3050,log_752_1708942870.xes,0.0,na,"['gradual', 'gradual', 'gradual']",3,6,0,3,gradual_start,"[1187, 2572, 4137]",[],5947,0.1,594,0,0,3
3051,log_752_1708942870.xes,0.0,na,"['gradual', 'gradual', 'gradual']",3,6,0,3,gradual_end,"[1530, 3029, 4616]",[],5947,0.1,594,0,0,3
3052,log_864_1708942877.xes,0.3,na,[],0,0,0,0,no_drift,[0],[0],1083,0.1,108,1,0,1
3053,log_864_1708942877.xes,0.3,na,[],0,0,0,0,sudden,[],[],1083,0.1,108,0,0,0
3054,log_864_1708942877.xes,0.3,na,[],0,0,0,0,gradual_start,[],[],1083,0.1,108,0,0,0
3055,log_864_1708942877.xes,0.3,na,[],0,0,0,0,gradual_end,[],[],1083,0.1,108,0,0,0
3056,log_714_1708942877.xes,0.0,na,[],0,0,0,0,no_drift,[0],[0],1049,0.1,104,1,0,1
3057,log_714_1708942877.xes,0.0,na,[],0,0,0,0,sudden,[],[],1049,0.1,104,0,0,0
3058,log_714_1708942877.xes,0.0,na,[],0,0,0,0,gradual_start,[],[],1049,0.1,104,0,0,0
3059,log_714_1708942877.xes,0.0,na,[],0,0,0,0,gradual_end,[],[],1049,0.1,104,0,0,0
3060,log_908_1708942876.xes,0.0,na,[],0,0,0,0,no_drift,[0],[0],1553,0.1,155,1,0,1
3061,log_908_1708942876.xes,0.0,na,[],0,0,0,0,sudden,[],[],1553,0.1,155,0,0,0
3062,log_908_1708942876.xes,0.0,na,[],0,0,0,0,gradual_start,[],[],1553,0.1,155,0,0,0
3063,log_908_1708942876.xes,0.0,na,[],0,0,0,0,gradual_end,[],[],1553,0.1,155,0,0,0
3064,log_606_1708942876.xes,0.0,na,['gradual'],1,2,0,1,no_drift,[],[],3214,0.1,321,0,0,0
3065,log_606_1708942876.xes,0.0,na,['gradual'],1,2,0,1,sudden,[],[],3214,0.1,321,0,0,0
3066,log_606_1708942876.xes,0.0,na,['gradual'],1,2,0,1,gradual_start,[1333],[1329],3214,0.1,321,1,0,1
3067,log_606_1708942876.xes,0.0,na,['gradual'],1,2,0,1,gradual_end,[1687],[1681],3214,0.1,321,1,0,1
3068,log_33_1708942877.xes,0.0,na,"['gradual', 'sudden']",2,3,1,1,no_drift,[],[],3871,0.1,387,0,0,0
3069,log_33_1708942877.xes,0.0,na,"['gradual', 'sudden']",2,3,1,1,sudden,[2735],[2718],3871,0.1,387,1,0,1
3070,log_33_1708942877.xes,0.0,na,"['gradual', 'sudden']",2,3,1,1,gradual_start,[1267],[1255],3871,0.1,387,1,0,1
3071,log_33_1708942877.xes,0.0,na,"['gradual', 'sudden']",2,3,1,1,gradual_end,[1637],[1616],3871,0.1,387,1,0,1
3072,log_454_1708942873.xes,0.0,na,"['gradual', 'sudden', 'sudden']",3,4,2,1,no_drift,[],[],6393,0.1,639,0,0,0
3073,log_454_1708942873.xes,0.0,na,"['gradual', 'sudden', 'sudden']",3,4,2,1,sudden,"[3687, 5331]",[5302],6393,0.1,639,1,0,2
3074,log_454_1708942873.xes,0.0,na,"['gradual', 'sudden', 'sudden']",3,4,2,1,gradual_start,[1884],[],6393,0.1,639,0,0,1
3075,log_454_1708942873.xes,0.0,na,"['gradual', 'sudden', 'sudden']",3,4,2,1,gradual_end,[2257],[],6393,0.1,639,0,0,1
3076,log_674_1708942872.xes,0.6,na,"['gradual', 'gradual']",2,4,0,2,no_drift,[],[],4630,0.1,463,0,0,0
3077,log_674_1708942872.xes,0.6,na,"['gradual', 'gradual']",2,4,0,2,sudden,[],[],4630,0.1,463,0,0,0
3078,log_674_1708942872.xes,0.6,na,"['gradual', 'gradual']",2,4,0,2,gradual_start,"[1013, 2577]","[1013, 2554]",4630,0.1,463,2,0,2
3079,log_674_1708942872.xes,0.6,na,"['gradual', 'gradual']",2,4,0,2,gradual_end,"[1495, 3078]","[1496, 3014]",4630,0.1,463,2,0,2
3080,log_186_1708942875.xes,0.6,na,['sudden'],1,1,1,0,no_drift,[],[0],2738,0.1,273,0,1,0
3081,log_186_1708942875.xes,0.6,na,['sudden'],1,1,1,0,sudden,[1412],[],2738,0.1,273,0,0,1
3082,log_186_1708942875.xes,0.6,na,['sudden'],1,1,1,0,gradual_start,[],[],2738,0.1,273,0,0,0
3083,log_186_1708942875.xes,0.6,na,['sudden'],1,1,1,0,gradual_end,[],[],2738,0.1,273,0,0,0
3084,log_484_1708942876.xes,0.0,na,['gradual'],1,2,0,1,no_drift,[],[],3542,0.1,354,0,0,0
3085,log_484_1708942876.xes,0.0,na,['gradual'],1,2,0,1,sudden,[],[],3542,0.1,354,0,0,0
3086,log_484_1708942876.xes,0.0,na,['gradual'],1,2,0,1,gradual_start,[1485],[1480],3542,0.1,354,1,0,1
3087,log_484_1708942876.xes,0.0,na,['gradual'],1,2,0,1,gradual_end,[2006],[1990],3542,0.1,354,1,0,1
3088,log_675_1708942879.xes,0.6,na,[],0,0,0,0,no_drift,[0],[0],1272,0.1,127,1,0,1
3089,log_675_1708942879.xes,0.6,na,[],0,0,0,0,sudden,[],[],1272,0.1,127,0,0,0
3090,log_675_1708942879.xes,0.6,na,[],0,0,0,0,gradual_start,[],[],1272,0.1,127,0,0,0
3091,log_675_1708942879.xes,0.6,na,[],0,0,0,0,gradual_end,[],[],1272,0.1,127,0,0,0
3092,log_946_1708942877.xes,0.3,na,"['sudden', 'gradual']",2,3,1,1,no_drift,[],[],4498,0.1,449,0,0,0
3093,log_946_1708942877.xes,0.3,na,"['sudden', 'gradual']",2,3,1,1,sudden,[1023],[],4498,0.1,449,0,0,1
3094,log_946_1708942877.xes,0.3,na,"['sudden', 'gradual']",2,3,1,1,gradual_start,[2896],[2883],4498,0.1,449,1,0,1
3095,log_946_1708942877.xes,0.3,na,"['sudden', 'gradual']",2,3,1,1,gradual_end,[3279],[3345],4498,0.1,449,1,0,1
3096,log_143_1708942871.xes,0.0,na,"['gradual', 'gradual']",2,4,0,2,no_drift,[],[],4729,0.1,472,0,0,0
3097,log_143_1708942871.xes,0.0,na,"['gradual', 'gradual']",2,4,0,2,sudden,[],[],4729,0.1,472,0,0,0
3098,log_143_1708942871.xes,0.0,na,"['gradual', 'gradual']",2,4,0,2,gradual_start,"[1211, 2687]",[2669],4729,0.1,472,1,0,2
3099,log_143_1708942871.xes,0.0,na,"['gradual', 'gradual']",2,4,0,2,gradual_end,"[1587, 3029]",[3037],4729,0.1,472,1,0,2
3100,log_645_1708942874.xes,0.6,na,['gradual'],1,2,0,1,no_drift,[],[],3756,0.1,375,0,0,0
3101,log_645_1708942874.xes,0.6,na,['gradual'],1,2,0,1,sudden,[],[],3756,0.1,375,0,0,0
3102,log_645_1708942874.xes,0.6,na,['gradual'],1,2,0,1,gradual_start,[1945],[1927],3756,0.1,375,1,0,1
3103,log_645_1708942874.xes,0.6,na,['gradual'],1,2,0,1,gradual_end,[2255],[2287],3756,0.1,375,1,0,1
3104,log_715_1708942878.xes,0.6,na,"['sudden', 'gradual']",2,3,1,1,no_drift,[],[],4819,0.1,481,0,0,0
3105,log_715_1708942878.xes,0.6,na,"['sudden', 'gradual']",2,3,1,1,sudden,[1758],[1729],4819,0.1,481,1,0,1
3106,log_715_1708942878.xes,0.6,na,"['sudden', 'gradual']",2,3,1,1,gradual_start,[3165],[3145],4819,0.1,481,1,0,1
3107,log_715_1708942878.xes,0.6,na,"['sudden', 'gradual']",2,3,1,1,gradual_end,[3731],[3697],4819,0.1,481,1,0,1
3108,log_646_1708942878.xes,0.0,na,['sudden'],1,1,1,0,no_drift,[],[0],3163,0.1,316,0,1,0
3109,log_646_1708942878.xes,0.0,na,['sudden'],1,1,1,0,sudden,[1320],[],3163,0.1,316,0,0,1
3110,log_646_1708942878.xes,0.0,na,['sudden'],1,1,1,0,gradual_start,[],[],3163,0.1,316,0,0,0
3111,log_646_1708942878.xes,0.0,na,['sudden'],1,1,1,0,gradual_end,[],[],3163,0.1,316,0,0,0
3112,log_607_1708942878.xes,0.3,na,"['gradual', 'gradual']",2,4,0,2,no_drift,[],[0],5607,0.1,560,0,1,0
3113,log_607_1708942878.xes,0.3,na,"['gradual', 'gradual']",2,4,0,2,sudden,[],[],5607,0.1,560,0,0,0
3114,log_607_1708942878.xes,0.3,na,"['gradual', 'gradual']",2,4,0,2,gradual_start,"[1729, 3639]",[],5607,0.1,560,0,0,2
3115,log_607_1708942878.xes,0.3,na,"['gradual', 'gradual']",2,4,0,2,gradual_end,"[2035, 4056]",[],5607,0.1,560,0,0,2
3116,log_485_1708942879.xes,0.0,na,['gradual'],1,2,0,1,no_drift,[],[],4271,0.1,427,0,0,0
3117,log_485_1708942879.xes,0.0,na,['gradual'],1,2,0,1,sudden,[],[],4271,0.1,427,0,0,0
3118,log_485_1708942879.xes,0.0,na,['gradual'],1,2,0,1,gradual_start,[1832],[1828],4271,0.1,427,1,0,1
3119,log_485_1708942879.xes,0.0,na,['gradual'],1,2,0,1,gradual_end,[2409],[2416],4271,0.1,427,1,0,1
3120,log_413_1708942875.xes,0.3,na,"['sudden', 'sudden']",2,2,2,0,no_drift,[],[],4923,0.1,492,0,0,0
3121,log_413_1708942875.xes,0.3,na,"['sudden', 'sudden']",2,2,2,0,sudden,"[1863, 3072]","[1849, 3049]",4923,0.1,492,2,0,2
3122,log_413_1708942875.xes,0.3,na,"['sudden', 'sudden']",2,2,2,0,gradual_start,[],[],4923,0.1,492,0,0,0
3123,log_413_1708942875.xes,0.3,na,"['sudden', 'sudden']",2,2,2,0,gradual_end,[],[],4923,0.1,492,0,0,0
3124,log_414_1708942881.xes,0.6,na,[],0,0,0,0,no_drift,[0],[0],1320,0.1,132,1,0,1
3125,log_414_1708942881.xes,0.6,na,[],0,0,0,0,sudden,[],[],1320,0.1,132,0,0,0
3126,log_414_1708942881.xes,0.6,na,[],0,0,0,0,gradual_start,[],[],1320,0.1,132,0,0,0
3127,log_414_1708942881.xes,0.6,na,[],0,0,0,0,gradual_end,[],[],1320,0.1,132,0,0,0
3128,log_792_1708942874.xes,0.3,na,"['sudden', 'gradual', 'gradual']",3,5,1,2,no_drift,[],[],6774,0.1,677,0,0,0
3129,log_792_1708942874.xes,0.3,na,"['sudden', 'gradual', 'gradual']",3,5,1,2,sudden,[1607],[1585],6774,0.1,677,1,0,1
3130,log_792_1708942874.xes,0.3,na,"['sudden', 'gradual', 'gradual']",3,5,1,2,gradual_start,"[3063, 5102]","[3037, 5083]",6774,0.1,677,2,0,2
3131,log_792_1708942874.xes,0.3,na,"['sudden', 'gradual', 'gradual']",3,5,1,2,gradual_end,"[3440, 5421]","[3400, 5413]",6774,0.1,677,2,0,2
3132,log_66_1708942872.xes,0.3,na,"['sudden', 'gradual']",2,3,1,1,no_drift,[],[],5206,0.1,520,0,0,0
3133,log_66_1708942872.xes,0.3,na,"['sudden', 'gradual']",2,3,1,1,sudden,[1763],[],5206,0.1,520,0,0,1
3134,log_66_1708942872.xes,0.3,na,"['sudden', 'gradual']",2,3,1,1,gradual_start,[3521],[3511],5206,0.1,520,1,0,1
3135,log_66_1708942872.xes,0.3,na,"['sudden', 'gradual']",2,3,1,1,gradual_end,[4033],[3979],5206,0.1,520,1,0,1
3136,log_375_1708942867.xes,0.3,na,"['gradual', 'gradual', 'gradual']",3,6,0,3,no_drift,[],[0],6666,0.1,666,0,1,0
3137,log_375_1708942867.xes,0.3,na,"['gradual', 'gradual', 'gradual']",3,6,0,3,sudden,[],[],6666,0.1,666,0,0,0
3138,log_375_1708942867.xes,0.3,na,"['gradual', 'gradual', 'gradual']",3,6,0,3,gradual_start,"[1251, 3065, 5167]",[],6666,0.1,666,0,0,3
3139,log_375_1708942867.xes,0.3,na,"['gradual', 'gradual', 'gradual']",3,6,0,3,gradual_end,"[1758, 3577, 5661]",[],6666,0.1,666,0,0,3
3140,log_112_1708942876.xes,0.0,na,"['gradual', 'gradual', 'gradual']",3,6,0,3,no_drift,[],[],7736,0.1,773,0,0,0
3141,log_112_1708942876.xes,0.0,na,"['gradual', 'gradual', 'gradual']",3,6,0,3,sudden,[],[],7736,0.1,773,0,0,0
3142,log_112_1708942876.xes,0.0,na,"['gradual', 'gradual', 'gradual']",3,6,0,3,gradual_start,"[1709, 3390, 5276]","[5283, 3383, 1635]",7736,0.1,773,3,0,3
3143,log_112_1708942876.xes,0.0,na,"['gradual', 'gradual', 'gradual']",3,6,0,3,gradual_end,"[2009, 3975, 5829]","[5815, 3915, 2015]",7736,0.1,773,3,0,3
3144,log_865_1708942878.xes,0.6,na,['gradual'],1,2,0,1,no_drift,[],[],3151,0.1,315,0,0,0
3145,log_865_1708942878.xes,0.6,na,['gradual'],1,2,0,1,sudden,[],[],3151,0.1,315,0,0,0
3146,log_865_1708942878.xes,0.6,na,['gradual'],1,2,0,1,gradual_start,[1009],[976],3151,0.1,315,1,0,1
3147,log_865_1708942878.xes,0.6,na,['gradual'],1,2,0,1,gradual_end,[1366],[1366],3151,0.1,315,1,0,1
3148,log_456_1708942882.xes,0.0,na,[],0,0,0,0,no_drift,[0],[0],1438,0.1,143,1,0,1
3149,log_456_1708942882.xes,0.0,na,[],0,0,0,0,sudden,[],[],1438,0.1,143,0,0,0
3150,log_456_1708942882.xes,0.0,na,[],0,0,0,0,gradual_start,[],[],1438,0.1,143,0,0,0
3151,log_456_1708942882.xes,0.0,na,[],0,0,0,0,gradual_end,[],[],1438,0.1,143,0,0,0
3152,log_866_1708942882.xes,0.0,na,['sudden'],1,1,1,0,no_drift,[],[],3297,0.1,329,0,0,0
3153,log_866_1708942882.xes,0.0,na,['sudden'],1,1,1,0,sudden,[1610],[1585],3297,0.1,329,1,0,1
3154,log_866_1708942882.xes,0.0,na,['sudden'],1,1,1,0,gradual_start,[],[],3297,0.1,329,0,0,0
3155,log_866_1708942882.xes,0.0,na,['sudden'],1,1,1,0,gradual_end,[],[],3297,0.1,329,0,0,0
3156,log_455_1708942877.xes,0.6,na,"['gradual', 'gradual', 'sudden']",3,5,1,2,no_drift,[],[],6454,0.1,645,0,0,0
3157,log_455_1708942877.xes,0.6,na,"['gradual', 'gradual', 'sudden']",3,5,1,2,sudden,[5417],[5377],6454,0.1,645,1,0,1
3158,log_455_1708942877.xes,0.6,na,"['gradual', 'gradual', 'sudden']",3,5,1,2,gradual_start,"[1338, 3390]",[],6454,0.1,645,0,0,2
3159,log_455_1708942877.xes,0.6,na,"['gradual', 'gradual', 'sudden']",3,5,1,2,gradual_end,"[1914, 3965]",[],6454,0.1,645,0,0,2
3160,log_909_1708942877.xes,0.0,na,"['gradual', 'gradual']",2,4,0,2,no_drift,[],[],4691,0.1,469,0,0,0
3161,log_909_1708942877.xes,0.0,na,"['gradual', 'gradual']",2,4,0,2,sudden,[],[],4691,0.1,469,0,0,0
3162,log_909_1708942877.xes,0.0,na,"['gradual', 'gradual']",2,4,0,2,gradual_start,"[1260, 2975]","[2968, 1243]",4691,0.1,469,2,0,2
3163,log_909_1708942877.xes,0.0,na,"['gradual', 'gradual']",2,4,0,2,gradual_end,"[1704, 3459]","[3428, 1726]",4691,0.1,469,2,0,2
3164,log_486_1708942881.xes,0.6,na,[],0,0,0,0,no_drift,[0],[0],2502,0.1,250,1,0,1
3165,log_486_1708942881.xes,0.6,na,[],0,0,0,0,sudden,[],[],2502,0.1,250,0,0,0
3166,log_486_1708942881.xes,0.6,na,[],0,0,0,0,gradual_start,[],[],2502,0.1,250,0,0,0
3167,log_486_1708942881.xes,0.6,na,[],0,0,0,0,gradual_end,[],[],2502,0.1,250,0,0,0
3168,log_716_1708942881.xes,0.6,na,"['gradual', 'gradual']",2,4,0,2,no_drift,[],[],5422,0.1,542,0,0,0
3169,log_716_1708942881.xes,0.6,na,"['gradual', 'gradual']",2,4,0,2,sudden,[],[],5422,0.1,542,0,0,0
3170,log_716_1708942881.xes,0.6,na,"['gradual', 'gradual']",2,4,0,2,gradual_start,"[1085, 3665]","[1108, 3646]",5422,0.1,542,2,0,2
3171,log_716_1708942881.xes,0.6,na,"['gradual', 'gradual']",2,4,0,2,gradual_end,"[1669, 3965]","[1648, 3943]",5422,0.1,542,2,0,2
3172,log_34_1708942879.xes,0.0,na,['sudden'],1,1,1,0,no_drift,[],[],3486,0.1,348,0,0,0
3173,log_34_1708942879.xes,0.0,na,['sudden'],1,1,1,0,sudden,[1651],[1650],3486,0.1,348,1,0,1
3174,log_34_1708942879.xes,0.0,na,['sudden'],1,1,1,0,gradual_start,[],[],3486,0.1,348,0,0,0
3175,log_34_1708942879.xes,0.0,na,['sudden'],1,1,1,0,gradual_end,[],[],3486,0.1,348,0,0,0
3176,log_187_1708942878.xes,0.0,na,['gradual'],1,2,0,1,no_drift,[],[0],3805,0.1,380,0,1,0
3177,log_187_1708942878.xes,0.0,na,['gradual'],1,2,0,1,sudden,[],[],3805,0.1,380,0,0,0
3178,log_187_1708942878.xes,0.0,na,['gradual'],1,2,0,1,gradual_start,[1603],[],3805,0.1,380,0,0,1
3179,log_187_1708942878.xes,0.0,na,['gradual'],1,2,0,1,gradual_end,[1929],[],3805,0.1,380,0,0,1
3180,log_568_1708942874.xes,0.6,na,"['sudden', 'sudden', 'gradual']",3,4,2,1,no_drift,[],[],7246,0.1,724,0,0,0
3181,log_568_1708942874.xes,0.6,na,"['sudden', 'sudden', 'gradual']",3,4,2,1,sudden,"[1706, 3441]",[3421],7246,0.1,724,1,0,2
3182,log_568_1708942874.xes,0.6,na,"['sudden', 'sudden', 'gradual']",3,4,2,1,gradual_start,[4996],[],7246,0.1,724,0,0,1
3183,log_568_1708942874.xes,0.6,na,"['sudden', 'sudden', 'gradual']",3,4,2,1,gradual_end,[5539],[],7246,0.1,724,0,0,1
3184,log_793_1708942882.xes,0.0,na,[],0,0,0,0,no_drift,[0],[0],4389,0.1,438,1,0,1
3185,log_793_1708942882.xes,0.0,na,[],0,0,0,0,sudden,[],[],4389,0.1,438,0,0,0
3186,log_793_1708942882.xes,0.0,na,[],0,0,0,0,gradual_start,[],[],4389,0.1,438,0,0,0
3187,log_793_1708942882.xes,0.0,na,[],0,0,0,0,gradual_end,[],[],4389,0.1,438,0,0,0
3188,log_376_1708942879.xes,0.3,na,"['sudden', 'sudden']",2,2,2,0,no_drift,[],[],4677,0.1,467,0,0,0
3189,log_376_1708942879.xes,0.3,na,"['sudden', 'sudden']",2,2,2,0,sudden,"[1242, 3079]","[1220, 3060]",4677,0.1,467,2,0,2
3190,log_376_1708942879.xes,0.3,na,"['sudden', 'sudden']",2,2,2,0,gradual_start,[],[],4677,0.1,467,0,0,0
3191,log_376_1708942879.xes,0.3,na,"['sudden', 'sudden']",2,2,2,0,gradual_end,[],[],4677,0.1,467,0,0,0
3192,log_910_1708942882.xes,0.0,na,['sudden'],1,1,1,0,no_drift,[],[],2546,0.1,254,0,0,0
3193,log_910_1708942882.xes,0.0,na,['sudden'],1,1,1,0,sudden,[1388],[1369],2546,0.1,254,1,0,1
3194,log_910_1708942882.xes,0.0,na,['sudden'],1,1,1,0,gradual_start,[],[],2546,0.1,254,0,0,0
3195,log_910_1708942882.xes,0.0,na,['sudden'],1,1,1,0,gradual_end,[],[],2546,0.1,254,0,0,0
3196,log_188_1708942883.xes,0.3,na,"['sudden', 'gradual', 'sudden']",3,4,2,1,no_drift,[],[],7237,0.1,723,0,0,0
3197,log_188_1708942883.xes,0.3,na,"['sudden', 'gradual', 'sudden']",3,4,2,1,sudden,"[1681, 5343]","[5293, 1657]",7237,0.1,723,2,0,2
3198,log_188_1708942883.xes,0.3,na,"['sudden', 'gradual', 'sudden']",3,4,2,1,gradual_start,[3678],[],7237,0.1,723,0,0,1
3199,log_188_1708942883.xes,0.3,na,"['sudden', 'gradual', 'sudden']",3,4,2,1,gradual_end,[4081],[],7237,0.1,723,0,0,1
3200,log_951_1708942880.xes,0.6,na,"['sudden', 'gradual']",2,3,1,1,no_drift,[],[],5123,0.1,512,0,0,0
3201,log_951_1708942880.xes,0.6,na,"['sudden', 'gradual']",2,3,1,1,sudden,[1045],[1001],5123,0.1,512,1,0,1
3202,log_951_1708942880.xes,0.6,na,"['sudden', 'gradual']",2,3,1,1,gradual_start,[2905],[2901],5123,0.1,512,1,0,1
3203,log_951_1708942880.xes,0.6,na,"['sudden', 'gradual']",2,3,1,1,gradual_end,[3374],[3376],5123,0.1,512,1,0,1
3204,log_521_1708942875.xes,0.6,na,"['gradual', 'sudden', 'gradual']",3,5,1,2,no_drift,[],[],6942,0.1,694,0,0,0
3205,log_521_1708942875.xes,0.6,na,"['gradual', 'sudden', 'gradual']",3,5,1,2,sudden,[2887],[2857],6942,0.1,694,1,0,1
3206,log_521_1708942875.xes,0.6,na,"['gradual', 'sudden', 'gradual']",3,5,1,2,gradual_start,"[1235, 4845]",[],6942,0.1,694,0,0,2
3207,log_521_1708942875.xes,0.6,na,"['gradual', 'sudden', 'gradual']",3,5,1,2,gradual_end,"[1594, 5259]",[],6942,0.1,694,0,0,2
3208,log_487_1708942883.xes,0.6,na,[],0,0,0,0,no_drift,[0],[0],3996,0.1,399,1,0,1
3209,log_487_1708942883.xes,0.6,na,[],0,0,0,0,sudden,[],[],3996,0.1,399,0,0,0
3210,log_487_1708942883.xes,0.6,na,[],0,0,0,0,gradual_start,[],[],3996,0.1,399,0,0,0
3211,log_487_1708942883.xes,0.6,na,[],0,0,0,0,gradual_end,[],[],3996,0.1,399,0,0,0
3212,log_223_1708942875.xes,0.6,na,"['sudden', 'sudden', 'gradual']",3,4,2,1,no_drift,[],[],6424,0.1,642,0,0,0
3213,log_223_1708942875.xes,0.6,na,"['sudden', 'sudden', 'gradual']",3,4,2,1,sudden,"[1512, 2998]","[1473, 3009]",6424,0.1,642,2,0,2
3214,log_223_1708942875.xes,0.6,na,"['sudden', 'sudden', 'gradual']",3,4,2,1,gradual_start,[4472],[],6424,0.1,642,0,0,1
3215,log_223_1708942875.xes,0.6,na,"['sudden', 'sudden', 'gradual']",3,4,2,1,gradual_end,[4851],[],6424,0.1,642,0,0,1
3216,log_821_1708942875.xes,0.3,na,"['gradual', 'sudden', 'sudden']",3,4,2,1,no_drift,[],[],6323,0.1,632,0,0,0
3217,log_821_1708942875.xes,0.3,na,"['gradual', 'sudden', 'sudden']",3,4,2,1,sudden,"[3440, 4967]","[4961, 3411]",6323,0.1,632,2,0,2
3218,log_821_1708942875.xes,0.3,na,"['gradual', 'sudden', 'sudden']",3,4,2,1,gradual_start,[1778],[],6323,0.1,632,0,0,1
3219,log_821_1708942875.xes,0.3,na,"['gradual', 'sudden', 'sudden']",3,4,2,1,gradual_end,[2196],[],6323,0.1,632,0,0,1
3220,log_36_1708942887.xes,0.6,na,['gradual'],1,2,0,1,no_drift,[],[],2911,0.1,291,0,0,0
3221,log_36_1708942887.xes,0.6,na,['gradual'],1,2,0,1,sudden,[],[],2911,0.1,291,0,0,0
3222,log_36_1708942887.xes,0.6,na,['gradual'],1,2,0,1,gradual_start,[1293],[1303],2911,0.1,291,1,0,1
3223,log_36_1708942887.xes,0.6,na,['gradual'],1,2,0,1,gradual_end,[1767],[1751],2911,0.1,291,1,0,1
3224,log_377_1708942884.xes,0.6,na,[],0,0,0,0,no_drift,[0],[0],3908,0.1,390,1,0,1
3225,log_377_1708942884.xes,0.6,na,[],0,0,0,0,sudden,[],[],3908,0.1,390,0,0,0
3226,log_377_1708942884.xes,0.6,na,[],0,0,0,0,gradual_start,[],[],3908,0.1,390,0,0,0
3227,log_377_1708942884.xes,0.6,na,[],0,0,0,0,gradual_end,[],[],3908,0.1,390,0,0,0
3228,log_113_1708942882.xes,0.6,na,"['gradual', 'sudden', 'gradual']",3,5,1,2,no_drift,[],[],6923,0.1,692,0,0,0
3229,log_113_1708942882.xes,0.6,na,"['gradual', 'sudden', 'gradual']",3,5,1,2,sudden,[3751],[3741],6923,0.1,692,1,0,1
3230,log_113_1708942882.xes,0.6,na,"['gradual', 'sudden', 'gradual']",3,5,1,2,gradual_start,"[1285, 4795]",[],6923,0.1,692,0,0,2
3231,log_113_1708942882.xes,0.6,na,"['gradual', 'sudden', 'gradual']",3,5,1,2,gradual_end,"[1884, 5188]",[],6923,0.1,692,0,0,2
3232,log_911_1708942884.xes,0.3,na,"['gradual', 'sudden']",2,3,1,1,no_drift,[],[],5113,0.1,511,0,0,0
3233,log_911_1708942884.xes,0.3,na,"['gradual', 'sudden']",2,3,1,1,sudden,[3662],[3626],5113,0.1,511,1,0,1
3234,log_911_1708942884.xes,0.3,na,"['gradual', 'sudden']",2,3,1,1,gradual_start,[1171],[1151],5113,0.1,511,1,0,1
3235,log_911_1708942884.xes,0.3,na,"['gradual', 'sudden']",2,3,1,1,gradual_end,[1701],[1676],5113,0.1,511,1,0,1
3236,log_488_1708942886.xes,0.0,na,['gradual'],1,2,0,1,no_drift,[],[0],3846,0.1,384,0,1,0
3237,log_488_1708942886.xes,0.0,na,['gradual'],1,2,0,1,sudden,[],[],3846,0.1,384,0,0,0
3238,log_488_1708942886.xes,0.0,na,['gradual'],1,2,0,1,gradual_start,[1911],[],3846,0.1,384,0,0,1
3239,log_488_1708942886.xes,0.0,na,['gradual'],1,2,0,1,gradual_end,[2250],[],3846,0.1,384,0,0,1
3240,log_67_1708942880.xes,0.3,na,"['gradual', 'sudden', 'sudden']",3,4,2,1,no_drift,[],[],6282,0.1,628,0,0,0
3241,log_67_1708942880.xes,0.3,na,"['gradual', 'sudden', 'sudden']",3,4,2,1,sudden,"[3257, 4366]","[3225, 4341]",6282,0.1,628,2,0,2
3242,log_67_1708942880.xes,0.3,na,"['gradual', 'sudden', 'sudden']",3,4,2,1,gradual_start,[1580],[],6282,0.1,628,0,0,1
3243,log_67_1708942880.xes,0.3,na,"['gradual', 'sudden', 'sudden']",3,4,2,1,gradual_end,[2011],[],6282,0.1,628,0,0,1
3244,log_35_1708942883.xes,0.3,na,['gradual'],1,2,0,1,no_drift,[],[],3004,0.1,300,0,0,0
3245,log_35_1708942883.xes,0.3,na,['gradual'],1,2,0,1,sudden,[],[],3004,0.1,300,0,0,0
3246,log_35_1708942883.xes,0.3,na,['gradual'],1,2,0,1,gradual_start,[1234],[1261],3004,0.1,300,1,0,1
3247,log_35_1708942883.xes,0.3,na,['gradual'],1,2,0,1,gradual_end,[1791],[1756],3004,0.1,300,1,0,1
3248,log_867_1708942883.xes,0.3,na,"['sudden', 'sudden']",2,2,2,0,no_drift,[],[],4754,0.1,475,0,0,0
3249,log_867_1708942883.xes,0.3,na,"['sudden', 'sudden']",2,2,2,0,sudden,"[1890, 3132]","[1864, 3129]",4754,0.1,475,2,0,2
3250,log_867_1708942883.xes,0.3,na,"['sudden', 'sudden']",2,2,2,0,gradual_start,[],[],4754,0.1,475,0,0,0
3251,log_867_1708942883.xes,0.3,na,"['sudden', 'sudden']",2,2,2,0,gradual_end,[],[],4754,0.1,475,0,0,0
3252,log_261_1708942887.xes,0.6,na,"['gradual', 'sudden']",2,3,1,1,no_drift,[],[],4467,0.1,446,0,0,0
3253,log_261_1708942887.xes,0.6,na,"['gradual', 'sudden']",2,3,1,1,sudden,[2916],[2883],4467,0.1,446,1,0,1
3254,log_261_1708942887.xes,0.6,na,"['gradual', 'sudden']",2,3,1,1,gradual_start,[1448],[1431],4467,0.1,446,1,0,1
3255,log_261_1708942887.xes,0.6,na,"['gradual', 'sudden']",2,3,1,1,gradual_end,[1782],[1805],4467,0.1,446,1,0,1
3256,log_224_1708942886.xes,0.3,na,"['sudden', 'sudden', 'sudden']",3,3,3,0,no_drift,[],[],5584,0.1,558,0,0,0
3257,log_224_1708942886.xes,0.3,na,"['sudden', 'sudden', 'sudden']",3,3,3,0,sudden,"[1729, 2893, 4254]","[1702, 4240, 2890]",5584,0.1,558,3,0,3
3258,log_224_1708942886.xes,0.3,na,"['sudden', 'sudden', 'sudden']",3,3,3,0,gradual_start,[],[],5584,0.1,558,0,0,0
3259,log_224_1708942886.xes,0.3,na,"['sudden', 'sudden', 'sudden']",3,3,3,0,gradual_end,[],[],5584,0.1,558,0,0,0
3260,log_144_1708942877.xes,0.3,na,"['gradual', 'sudden']",2,3,1,1,no_drift,[],[0],5397,0.1,539,0,1,0
3261,log_144_1708942877.xes,0.3,na,"['gradual', 'sudden']",2,3,1,1,sudden,[3498],[],5397,0.1,539,0,0,1
3262,log_144_1708942877.xes,0.3,na,"['gradual', 'sudden']",2,3,1,1,gradual_start,[1520],[],5397,0.1,539,0,0,1
3263,log_144_1708942877.xes,0.3,na,"['gradual', 'sudden']",2,3,1,1,gradual_end,[2026],[],5397,0.1,539,0,0,1
3264,log_989_1708942883.xes,0.3,na,"['gradual', 'sudden', 'gradual']",3,5,1,2,no_drift,[],[],7551,0.1,755,0,0,0
3265,log_989_1708942883.xes,0.3,na,"['gradual', 'sudden', 'gradual']",3,5,1,2,sudden,[3944],[3886],7551,0.1,755,1,0,1
3266,log_989_1708942883.xes,0.3,na,"['gradual', 'sudden', 'gradual']",3,5,1,2,gradual_start,"[1500, 5125]","[5107, 1518]",7551,0.1,755,2,0,2
3267,log_989_1708942883.xes,0.3,na,"['gradual', 'sudden', 'gradual']",3,5,1,2,gradual_end,"[2029, 5656]","[5662, 1962]",7551,0.1,755,2,0,2
3268,log_794_1708942884.xes,0.0,na,"['gradual', 'gradual']",2,4,0,2,no_drift,[],[],5820,0.1,582,0,0,0
3269,log_794_1708942884.xes,0.0,na,"['gradual', 'gradual']",2,4,0,2,sudden,[],[],5820,0.1,582,0,0,0
3270,log_794_1708942884.xes,0.0,na,"['gradual', 'gradual']",2,4,0,2,gradual_start,"[1977, 3953]","[3945, 1944]",5820,0.1,582,2,0,2
3271,log_794_1708942884.xes,0.0,na,"['gradual', 'gradual']",2,4,0,2,gradual_end,"[2408, 4520]","[4525, 2379]",5820,0.1,582,2,0,2
3272,log_754_1708942889.xes,0.0,na,[],0,0,0,0,no_drift,[0],[0],1881,0.1,188,1,0,1
3273,log_754_1708942889.xes,0.0,na,[],0,0,0,0,sudden,[],[],1881,0.1,188,0,0,0
3274,log_754_1708942889.xes,0.0,na,[],0,0,0,0,gradual_start,[],[],1881,0.1,188,0,0,0
3275,log_754_1708942889.xes,0.0,na,[],0,0,0,0,gradual_end,[],[],1881,0.1,188,0,0,0
3276,log_569_1708942882.xes,0.6,na,[],0,0,0,0,no_drift,[0],[0],3183,0.1,318,1,0,1
3277,log_569_1708942882.xes,0.6,na,[],0,0,0,0,sudden,[],[],3183,0.1,318,0,0,0
3278,log_569_1708942882.xes,0.6,na,[],0,0,0,0,gradual_start,[],[],3183,0.1,318,0,0,0
3279,log_569_1708942882.xes,0.6,na,[],0,0,0,0,gradual_end,[],[],3183,0.1,318,0,0,0
3280,log_260_1708942870.xes,0.0,na,[],0,0,0,0,no_drift,[0],[0],6292,0.1,629,1,0,1
3281,log_260_1708942870.xes,0.0,na,[],0,0,0,0,sudden,[],[],6292,0.1,629,0,0,0
3282,log_260_1708942870.xes,0.0,na,[],0,0,0,0,gradual_start,[],[],6292,0.1,629,0,0,0
3283,log_260_1708942870.xes,0.0,na,[],0,0,0,0,gradual_end,[],[],6292,0.1,629,0,0,0
3284,log_753_1708942876.xes,0.0,na,"['gradual', 'sudden', 'sudden']",3,4,2,1,no_drift,[],[],6775,0.1,677,0,0,0
3285,log_753_1708942876.xes,0.0,na,"['gradual', 'sudden', 'sudden']",3,4,2,1,sudden,"[3312, 5079]","[5050, 3301]",6775,0.1,677,2,0,2
3286,log_753_1708942876.xes,0.0,na,"['gradual', 'sudden', 'sudden']",3,4,2,1,gradual_start,[1927],[1948],6775,0.1,677,1,0,1
3287,log_753_1708942876.xes,0.0,na,"['gradual', 'sudden', 'sudden']",3,4,2,1,gradual_end,[2299],[2278],6775,0.1,677,1,0,1
3288,log_608_1708942881.xes,0.6,na,['gradual'],1,2,0,1,no_drift,[],[],4054,0.1,405,0,0,0
3289,log_608_1708942881.xes,0.6,na,['gradual'],1,2,0,1,sudden,[],[],4054,0.1,405,0,0,0
3290,log_608_1708942881.xes,0.6,na,['gradual'],1,2,0,1,gradual_start,[1900],[1901],4054,0.1,405,1,0,1
3291,log_608_1708942881.xes,0.6,na,['gradual'],1,2,0,1,gradual_end,[2389],[2401],4054,0.1,405,1,0,1
3292,log_378_1708942887.xes,0.3,na,[],0,0,0,0,no_drift,[0],[0],4260,0.1,426,1,0,1
3293,log_378_1708942887.xes,0.3,na,[],0,0,0,0,sudden,[],[],4260,0.1,426,0,0,0
3294,log_378_1708942887.xes,0.3,na,[],0,0,0,0,gradual_start,[],[],4260,0.1,426,0,0,0
3295,log_378_1708942887.xes,0.3,na,[],0,0,0,0,gradual_end,[],[],4260,0.1,426,0,0,0
3296,log_189_1708942886.xes,0.3,na,"['gradual', 'gradual']",2,4,0,2,no_drift,[],[],5730,0.1,573,0,0,0
3297,log_189_1708942886.xes,0.3,na,"['gradual', 'gradual']",2,4,0,2,sudden,[],[],5730,0.1,573,0,0,0
3298,log_189_1708942886.xes,0.3,na,"['gradual', 'gradual']",2,4,0,2,gradual_start,"[1708, 3762]",[1653],5730,0.1,573,1,0,2
3299,log_189_1708942886.xes,0.3,na,"['gradual', 'gradual']",2,4,0,2,gradual_end,"[2245, 4228]",[2213],5730,0.1,573,1,0,2
3300,log_868_1708942888.xes,0.3,na,['sudden'],1,1,1,0,no_drift,[],[],2981,0.1,298,0,0,0
3301,log_868_1708942888.xes,0.3,na,['sudden'],1,1,1,0,sudden,[1977],[1961],2981,0.1,298,1,0,1
3302,log_868_1708942888.xes,0.3,na,['sudden'],1,1,1,0,gradual_start,[],[],2981,0.1,298,0,0,0
3303,log_868_1708942888.xes,0.3,na,['sudden'],1,1,1,0,gradual_end,[],[],2981,0.1,298,0,0,0
3304,log_1027_1708942889.xes,0.0,na,['sudden'],1,1,1,0,no_drift,[],[],3295,0.1,329,0,0,0
3305,log_1027_1708942889.xes,0.0,na,['sudden'],1,1,1,0,sudden,[1655],[1649],3295,0.1,329,1,0,1
3306,log_1027_1708942889.xes,0.0,na,['sudden'],1,1,1,0,gradual_start,[],[],3295,0.1,329,0,0,0
3307,log_1027_1708942889.xes,0.0,na,['sudden'],1,1,1,0,gradual_end,[],[],3295,0.1,329,0,0,0
3308,log_333_1708942871.xes,0.3,na,"['gradual', 'sudden', 'gradual']",3,5,1,2,no_drift,[],[],6785,0.1,678,0,0,0
3309,log_333_1708942871.xes,0.3,na,"['gradual', 'sudden', 'gradual']",3,5,1,2,sudden,[3177],[],6785,0.1,678,0,0,1
3310,log_333_1708942871.xes,0.3,na,"['gradual', 'sudden', 'gradual']",3,5,1,2,gradual_start,"[1488, 4550]","[1486, 4522]",6785,0.1,678,2,0,2
3311,log_333_1708942871.xes,0.3,na,"['gradual', 'sudden', 'gradual']",3,5,1,2,gradual_end,"[1999, 4872]","[1948, 4852]",6785,0.1,678,2,0,2
3312,log_416_1708942891.xes,0.0,na,"['gradual', 'sudden', 'sudden']",3,4,2,1,no_drift,[],[],6094,0.1,609,0,0,0
3313,log_416_1708942891.xes,0.0,na,"['gradual', 'sudden', 'sudden']",3,4,2,1,sudden,"[2854, 4518]","[4531, 2821]",6094,0.1,609,2,0,2
3314,log_416_1708942891.xes,0.0,na,"['gradual', 'sudden', 'sudden']",3,4,2,1,gradual_start,[1104],[],6094,0.1,609,0,0,1
3315,log_416_1708942891.xes,0.0,na,"['gradual', 'sudden', 'sudden']",3,4,2,1,gradual_end,[1660],[],6094,0.1,609,0,0,1
3316,log_415_1708942882.xes,0.3,na,"['sudden', 'sudden']",2,2,2,0,no_drift,[],[],4123,0.1,412,0,0,0
3317,log_415_1708942882.xes,0.3,na,"['sudden', 'sudden']",2,2,2,0,sudden,"[1829, 3056]",[1801],4123,0.1,412,1,0,2
3318,log_415_1708942882.xes,0.3,na,"['sudden', 'sudden']",2,2,2,0,gradual_start,[],[],4123,0.1,412,0,0,0
3319,log_415_1708942882.xes,0.3,na,"['sudden', 'sudden']",2,2,2,0,gradual_end,[],[],4123,0.1,412,0,0,0
3320,log_262_1708942891.xes,0.3,na,[],0,0,0,0,no_drift,[0],[0],1776,0.1,177,1,0,1
3321,log_262_1708942891.xes,0.3,na,[],0,0,0,0,sudden,[],[],1776,0.1,177,0,0,0
3322,log_262_1708942891.xes,0.3,na,[],0,0,0,0,gradual_start,[],[],1776,0.1,177,0,0,0
3323,log_262_1708942891.xes,0.3,na,[],0,0,0,0,gradual_end,[],[],1776,0.1,177,0,0,0
3324,log_570_1708942888.xes,0.6,na,"['sudden', 'sudden']",2,2,2,0,no_drift,[],[],4193,0.1,419,0,0,0
3325,log_570_1708942888.xes,0.6,na,"['sudden', 'sudden']",2,2,2,0,sudden,"[1986, 3019]","[3001, 1961]",4193,0.1,419,2,0,2
3326,log_570_1708942888.xes,0.6,na,"['sudden', 'sudden']",2,2,2,0,gradual_start,[],[],4193,0.1,419,0,0,0
3327,log_570_1708942888.xes,0.6,na,"['sudden', 'sudden']",2,2,2,0,gradual_end,[],[],4193,0.1,419,0,0,0
3328,log_717_1708942886.xes,0.0,na,"['sudden', 'gradual', 'gradual']",3,5,1,2,no_drift,[],[0],7467,0.1,746,0,1,0
3329,log_717_1708942886.xes,0.0,na,"['sudden', 'gradual', 'gradual']",3,5,1,2,sudden,[1587],[],7467,0.1,746,0,0,1
3330,log_717_1708942886.xes,0.0,na,"['sudden', 'gradual', 'gradual']",3,5,1,2,gradual_start,"[3258, 5289]",[],7467,0.1,746,0,0,2
3331,log_717_1708942886.xes,0.0,na,"['sudden', 'gradual', 'gradual']",3,5,1,2,gradual_end,"[3593, 5753]",[],7467,0.1,746,0,0,2
3332,log_947_1708942880.xes,0.0,na,"['gradual', 'sudden', 'sudden']",3,4,2,1,no_drift,[],[],6182,0.1,618,0,0,0
3333,log_947_1708942880.xes,0.0,na,"['gradual', 'sudden', 'sudden']",3,4,2,1,sudden,"[3356, 4651]","[4621, 3331]",6182,0.1,618,2,0,2
3334,log_947_1708942880.xes,0.0,na,"['gradual', 'sudden', 'sudden']",3,4,2,1,gradual_start,[1315],[],6182,0.1,618,0,0,1
3335,log_947_1708942880.xes,0.0,na,"['gradual', 'sudden', 'sudden']",3,4,2,1,gradual_end,[1751],[],6182,0.1,618,0,0,1
3336,log_912_1708942887.xes,0.0,na,"['gradual', 'gradual', 'gradual']",3,6,0,3,no_drift,[],[0],8004,0.1,800,0,1,0
3337,log_912_1708942887.xes,0.0,na,"['gradual', 'gradual', 'gradual']",3,6,0,3,sudden,[],[],8004,0.1,800,0,0,0
3338,log_912_1708942887.xes,0.0,na,"['gradual', 'gradual', 'gradual']",3,6,0,3,gradual_start,"[1997, 4248, 5720]",[],8004,0.1,800,0,0,3
3339,log_912_1708942887.xes,0.0,na,"['gradual', 'gradual', 'gradual']",3,6,0,3,gradual_end,"[2553, 4706, 6104]",[],8004,0.1,800,0,0,3
3340,log_795_1708942890.xes,0.3,na,['sudden'],1,1,1,0,no_drift,[],[],2749,0.1,274,0,0,0
3341,log_795_1708942890.xes,0.3,na,['sudden'],1,1,1,0,sudden,[1112],[1106],2749,0.1,274,1,0,1
3342,log_795_1708942890.xes,0.3,na,['sudden'],1,1,1,0,gradual_start,[],[],2749,0.1,274,0,0,0
3343,log_795_1708942890.xes,0.3,na,['sudden'],1,1,1,0,gradual_end,[],[],2749,0.1,274,0,0,0
3344,log_37_1708942889.xes,0.3,na,"['sudden', 'sudden']",2,2,2,0,no_drift,[],[],4568,0.1,456,0,0,0
3345,log_37_1708942889.xes,0.3,na,"['sudden', 'sudden']",2,2,2,0,sudden,"[1717, 2732]","[1717, 2729]",4568,0.1,456,2,0,2
3346,log_37_1708942889.xes,0.3,na,"['sudden', 'sudden']",2,2,2,0,gradual_start,[],[],4568,0.1,456,0,0,0
3347,log_37_1708942889.xes,0.3,na,"['sudden', 'sudden']",2,2,2,0,gradual_end,[],[],4568,0.1,456,0,0,0
3348,log_489_1708942888.xes,0.3,na,['gradual'],1,2,0,1,no_drift,[],[],3544,0.1,354,0,0,0
3349,log_489_1708942888.xes,0.3,na,['gradual'],1,2,0,1,sudden,[],[],3544,0.1,354,0,0,0
3350,log_489_1708942888.xes,0.3,na,['gradual'],1,2,0,1,gradual_start,[1429],[1429],3544,0.1,354,1,0,1
3351,log_489_1708942888.xes,0.3,na,['gradual'],1,2,0,1,gradual_end,[1911],[1888],3544,0.1,354,1,0,1
3352,log_68_1708942887.xes,0.0,na,"['gradual', 'sudden', 'sudden']",3,4,2,1,no_drift,[],[],7392,0.1,739,0,0,0
3353,log_68_1708942887.xes,0.0,na,"['gradual', 'sudden', 'sudden']",3,4,2,1,sudden,"[4274, 5910]",[5869],7392,0.1,739,1,0,2
3354,log_68_1708942887.xes,0.0,na,"['gradual', 'sudden', 'sudden']",3,4,2,1,gradual_start,[1833],[],7392,0.1,739,0,0,1
3355,log_68_1708942887.xes,0.0,na,"['gradual', 'sudden', 'sudden']",3,4,2,1,gradual_end,[2429],[],7392,0.1,739,0,0,1
3356,log_294_1708942866.xes,0.0,na,"['gradual', 'sudden', 'gradual']",3,5,1,2,no_drift,[],[],7193,0.1,719,0,0,0
3357,log_294_1708942866.xes,0.0,na,"['gradual', 'sudden', 'gradual']",3,5,1,2,sudden,[3902],[3886],7193,0.1,719,1,0,1
3358,log_294_1708942866.xes,0.0,na,"['gradual', 'sudden', 'gradual']",3,5,1,2,gradual_start,"[1688, 5011]",[],7193,0.1,719,0,0,2
3359,log_294_1708942866.xes,0.0,na,"['gradual', 'sudden', 'gradual']",3,5,1,2,gradual_end,"[1991, 5333]",[],7193,0.1,719,0,0,2
3360,log_948_1708942891.xes,0.6,na,[],0,0,0,0,no_drift,[0],[0],5292,0.1,529,1,0,1
3361,log_948_1708942891.xes,0.6,na,[],0,0,0,0,sudden,[],[],5292,0.1,529,0,0,0
3362,log_948_1708942891.xes,0.6,na,[],0,0,0,0,gradual_start,[],[],5292,0.1,529,0,0,0
3363,log_948_1708942891.xes,0.6,na,[],0,0,0,0,gradual_end,[],[],5292,0.1,529,0,0,0
3364,log_822_1708942888.xes,0.3,na,['sudden'],1,1,1,0,no_drift,[],[],2973,0.1,297,0,0,0
3365,log_822_1708942888.xes,0.3,na,['sudden'],1,1,1,0,sudden,[1650],[1625],2973,0.1,297,1,0,1
3366,log_822_1708942888.xes,0.3,na,['sudden'],1,1,1,0,gradual_start,[],[],2973,0.1,297,0,0,0
3367,log_822_1708942888.xes,0.3,na,['sudden'],1,1,1,0,gradual_end,[],[],2973,0.1,297,0,0,0
3368,log_756_1708942893.xes,0.0,na,[],0,0,0,0,no_drift,[0],[0],1980,0.1,198,1,0,1
3369,log_756_1708942893.xes,0.0,na,[],0,0,0,0,sudden,[],[],1980,0.1,198,0,0,0
3370,log_756_1708942893.xes,0.0,na,[],0,0,0,0,gradual_start,[],[],1980,0.1,198,0,0,0
3371,log_756_1708942893.xes,0.0,na,[],0,0,0,0,gradual_end,[],[],1980,0.1,198,0,0,0
3372,log_379_1708942890.xes,0.3,na,"['sudden', 'gradual']",2,3,1,1,no_drift,[],[],4235,0.1,423,0,0,0
3373,log_379_1708942890.xes,0.3,na,"['sudden', 'gradual']",2,3,1,1,sudden,[1492],[],4235,0.1,423,0,0,1
3374,log_379_1708942890.xes,0.3,na,"['sudden', 'gradual']",2,3,1,1,gradual_start,[2502],[2500],4235,0.1,423,1,0,1
3375,log_379_1708942890.xes,0.3,na,"['sudden', 'gradual']",2,3,1,1,gradual_end,[2900],[2920],4235,0.1,423,1,0,1
3376,log_755_1708942890.xes,0.3,na,['gradual'],1,2,0,1,no_drift,[],[],2549,0.1,254,0,0,0
3377,log_755_1708942890.xes,0.3,na,['gradual'],1,2,0,1,sudden,[],[],2549,0.1,254,0,0,0
3378,log_755_1708942890.xes,0.3,na,['gradual'],1,2,0,1,gradual_start,[1042],[1033],2549,0.1,254,1,0,1
3379,log_755_1708942890.xes,0.3,na,['gradual'],1,2,0,1,gradual_end,[1504],[1501],2549,0.1,254,1,0,1
3380,log_1103_1708942893.xes,0.6,na,['sudden'],1,1,1,0,no_drift,[],[],2953,0.1,295,0,0,0
3381,log_1103_1708942893.xes,0.6,na,['sudden'],1,1,1,0,sudden,[1097],[1079],2953,0.1,295,1,0,1
3382,log_1103_1708942893.xes,0.6,na,['sudden'],1,1,1,0,gradual_start,[],[],2953,0.1,295,0,0,0
3383,log_1103_1708942893.xes,0.6,na,['sudden'],1,1,1,0,gradual_end,[],[],2953,0.1,295,0,0,0
3384,log_69_1708942893.xes,0.0,na,['sudden'],1,1,1,0,no_drift,[],[],2784,0.1,278,0,0,0
3385,log_69_1708942893.xes,0.0,na,['sudden'],1,1,1,0,sudden,[1024],[1015],2784,0.1,278,1,0,1
3386,log_69_1708942893.xes,0.0,na,['sudden'],1,1,1,0,gradual_start,[],[],2784,0.1,278,0,0,0
3387,log_69_1708942893.xes,0.0,na,['sudden'],1,1,1,0,gradual_end,[],[],2784,0.1,278,0,0,0
3388,log_296_1708942894.xes,0.3,na,[],0,0,0,0,no_drift,[0],[0],1313,0.1,131,1,0,1
3389,log_296_1708942894.xes,0.3,na,[],0,0,0,0,sudden,[],[],1313,0.1,131,0,0,0
3390,log_296_1708942894.xes,0.3,na,[],0,0,0,0,gradual_start,[],[],1313,0.1,131,0,0,0
3391,log_296_1708942894.xes,0.3,na,[],0,0,0,0,gradual_end,[],[],1313,0.1,131,0,0,0
3392,log_297_1708942895.xes,0.0,na,[],0,0,0,0,no_drift,[0],[0],1626,0.1,162,1,0,1
3393,log_297_1708942895.xes,0.0,na,[],0,0,0,0,sudden,[],[],1626,0.1,162,0,0,0
3394,log_297_1708942895.xes,0.0,na,[],0,0,0,0,gradual_start,[],[],1626,0.1,162,0,0,0
3395,log_297_1708942895.xes,0.0,na,[],0,0,0,0,gradual_end,[],[],1626,0.1,162,0,0,0
3396,log_796_1708942894.xes,0.0,na,[],0,0,0,0,no_drift,[0],[0],3819,0.1,381,1,0,1
3397,log_796_1708942894.xes,0.0,na,[],0,0,0,0,sudden,[],[],3819,0.1,381,0,0,0
3398,log_796_1708942894.xes,0.0,na,[],0,0,0,0,gradual_start,[],[],3819,0.1,381,0,0,0
3399,log_796_1708942894.xes,0.0,na,[],0,0,0,0,gradual_end,[],[],3819,0.1,381,0,0,0
3400,log_38_1708942893.xes,0.0,na,[],0,0,0,0,no_drift,[0],[0],3858,0.1,385,1,0,1
3401,log_38_1708942893.xes,0.0,na,[],0,0,0,0,sudden,[],[],3858,0.1,385,0,0,0
3402,log_38_1708942893.xes,0.0,na,[],0,0,0,0,gradual_start,[],[],3858,0.1,385,0,0,0
3403,log_38_1708942893.xes,0.0,na,[],0,0,0,0,gradual_end,[],[],3858,0.1,385,0,0,0
3404,log_718_1708942892.xes,0.0,na,"['gradual', 'gradual']",2,4,0,2,no_drift,[],[],5230,0.1,523,0,0,0
3405,log_718_1708942892.xes,0.0,na,"['gradual', 'gradual']",2,4,0,2,sudden,[],[],5230,0.1,523,0,0,0
3406,log_718_1708942892.xes,0.0,na,"['gradual', 'gradual']",2,4,0,2,gradual_start,"[1534, 3076]","[3069, 1509]",5230,0.1,523,2,0,2
3407,log_718_1708942892.xes,0.0,na,"['gradual', 'gradual']",2,4,0,2,gradual_end,"[1871, 3660]","[3641, 1847]",5230,0.1,523,2,0,2
3408,log_990_1708942889.xes,0.3,na,"['gradual', 'gradual', 'sudden']",3,5,1,2,no_drift,[],[0],7196,0.1,719,0,1,0
3409,log_990_1708942889.xes,0.3,na,"['gradual', 'gradual', 'sudden']",3,5,1,2,sudden,[5684],[],7196,0.1,719,0,0,1
3410,log_990_1708942889.xes,0.3,na,"['gradual', 'gradual', 'sudden']",3,5,1,2,gradual_start,"[1506, 3584]",[],7196,0.1,719,0,0,2
3411,log_990_1708942889.xes,0.3,na,"['gradual', 'gradual', 'sudden']",3,5,1,2,gradual_end,"[1850, 4040]",[],7196,0.1,719,0,0,2
3412,log_295_1708942891.xes,0.0,na,[],0,0,0,0,no_drift,[0],[0],4455,0.1,445,1,0,1
3413,log_295_1708942891.xes,0.0,na,[],0,0,0,0,sudden,[],[],4455,0.1,445,0,0,0
3414,log_295_1708942891.xes,0.0,na,[],0,0,0,0,gradual_start,[],[],4455,0.1,445,0,0,0
3415,log_295_1708942891.xes,0.0,na,[],0,0,0,0,gradual_end,[],[],4455,0.1,445,0,0,0
3416,log_676_1708942880.xes,0.0,na,"['gradual', 'gradual', 'sudden']",3,5,1,2,no_drift,[],[],7752,0.1,775,0,0,0
3417,log_676_1708942880.xes,0.0,na,"['gradual', 'gradual', 'sudden']",3,5,1,2,sudden,[5956],[5929],7752,0.1,775,1,0,1
3418,log_676_1708942880.xes,0.0,na,"['gradual', 'gradual', 'sudden']",3,5,1,2,gradual_start,"[1419, 3636]",[3611],7752,0.1,775,1,0,2
3419,log_676_1708942880.xes,0.0,na,"['gradual', 'gradual', 'sudden']",3,5,1,2,gradual_end,"[1821, 3979]",[3953],7752,0.1,775,1,0,2
3420,log_490_1708942894.xes,0.0,na,[],0,0,0,0,no_drift,[0],[0],3676,0.1,367,1,0,1
3421,log_490_1708942894.xes,0.0,na,[],0,0,0,0,sudden,[],[],3676,0.1,367,0,0,0
3422,log_490_1708942894.xes,0.0,na,[],0,0,0,0,gradual_start,[],[],3676,0.1,367,0,0,0
3423,log_490_1708942894.xes,0.0,na,[],0,0,0,0,gradual_end,[],[],3676,0.1,367,0,0,0
3424,log_949_1708942893.xes,0.0,na,"['sudden', 'gradual']",2,3,1,1,no_drift,[],[],5081,0.1,508,0,0,0
3425,log_949_1708942893.xes,0.0,na,"['sudden', 'gradual']",2,3,1,1,sudden,[1341],[1326],5081,0.1,508,1,0,1
3426,log_949_1708942893.xes,0.0,na,"['sudden', 'gradual']",2,3,1,1,gradual_start,[3079],[3051],5081,0.1,508,1,0,1
3427,log_949_1708942893.xes,0.0,na,"['sudden', 'gradual']",2,3,1,1,gradual_end,[3657],[3651],5081,0.1,508,1,0,1
3428,log_1028_1708942893.xes,0.3,na,['gradual'],1,2,0,1,no_drift,[],[],4239,0.1,423,0,0,0
3429,log_1028_1708942893.xes,0.3,na,['gradual'],1,2,0,1,sudden,[],[],4239,0.1,423,0,0,0
3430,log_1028_1708942893.xes,0.3,na,['gradual'],1,2,0,1,gradual_start,[1924],[1912],4239,0.1,423,1,0,1
3431,log_1028_1708942893.xes,0.3,na,['gradual'],1,2,0,1,gradual_end,[2309],[2311],4239,0.1,423,1,0,1
3432,log_225_1708942890.xes,0.6,na,"['gradual', 'gradual', 'gradual']",3,6,0,3,no_drift,[],[],6467,0.1,646,0,0,0
3433,log_225_1708942890.xes,0.6,na,"['gradual', 'gradual', 'gradual']",3,6,0,3,sudden,[],[],6467,0.1,646,0,0,0
3434,log_225_1708942890.xes,0.6,na,"['gradual', 'gradual', 'gradual']",3,6,0,3,gradual_start,"[1130, 2848, 4859]",[2817],6467,0.1,646,1,0,3
3435,log_225_1708942890.xes,0.6,na,"['gradual', 'gradual', 'gradual']",3,6,0,3,gradual_end,"[1591, 3316, 5345]",[3297],6467,0.1,646,1,0,3
3436,log_70_1708942895.xes,0.6,na,['sudden'],1,1,1,0,no_drift,[],[0],2500,0.1,250,0,1,0
3437,log_70_1708942895.xes,0.6,na,['sudden'],1,1,1,0,sudden,[1121],[],2500,0.1,250,0,0,1
3438,log_70_1708942895.xes,0.6,na,['sudden'],1,1,1,0,gradual_start,[],[],2500,0.1,250,0,0,0
3439,log_70_1708942895.xes,0.6,na,['sudden'],1,1,1,0,gradual_end,[],[],2500,0.1,250,0,0,0
3440,log_380_1708942894.xes,0.3,na,['gradual'],1,2,0,1,no_drift,[],[],3205,0.1,320,0,0,0
3441,log_380_1708942894.xes,0.3,na,['gradual'],1,2,0,1,sudden,[],[],3205,0.1,320,0,0,0
3442,log_380_1708942894.xes,0.3,na,['gradual'],1,2,0,1,gradual_start,[1440],[1457],3205,0.1,320,1,0,1
3443,log_380_1708942894.xes,0.3,na,['gradual'],1,2,0,1,gradual_end,[1933],[1953],3205,0.1,320,1,0,1
3444,log_190_1708942891.xes,0.0,na,"['sudden', 'gradual', 'gradual']",3,5,1,2,no_drift,[],[],6620,0.1,662,0,0,0
3445,log_190_1708942891.xes,0.0,na,"['sudden', 'gradual', 'gradual']",3,5,1,2,sudden,[1399],[1354],6620,0.1,662,1,0,1
3446,log_190_1708942891.xes,0.0,na,"['sudden', 'gradual', 'gradual']",3,5,1,2,gradual_start,"[3102, 4604]","[3004, 4588]",6620,0.1,662,2,0,2
3447,log_190_1708942891.xes,0.0,na,"['sudden', 'gradual', 'gradual']",3,5,1,2,gradual_end,"[3564, 5016]","[3532, 4984]",6620,0.1,662,2,0,2
3448,log_1217_1708942897.xes,0.6,na,[],0,0,0,0,no_drift,[0],[0],1487,0.1,148,1,0,1
3449,log_1217_1708942897.xes,0.6,na,[],0,0,0,0,sudden,[],[],1487,0.1,148,0,0,0
3450,log_1217_1708942897.xes,0.6,na,[],0,0,0,0,gradual_start,[],[],1487,0.1,148,0,0,0
3451,log_1217_1708942897.xes,0.6,na,[],0,0,0,0,gradual_end,[],[],1487,0.1,148,0,0,0
3452,log_950_1708942896.xes,0.0,na,[],0,0,0,0,no_drift,[0],[0],3993,0.1,399,1,0,1
3453,log_950_1708942896.xes,0.0,na,[],0,0,0,0,sudden,[],[],3993,0.1,399,0,0,0
3454,log_950_1708942896.xes,0.0,na,[],0,0,0,0,gradual_start,[],[],3993,0.1,399,0,0,0
3455,log_950_1708942896.xes,0.0,na,[],0,0,0,0,gradual_end,[],[],3993,0.1,399,0,0,0
3456,log_797_1708942895.xes,0.6,na,"['sudden', 'gradual']",2,3,1,1,no_drift,[],[],5492,0.1,549,0,0,0
3457,log_797_1708942895.xes,0.6,na,"['sudden', 'gradual']",2,3,1,1,sudden,[1764],[1702],5492,0.1,549,1,0,1
3458,log_797_1708942895.xes,0.6,na,"['sudden', 'gradual']",2,3,1,1,gradual_start,[3233],[],5492,0.1,549,0,0,1
3459,log_797_1708942895.xes,0.6,na,"['sudden', 'gradual']",2,3,1,1,gradual_end,[3715],[],5492,0.1,549,0,0,1
3460,log_226_1708942897.xes,0.6,na,[],0,0,0,0,no_drift,[0],[0],4062,0.1,406,1,0,1
3461,log_226_1708942897.xes,0.6,na,[],0,0,0,0,sudden,[],[],4062,0.1,406,0,0,0
3462,log_226_1708942897.xes,0.6,na,[],0,0,0,0,gradual_start,[],[],4062,0.1,406,0,0,0
3463,log_226_1708942897.xes,0.6,na,[],0,0,0,0,gradual_end,[],[],4062,0.1,406,0,0,0
3464,log_823_1708942894.xes,0.6,na,['gradual'],1,2,0,1,no_drift,[],[],2642,0.1,264,0,0,0
3465,log_823_1708942894.xes,0.6,na,['gradual'],1,2,0,1,sudden,[],[],2642,0.1,264,0,0,0
3466,log_823_1708942894.xes,0.6,na,['gradual'],1,2,0,1,gradual_start,[1205],[1197],2642,0.1,264,1,0,1
3467,log_823_1708942894.xes,0.6,na,['gradual'],1,2,0,1,gradual_end,[1555],[1535],2642,0.1,264,1,0,1
3468,log_114_1708942887.xes,0.6,na,[],0,0,0,0,no_drift,[0],[0],3780,0.1,378,1,0,1
3469,log_114_1708942887.xes,0.6,na,[],0,0,0,0,sudden,[],[],3780,0.1,378,0,0,0
3470,log_114_1708942887.xes,0.6,na,[],0,0,0,0,gradual_start,[],[],3780,0.1,378,0,0,0
3471,log_114_1708942887.xes,0.6,na,[],0,0,0,0,gradual_end,[],[],3780,0.1,378,0,0,0
3472,log_677_1708942896.xes,0.6,na,['gradual'],1,2,0,1,no_drift,[],[],4275,0.1,427,0,0,0
3473,log_677_1708942896.xes,0.6,na,['gradual'],1,2,0,1,sudden,[],[],4275,0.1,427,0,0,0
3474,log_677_1708942896.xes,0.6,na,['gradual'],1,2,0,1,gradual_start,[1789],[1786],4275,0.1,427,1,0,1
3475,log_677_1708942896.xes,0.6,na,['gradual'],1,2,0,1,gradual_end,[2297],[2227],4275,0.1,427,1,0,1
3476,log_145_1708942889.xes,0.3,na,[],0,0,0,0,no_drift,[0],[0],2420,0.1,242,1,0,1
3477,log_145_1708942889.xes,0.3,na,[],0,0,0,0,sudden,[],[],2420,0.1,242,0,0,0
3478,log_145_1708942889.xes,0.3,na,[],0,0,0,0,gradual_start,[],[],2420,0.1,242,0,0,0
3479,log_145_1708942889.xes,0.3,na,[],0,0,0,0,gradual_end,[],[],2420,0.1,242,0,0,0
3480,log_334_1708942888.xes,0.0,na,"['sudden', 'gradual', 'sudden']",3,4,2,1,no_drift,[],[],6963,0.1,696,0,0,0
3481,log_334_1708942888.xes,0.0,na,"['sudden', 'gradual', 'sudden']",3,4,2,1,sudden,"[1719, 5697]",[5645],6963,0.1,696,1,0,2
3482,log_334_1708942888.xes,0.0,na,"['sudden', 'gradual', 'sudden']",3,4,2,1,gradual_start,[3595],[],6963,0.1,696,0,0,1
3483,log_334_1708942888.xes,0.0,na,"['sudden', 'gradual', 'sudden']",3,4,2,1,gradual_end,[4146],[],6963,0.1,696,0,0,1
3484,log_417_1708942893.xes,0.0,na,"['gradual', 'gradual']",2,4,0,2,no_drift,[],[0],4945,0.1,494,0,1,0
3485,log_417_1708942893.xes,0.0,na,"['gradual', 'gradual']",2,4,0,2,sudden,[],[],4945,0.1,494,0,0,0
3486,log_417_1708942893.xes,0.0,na,"['gradual', 'gradual']",2,4,0,2,gradual_start,"[1909, 3421]",[],4945,0.1,494,0,0,2
3487,log_417_1708942893.xes,0.0,na,"['gradual', 'gradual']",2,4,0,2,gradual_end,"[2336, 3730]",[],4945,0.1,494,0,0,2
3488,log_71_1708942897.xes,0.0,na,"['gradual', 'gradual']",2,4,0,2,no_drift,[],[],6243,0.1,624,0,0,0
3489,log_71_1708942897.xes,0.0,na,"['gradual', 'gradual']",2,4,0,2,sudden,[],[],6243,0.1,624,0,0,0
3490,log_71_1708942897.xes,0.0,na,"['gradual', 'gradual']",2,4,0,2,gradual_start,"[1719, 4257]",[4248],6243,0.1,624,1,0,2
3491,log_71_1708942897.xes,0.0,na,"['gradual', 'gradual']",2,4,0,2,gradual_end,"[2312, 4851]",[4961],6243,0.1,624,1,0,2
3492,log_298_1708942896.xes,0.3,na,"['sudden', 'sudden']",2,2,2,0,no_drift,[],[],4511,0.1,451,0,0,0
3493,log_298_1708942896.xes,0.3,na,"['sudden', 'sudden']",2,2,2,0,sudden,"[1232, 3100]","[3081, 1211]",4511,0.1,451,2,0,2
3494,log_298_1708942896.xes,0.3,na,"['sudden', 'sudden']",2,2,2,0,gradual_start,[],[],4511,0.1,451,0,0,0
3495,log_298_1708942896.xes,0.3,na,"['sudden', 'sudden']",2,2,2,0,gradual_end,[],[],4511,0.1,451,0,0,0
3496,log_227_1708942901.xes,0.3,na,[],0,0,0,0,no_drift,[0],[0],1316,0.1,131,1,0,1
3497,log_227_1708942901.xes,0.3,na,[],0,0,0,0,sudden,[],[],1316,0.1,131,0,0,0
3498,log_227_1708942901.xes,0.3,na,[],0,0,0,0,gradual_start,[],[],1316,0.1,131,0,0,0
3499,log_227_1708942901.xes,0.3,na,[],0,0,0,0,gradual_end,[],[],1316,0.1,131,0,0,0
3500,log_1218_1708942898.xes,0.6,na,['gradual'],1,2,0,1,no_drift,[],[],3715,0.1,371,0,0,0
3501,log_1218_1708942898.xes,0.6,na,['gradual'],1,2,0,1,sudden,[],[],3715,0.1,371,0,0,0
3502,log_1218_1708942898.xes,0.6,na,['gradual'],1,2,0,1,gradual_start,[1533],[1531],3715,0.1,371,1,0,1
3503,log_1218_1708942898.xes,0.6,na,['gradual'],1,2,0,1,gradual_end,[1913],[1891],3715,0.1,371,1,0,1
3504,log_146_1708942900.xes,0.0,na,['sudden'],1,1,1,0,no_drift,[],[],2600,0.1,260,0,0,0
3505,log_146_1708942900.xes,0.0,na,['sudden'],1,1,1,0,sudden,[1597],[1574],2600,0.1,260,1,0,1
3506,log_146_1708942900.xes,0.0,na,['sudden'],1,1,1,0,gradual_start,[],[],2600,0.1,260,0,0,0
3507,log_146_1708942900.xes,0.0,na,['sudden'],1,1,1,0,gradual_end,[],[],2600,0.1,260,0,0,0
3508,log_824_1708942899.xes,0.0,na,"['gradual', 'gradual', 'gradual']",3,6,0,3,no_drift,[],[],7468,0.1,746,0,0,0
3509,log_824_1708942899.xes,0.0,na,"['gradual', 'gradual', 'gradual']",3,6,0,3,sudden,[],[],7468,0.1,746,0,0,0
3510,log_824_1708942899.xes,0.0,na,"['gradual', 'gradual', 'gradual']",3,6,0,3,gradual_start,"[1310, 3603, 5922]",[1259],7468,0.1,746,1,0,3
3511,log_824_1708942899.xes,0.0,na,"['gradual', 'gradual', 'gradual']",3,6,0,3,gradual_end,"[1650, 3947, 6279]",[1629],7468,0.1,746,1,0,3
3512,log_1141_1708942896.xes,0.0,na,['sudden'],1,1,1,0,no_drift,[],[],3220,0.1,322,0,0,0
3513,log_1141_1708942896.xes,0.0,na,['sudden'],1,1,1,0,sudden,[1758],[1745],3220,0.1,322,1,0,1
3514,log_1141_1708942896.xes,0.0,na,['sudden'],1,1,1,0,gradual_start,[],[],3220,0.1,322,0,0,0
3515,log_1141_1708942896.xes,0.0,na,['sudden'],1,1,1,0,gradual_end,[],[],3220,0.1,322,0,0,0
3516,log_869_1708942891.xes,0.3,na,['gradual'],1,2,0,1,no_drift,[],[],3416,0.1,341,0,0,0
3517,log_869_1708942891.xes,0.3,na,['gradual'],1,2,0,1,sudden,[],[],3416,0.1,341,0,0,0
3518,log_869_1708942891.xes,0.3,na,['gradual'],1,2,0,1,gradual_start,[1651],[1650],3416,0.1,341,1,0,1
3519,log_869_1708942891.xes,0.3,na,['gradual'],1,2,0,1,gradual_end,[2243],[2228],3416,0.1,341,1,0,1
3520,log_263_1708942892.xes,0.3,na,"['gradual', 'sudden']",2,3,1,1,no_drift,[],[],4461,0.1,446,0,0,0
3521,log_263_1708942892.xes,0.3,na,"['gradual', 'sudden']",2,3,1,1,sudden,[2651],[2619],4461,0.1,446,1,0,1
3522,log_263_1708942892.xes,0.3,na,"['gradual', 'sudden']",2,3,1,1,gradual_start,[1033],[1057],4461,0.1,446,1,0,1
3523,log_263_1708942892.xes,0.3,na,"['gradual', 'sudden']",2,3,1,1,gradual_end,[1615],[1585],4461,0.1,446,1,0,1
3524,log_1219_1708942901.xes,0.0,na,['sudden'],1,1,1,0,no_drift,[],[],3411,0.1,341,0,0,0
3525,log_1219_1708942901.xes,0.0,na,['sudden'],1,1,1,0,sudden,[1653],[1650],3411,0.1,341,1,0,1
3526,log_1219_1708942901.xes,0.0,na,['sudden'],1,1,1,0,gradual_start,[],[],3411,0.1,341,0,0,0
3527,log_1219_1708942901.xes,0.0,na,['sudden'],1,1,1,0,gradual_end,[],[],3411,0.1,341,0,0,0
3528,log_1029_1708942897.xes,0.0,na,"['gradual', 'sudden', 'gradual']",3,5,1,2,no_drift,[],[],7180,0.1,718,0,0,0
3529,log_1029_1708942897.xes,0.0,na,"['gradual', 'sudden', 'gradual']",3,5,1,2,sudden,[3960],[3956],7180,0.1,718,1,0,1
3530,log_1029_1708942897.xes,0.0,na,"['gradual', 'sudden', 'gradual']",3,5,1,2,gradual_start,"[1609, 5375]",[5356],7180,0.1,718,1,0,2
3531,log_1029_1708942897.xes,0.0,na,"['gradual', 'sudden', 'gradual']",3,5,1,2,gradual_end,"[2175, 5907]",[5916],7180,0.1,718,1,0,2
3532,log_757_1708942894.xes,0.6,na,"['gradual', 'gradual', 'gradual']",3,6,0,3,no_drift,[],[],7248,0.1,724,0,0,0
3533,log_757_1708942894.xes,0.6,na,"['gradual', 'gradual', 'gradual']",3,6,0,3,sudden,[],[],7248,0.1,724,0,0,0
3534,log_757_1708942894.xes,0.6,na,"['gradual', 'gradual', 'gradual']",3,6,0,3,gradual_start,"[1281, 3627, 5610]","[5617, 3529, 1261]",7248,0.1,724,3,0,3
3535,log_757_1708942894.xes,0.6,na,"['gradual', 'gradual', 'gradual']",3,6,0,3,gradual_end,"[1739, 3946, 5930]","[5977, 3889, 1729]",7248,0.1,724,3,0,3
3536,log_299_1708942901.xes,0.6,na,"['sudden', 'gradual']",2,3,1,1,no_drift,[],[],4036,0.1,403,0,0,0
3537,log_299_1708942901.xes,0.6,na,"['sudden', 'gradual']",2,3,1,1,sudden,[1214],[1201],4036,0.1,403,1,0,1
3538,log_299_1708942901.xes,0.6,na,"['sudden', 'gradual']",2,3,1,1,gradual_start,[2428],[2421],4036,0.1,403,1,0,1
3539,log_299_1708942901.xes,0.6,na,"['sudden', 'gradual']",2,3,1,1,gradual_end,[2800],[2781],4036,0.1,403,1,0,1
3540,log_1104_1708942895.xes,0.6,na,"['sudden', 'sudden', 'sudden']",3,3,3,0,no_drift,[],[],6950,0.1,695,0,0,0
3541,log_1104_1708942895.xes,0.6,na,"['sudden', 'sudden', 'sudden']",3,3,3,0,sudden,"[1933, 3406, 4971]","[1871, 4965, 3401]",6950,0.1,695,3,0,3
3542,log_1104_1708942895.xes,0.6,na,"['sudden', 'sudden', 'sudden']",3,3,3,0,gradual_start,[],[],6950,0.1,695,0,0,0
3543,log_1104_1708942895.xes,0.6,na,"['sudden', 'sudden', 'sudden']",3,3,3,0,gradual_end,[],[],6950,0.1,695,0,0,0
3544,log_300_1708942903.xes,0.0,na,['sudden'],1,1,1,0,no_drift,[],[],2868,0.1,286,0,0,0
3545,log_300_1708942903.xes,0.0,na,['sudden'],1,1,1,0,sudden,[1080],[1051],2868,0.1,286,1,0,1
3546,log_300_1708942903.xes,0.0,na,['sudden'],1,1,1,0,gradual_start,[],[],2868,0.1,286,0,0,0
3547,log_300_1708942903.xes,0.0,na,['sudden'],1,1,1,0,gradual_end,[],[],2868,0.1,286,0,0,0
3548,log_719_1708942896.xes,0.3,na,['gradual'],1,2,0,1,no_drift,[],[],3721,0.1,372,0,0,0
3549,log_719_1708942896.xes,0.3,na,['gradual'],1,2,0,1,sudden,[],[],3721,0.1,372,0,0,0
3550,log_719_1708942896.xes,0.3,na,['gradual'],1,2,0,1,gradual_start,[1703],[1675],3721,0.1,372,1,0,1
3551,log_719_1708942896.xes,0.3,na,['gradual'],1,2,0,1,gradual_end,[2178],[2179],3721,0.1,372,1,0,1
3552,log_1220_1708942902.xes,0.3,na,[],0,0,0,0,no_drift,[0],[0],3108,0.1,310,1,0,1
3553,log_1220_1708942902.xes,0.3,na,[],0,0,0,0,sudden,[],[],3108,0.1,310,0,0,0
3554,log_1220_1708942902.xes,0.3,na,[],0,0,0,0,gradual_start,[],[],3108,0.1,310,0,0,0
3555,log_1220_1708942902.xes,0.3,na,[],0,0,0,0,gradual_end,[],[],3108,0.1,310,0,0,0
3556,log_1065_1708942892.xes,0.6,na,"['sudden', 'sudden', 'gradual']",3,4,2,1,no_drift,[],[],6331,0.1,633,0,0,0
3557,log_1065_1708942892.xes,0.6,na,"['sudden', 'sudden', 'gradual']",3,4,2,1,sudden,"[1400, 2630]","[2636, 1396]",6331,0.1,633,2,0,2
3558,log_1065_1708942892.xes,0.6,na,"['sudden', 'sudden', 'gradual']",3,4,2,1,gradual_start,[3765],[3752],6331,0.1,633,1,0,1
3559,log_1065_1708942892.xes,0.6,na,"['sudden', 'sudden', 'gradual']",3,4,2,1,gradual_end,[4336],[4310],6331,0.1,633,1,0,1
3560,log_952_1708942885.xes,0.6,na,"['gradual', 'sudden', 'gradual']",3,5,1,2,no_drift,[],[],7221,0.1,722,0,0,0
3561,log_952_1708942885.xes,0.6,na,"['gradual', 'sudden', 'gradual']",3,5,1,2,sudden,[3300],[3277],7221,0.1,722,1,0,1
3562,log_952_1708942885.xes,0.6,na,"['gradual', 'sudden', 'gradual']",3,5,1,2,gradual_start,"[1107, 5127]",[],7221,0.1,722,0,0,2
3563,log_952_1708942885.xes,0.6,na,"['gradual', 'sudden', 'gradual']",3,5,1,2,gradual_end,"[1701, 5629]",[],7221,0.1,722,0,0,2
3564,log_491_1708942897.xes,0.0,na,"['gradual', 'gradual', 'gradual']",3,6,0,3,no_drift,[],[],7513,0.1,751,0,0,0
3565,log_491_1708942897.xes,0.0,na,"['gradual', 'gradual', 'gradual']",3,6,0,3,sudden,[],[],7513,0.1,751,0,0,0
3566,log_491_1708942897.xes,0.0,na,"['gradual', 'gradual', 'gradual']",3,6,0,3,gradual_start,"[1961, 4281, 5635]","[4256, 5625, 1888]",7513,0.1,751,3,0,3
3567,log_491_1708942897.xes,0.0,na,"['gradual', 'gradual', 'gradual']",3,6,0,3,gradual_end,"[2510, 4626, 5984]","[4626, 5995, 2517]",7513,0.1,751,3,0,3
3568,log_418_1708942899.xes,0.0,na,['gradual'],1,2,0,1,no_drift,[],[],3612,0.1,361,0,0,0
3569,log_418_1708942899.xes,0.0,na,['gradual'],1,2,0,1,sudden,[],[],3612,0.1,361,0,0,0
3570,log_418_1708942899.xes,0.0,na,['gradual'],1,2,0,1,gradual_start,[1656],[1603],3612,0.1,361,1,0,1
3571,log_418_1708942899.xes,0.0,na,['gradual'],1,2,0,1,gradual_end,[2081],[2143],3612,0.1,361,1,0,1
3572,log_953_1708942901.xes,0.6,na,['sudden'],1,1,1,0,no_drift,[],[0],3293,0.1,329,0,1,0
3573,log_953_1708942901.xes,0.6,na,['sudden'],1,1,1,0,sudden,[1538],[],3293,0.1,329,0,0,1
3574,log_953_1708942901.xes,0.6,na,['sudden'],1,1,1,0,gradual_start,[],[],3293,0.1,329,0,0,0
3575,log_953_1708942901.xes,0.6,na,['sudden'],1,1,1,0,gradual_end,[],[],3293,0.1,329,0,0,0
3576,log_228_1708942902.xes,0.0,na,[],0,0,0,0,no_drift,[0],[0],3544,0.1,354,1,0,1
3577,log_228_1708942902.xes,0.0,na,[],0,0,0,0,sudden,[],[],3544,0.1,354,0,0,0
3578,log_228_1708942902.xes,0.0,na,[],0,0,0,0,gradual_start,[],[],3544,0.1,354,0,0,0
3579,log_228_1708942902.xes,0.0,na,[],0,0,0,0,gradual_end,[],[],3544,0.1,354,0,0,0
3580,log_720_1708942903.xes,0.0,na,['sudden'],1,1,1,0,no_drift,[],[],3255,0.1,325,0,0,0
3581,log_720_1708942903.xes,0.0,na,['sudden'],1,1,1,0,sudden,[1643],[1617],3255,0.1,325,1,0,1
3582,log_720_1708942903.xes,0.0,na,['sudden'],1,1,1,0,gradual_start,[],[],3255,0.1,325,0,0,0
3583,log_720_1708942903.xes,0.0,na,['sudden'],1,1,1,0,gradual_end,[],[],3255,0.1,325,0,0,0
3584,log_1179_1708942897.xes,0.6,na,"['gradual', 'sudden']",2,3,1,1,no_drift,[],[],5852,0.1,585,0,0,0
3585,log_1179_1708942897.xes,0.6,na,"['gradual', 'sudden']",2,3,1,1,sudden,[3856],[3829],5852,0.1,585,1,0,1
3586,log_1179_1708942897.xes,0.6,na,"['gradual', 'sudden']",2,3,1,1,gradual_start,[1631],[],5852,0.1,585,0,0,1
3587,log_1179_1708942897.xes,0.6,na,"['gradual', 'sudden']",2,3,1,1,gradual_end,[1997],[],5852,0.1,585,0,0,1
3588,log_991_1708942895.xes,0.3,na,[],0,0,0,0,no_drift,[0],[0],4107,0.1,410,1,0,1
3589,log_991_1708942895.xes,0.3,na,[],0,0,0,0,sudden,[],[],4107,0.1,410,0,0,0
3590,log_991_1708942895.xes,0.3,na,[],0,0,0,0,gradual_start,[],[],4107,0.1,410,0,0,0
3591,log_991_1708942895.xes,0.3,na,[],0,0,0,0,gradual_end,[],[],4107,0.1,410,0,0,0
3592,log_825_1708942902.xes,0.3,na,"['sudden', 'sudden', 'gradual']",3,4,2,1,no_drift,[],[],6990,0.1,699,0,0,0
3593,log_825_1708942902.xes,0.3,na,"['sudden', 'sudden', 'gradual']",3,4,2,1,sudden,"[1232, 2981]",[1191],6990,0.1,699,1,0,2
3594,log_825_1708942902.xes,0.3,na,"['sudden', 'sudden', 'gradual']",3,4,2,1,gradual_start,[4705],[],6990,0.1,699,0,0,1
3595,log_825_1708942902.xes,0.3,na,"['sudden', 'sudden', 'gradual']",3,4,2,1,gradual_end,[5232],[],6990,0.1,699,0,0,1
3596,log_1105_1708942902.xes,0.0,na,[],0,0,0,0,no_drift,[0],[0],5442,0.1,544,1,0,1
3597,log_1105_1708942902.xes,0.0,na,[],0,0,0,0,sudden,[],[],5442,0.1,544,0,0,0
3598,log_1105_1708942902.xes,0.0,na,[],0,0,0,0,gradual_start,[],[],5442,0.1,544,0,0,0
3599,log_1105_1708942902.xes,0.0,na,[],0,0,0,0,gradual_end,[],[],5442,0.1,544,0,0,0
3600,log_1030_1708942904.xes,0.3,na,['sudden'],1,1,1,0,no_drift,[],[],3265,0.1,326,0,0,0
3601,log_1030_1708942904.xes,0.3,na,['sudden'],1,1,1,0,sudden,[1851],[1841],3265,0.1,326,1,0,1
3602,log_1030_1708942904.xes,0.3,na,['sudden'],1,1,1,0,gradual_start,[],[],3265,0.1,326,0,0,0
3603,log_1030_1708942904.xes,0.3,na,['sudden'],1,1,1,0,gradual_end,[],[],3265,0.1,326,0,0,0
3604,log_523_1708942905.xes,0.0,na,['sudden'],1,1,1,0,no_drift,[],[0],2218,0.1,221,0,1,0
3605,log_523_1708942905.xes,0.0,na,['sudden'],1,1,1,0,sudden,[1162],[],2218,0.1,221,0,0,1
3606,log_523_1708942905.xes,0.0,na,['sudden'],1,1,1,0,gradual_start,[],[],2218,0.1,221,0,0,0
3607,log_523_1708942905.xes,0.0,na,['sudden'],1,1,1,0,gradual_end,[],[],2218,0.1,221,0,0,0
3608,log_147_1708942902.xes,0.6,na,"['sudden', 'sudden']",2,2,2,0,no_drift,[],[],3888,0.1,388,0,0,0
3609,log_147_1708942902.xes,0.6,na,"['sudden', 'sudden']",2,2,2,0,sudden,"[1042, 2187]",[2167],3888,0.1,388,1,0,2
3610,log_147_1708942902.xes,0.6,na,"['sudden', 'sudden']",2,2,2,0,gradual_start,[],[],3888,0.1,388,0,0,0
3611,log_147_1708942902.xes,0.6,na,"['sudden', 'sudden']",2,2,2,0,gradual_end,[],[],3888,0.1,388,0,0,0
3612,log_1369_1708942905.xes,0.0,na,[],0,0,0,0,no_drift,[0],[0],3830,0.1,383,1,0,1
3613,log_1369_1708942905.xes,0.0,na,[],0,0,0,0,sudden,[],[],3830,0.1,383,0,0,0
3614,log_1369_1708942905.xes,0.0,na,[],0,0,0,0,gradual_start,[],[],3830,0.1,383,0,0,0
3615,log_1369_1708942905.xes,0.0,na,[],0,0,0,0,gradual_end,[],[],3830,0.1,383,0,0,0
3616,log_798_1708942898.xes,0.6,na,"['gradual', 'sudden', 'gradual']",3,5,1,2,no_drift,[],[],6662,0.1,666,0,0,0
3617,log_798_1708942898.xes,0.6,na,"['gradual', 'sudden', 'gradual']",3,5,1,2,sudden,[3016],[3004],6662,0.1,666,1,0,1
3618,log_798_1708942898.xes,0.6,na,"['gradual', 'sudden', 'gradual']",3,5,1,2,gradual_start,"[1074, 4347]",[],6662,0.1,666,0,0,2
3619,log_798_1708942898.xes,0.6,na,"['gradual', 'sudden', 'gradual']",3,5,1,2,gradual_end,"[1527, 4847]",[],6662,0.1,666,0,0,2
3620,log_1293_1708942899.xes,0.6,na,"['sudden', 'gradual']",2,3,1,1,no_drift,[],[],5200,0.1,520,0,0,0
3621,log_1293_1708942899.xes,0.6,na,"['sudden', 'gradual']",2,3,1,1,sudden,[1639],[1587],5200,0.1,520,1,0,1
3622,log_1293_1708942899.xes,0.6,na,"['sudden', 'gradual']",2,3,1,1,gradual_start,[2909],[2913],5200,0.1,520,1,0,1
3623,log_1293_1708942899.xes,0.6,na,"['sudden', 'gradual']",2,3,1,1,gradual_end,[3493],[3485],5200,0.1,520,1,0,1
3624,log_870_1708942899.xes,0.0,na,"['gradual', 'gradual', 'sudden']",3,5,1,2,no_drift,[],[],7066,0.1,706,0,0,0
3625,log_870_1708942899.xes,0.0,na,"['gradual', 'gradual', 'sudden']",3,5,1,2,sudden,[5401],[5356],7066,0.1,706,1,0,1
3626,log_870_1708942899.xes,0.0,na,"['gradual', 'gradual', 'sudden']",3,5,1,2,gradual_start,"[1541, 3883]",[3851],7066,0.1,706,1,0,2
3627,log_870_1708942899.xes,0.0,na,"['gradual', 'gradual', 'sudden']",3,5,1,2,gradual_end,"[2014, 4303]",[4271],7066,0.1,706,1,0,2
3628,log_1294_1708942906.xes,0.0,na,"['gradual', 'sudden', 'sudden']",3,4,2,1,no_drift,[],[],6942,0.1,694,0,0,0
3629,log_1294_1708942906.xes,0.0,na,"['gradual', 'sudden', 'sudden']",3,4,2,1,sudden,"[3920, 5444]",[5407],6942,0.1,694,1,0,2
3630,log_1294_1708942906.xes,0.0,na,"['gradual', 'sudden', 'sudden']",3,4,2,1,gradual_start,[1919],[],6942,0.1,694,0,0,1
3631,log_1294_1708942906.xes,0.0,na,"['gradual', 'sudden', 'sudden']",3,4,2,1,gradual_end,[2231],[],6942,0.1,694,0,0,1
3632,log_1031_1708942906.xes,0.0,na,"['gradual', 'gradual']",2,4,0,2,no_drift,[],[],4750,0.1,475,0,0,0
3633,log_1031_1708942906.xes,0.0,na,"['gradual', 'gradual']",2,4,0,2,sudden,[],[],4750,0.1,475,0,0,0
3634,log_1031_1708942906.xes,0.0,na,"['gradual', 'gradual']",2,4,0,2,gradual_start,"[1099, 2580]","[2577, 1082]",4750,0.1,475,2,0,2
3635,log_1031_1708942906.xes,0.0,na,"['gradual', 'gradual']",2,4,0,2,gradual_end,"[1531, 3130]","[3083, 1496]",4750,0.1,475,2,0,2
3636,log_721_1708942905.xes,0.0,na,['sudden'],1,1,1,0,no_drift,[],[],2266,0.1,226,0,0,0
3637,log_721_1708942905.xes,0.0,na,['sudden'],1,1,1,0,sudden,[1014],[1002],2266,0.1,226,1,0,1
3638,log_721_1708942905.xes,0.0,na,['sudden'],1,1,1,0,gradual_start,[],[],2266,0.1,226,0,0,0
3639,log_721_1708942905.xes,0.0,na,['sudden'],1,1,1,0,gradual_end,[],[],2266,0.1,226,0,0,0
3640,log_722_1708942907.xes,0.0,na,[],0,0,0,0,no_drift,[0],[0],3249,0.1,324,1,0,1
3641,log_722_1708942907.xes,0.0,na,[],0,0,0,0,sudden,[],[],3249,0.1,324,0,0,0
3642,log_722_1708942907.xes,0.0,na,[],0,0,0,0,gradual_start,[],[],3249,0.1,324,0,0,0
3643,log_722_1708942907.xes,0.0,na,[],0,0,0,0,gradual_end,[],[],3249,0.1,324,0,0,0
3644,log_1142_1708942901.xes,0.6,na,"['gradual', 'sudden', 'sudden']",3,4,2,1,no_drift,[],[],6892,0.1,689,0,0,0
3645,log_1142_1708942901.xes,0.6,na,"['gradual', 'sudden', 'sudden']",3,4,2,1,sudden,"[3275, 5069]","[4999, 3231]",6892,0.1,689,2,0,2
3646,log_1142_1708942901.xes,0.6,na,"['gradual', 'sudden', 'sudden']",3,4,2,1,gradual_start,[1534],[],6892,0.1,689,0,0,1
3647,log_1142_1708942901.xes,0.6,na,"['gradual', 'sudden', 'sudden']",3,4,2,1,gradual_end,[2084],[],6892,0.1,689,0,0,1
3648,log_301_1708942905.xes,0.0,na,[],0,0,0,0,no_drift,[0],[0],3174,0.1,317,1,0,1
3649,log_301_1708942905.xes,0.0,na,[],0,0,0,0,sudden,[],[],3174,0.1,317,0,0,0
3650,log_301_1708942905.xes,0.0,na,[],0,0,0,0,gradual_start,[],[],3174,0.1,317,0,0,0
3651,log_301_1708942905.xes,0.0,na,[],0,0,0,0,gradual_end,[],[],3174,0.1,317,0,0,0
3652,log_1066_1708942905.xes,0.3,na,[],0,0,0,0,no_drift,[0],[0],5466,0.1,546,1,0,1
3653,log_1066_1708942905.xes,0.3,na,[],0,0,0,0,sudden,[],[],5466,0.1,546,0,0,0
3654,log_1066_1708942905.xes,0.3,na,[],0,0,0,0,gradual_start,[],[],5466,0.1,546,0,0,0
3655,log_1066_1708942905.xes,0.3,na,[],0,0,0,0,gradual_end,[],[],5466,0.1,546,0,0,0
3656,log_1256_1708942908.xes,0.0,na,['sudden'],1,1,1,0,no_drift,[],[],3186,0.1,318,0,0,0
3657,log_1256_1708942908.xes,0.0,na,['sudden'],1,1,1,0,sudden,[1992],[1981],3186,0.1,318,1,0,1
3658,log_1256_1708942908.xes,0.0,na,['sudden'],1,1,1,0,gradual_start,[],[],3186,0.1,318,0,0,0
3659,log_1256_1708942908.xes,0.0,na,['sudden'],1,1,1,0,gradual_end,[],[],3186,0.1,318,0,0,0
3660,log_1221_1708942904.xes,0.3,na,[],0,0,0,0,no_drift,[0],[0],3028,0.1,302,1,0,1
3661,log_1221_1708942904.xes,0.3,na,[],0,0,0,0,sudden,[],[],3028,0.1,302,0,0,0
3662,log_1221_1708942904.xes,0.3,na,[],0,0,0,0,gradual_start,[],[],3028,0.1,302,0,0,0
3663,log_1221_1708942904.xes,0.3,na,[],0,0,0,0,gradual_end,[],[],3028,0.1,302,0,0,0
3664,log_1255_1708942898.xes,0.0,na,"['sudden', 'sudden', 'gradual']",3,4,2,1,no_drift,[],[],6637,0.1,663,0,0,0
3665,log_1255_1708942898.xes,0.0,na,"['sudden', 'sudden', 'gradual']",3,4,2,1,sudden,"[1920, 3589]",[1915],6637,0.1,663,1,0,2
3666,log_1255_1708942898.xes,0.0,na,"['sudden', 'sudden', 'gradual']",3,4,2,1,gradual_start,[5074],[],6637,0.1,663,0,0,1
3667,log_1255_1708942898.xes,0.0,na,"['sudden', 'sudden', 'gradual']",3,4,2,1,gradual_end,[5420],[],6637,0.1,663,0,0,1
3668,log_678_1708942900.xes,0.0,na,"['sudden', 'gradual', 'sudden']",3,4,2,1,no_drift,[],[],6630,0.1,663,0,0,0
3669,log_678_1708942900.xes,0.0,na,"['sudden', 'gradual', 'sudden']",3,4,2,1,sudden,"[1133, 5184]","[5149, 1090]",6630,0.1,663,2,0,2
3670,log_678_1708942900.xes,0.0,na,"['sudden', 'gradual', 'sudden']",3,4,2,1,gradual_start,[2670],[],6630,0.1,663,0,0,1
3671,log_678_1708942900.xes,0.0,na,"['sudden', 'gradual', 'sudden']",3,4,2,1,gradual_end,[3255],[],6630,0.1,663,0,0,1
3672,log_1370_1708942907.xes,0.6,na,[],0,0,0,0,no_drift,[0],[0],3222,0.1,322,1,0,1
3673,log_1370_1708942907.xes,0.6,na,[],0,0,0,0,sudden,[],[],3222,0.1,322,0,0,0
3674,log_1370_1708942907.xes,0.6,na,[],0,0,0,0,gradual_start,[],[],3222,0.1,322,0,0,0
3675,log_1370_1708942907.xes,0.6,na,[],0,0,0,0,gradual_end,[],[],3222,0.1,322,0,0,0
3676,log_522_1708942888.xes,0.0,na,"['sudden', 'sudden', 'gradual']",3,4,2,1,no_drift,[],[],7700,0.1,770,0,0,0
3677,log_522_1708942888.xes,0.0,na,"['sudden', 'sudden', 'gradual']",3,4,2,1,sudden,"[1623, 3336]",[],7700,0.1,770,0,0,2
3678,log_522_1708942888.xes,0.0,na,"['sudden', 'sudden', 'gradual']",3,4,2,1,gradual_start,[5305],[5283],7700,0.1,770,1,0,1
3679,log_522_1708942888.xes,0.0,na,"['sudden', 'sudden', 'gradual']",3,4,2,1,gradual_end,[5852],[5777],7700,0.1,770,1,0,1
3680,log_302_1708942907.xes,0.0,na,[],0,0,0,0,no_drift,[0],[0],5538,0.1,553,1,0,1
3681,log_302_1708942907.xes,0.0,na,[],0,0,0,0,sudden,[],[],5538,0.1,553,0,0,0
3682,log_302_1708942907.xes,0.0,na,[],0,0,0,0,gradual_start,[],[],5538,0.1,553,0,0,0
3683,log_302_1708942907.xes,0.0,na,[],0,0,0,0,gradual_end,[],[],5538,0.1,553,0,0,0
3684,log_72_1708942901.xes,0.3,na,"['gradual', 'gradual']",2,4,0,2,no_drift,[],[],5953,0.1,595,0,0,0
3685,log_72_1708942901.xes,0.3,na,"['gradual', 'gradual']",2,4,0,2,sudden,[],[],5953,0.1,595,0,0,0
3686,log_72_1708942901.xes,0.3,na,"['gradual', 'gradual']",2,4,0,2,gradual_start,"[1450, 3634]",[1422],5953,0.1,595,1,0,2
3687,log_72_1708942901.xes,0.3,na,"['gradual', 'gradual']",2,4,0,2,gradual_end,"[2024, 4019]",[2002],5953,0.1,595,1,0,2
3688,log_826_1708942907.xes,0.3,na,"['sudden', 'sudden', 'gradual']",3,4,2,1,no_drift,[],[],6232,0.1,623,0,0,0
3689,log_826_1708942907.xes,0.3,na,"['sudden', 'sudden', 'gradual']",3,4,2,1,sudden,"[1728, 3265]","[1706, 3256]",6232,0.1,623,2,0,2
3690,log_826_1708942907.xes,0.3,na,"['sudden', 'sudden', 'gradual']",3,4,2,1,gradual_start,[4308],[],6232,0.1,623,0,0,1
3691,log_826_1708942907.xes,0.3,na,"['sudden', 'sudden', 'gradual']",3,4,2,1,gradual_end,[4631],[],6232,0.1,623,0,0,1
3692,log_1180_1708942904.xes,0.3,na,"['sudden', 'gradual', 'gradual']",3,5,1,2,no_drift,[],[],7345,0.1,734,0,0,0
3693,log_1180_1708942904.xes,0.3,na,"['sudden', 'gradual', 'gradual']",3,5,1,2,sudden,[1975],[1945],7345,0.1,734,1,0,1
3694,log_1180_1708942904.xes,0.3,na,"['sudden', 'gradual', 'gradual']",3,5,1,2,gradual_start,"[2984, 5301]",[],7345,0.1,734,0,0,2
3695,log_1180_1708942904.xes,0.3,na,"['sudden', 'gradual', 'gradual']",3,5,1,2,gradual_end,"[3348, 5727]",[],7345,0.1,734,0,0,2
3696,log_1143_1708942909.xes,0.0,na,[],0,0,0,0,no_drift,[0],[0],1599,0.1,159,1,0,1
3697,log_1143_1708942909.xes,0.0,na,[],0,0,0,0,sudden,[],[],1599,0.1,159,0,0,0
3698,log_1143_1708942909.xes,0.0,na,[],0,0,0,0,gradual_start,[],[],1599,0.1,159,0,0,0
3699,log_1143_1708942909.xes,0.0,na,[],0,0,0,0,gradual_end,[],[],1599,0.1,159,0,0,0
3700,log_1407_1708942906.xes,0.6,na,"['sudden', 'sudden']",2,2,2,0,no_drift,[],[],4841,0.1,484,0,0,0
3701,log_1407_1708942906.xes,0.6,na,"['sudden', 'sudden']",2,2,2,0,sudden,"[1299, 3022]","[3001, 1273]",4841,0.1,484,2,0,2
3702,log_1407_1708942906.xes,0.6,na,"['sudden', 'sudden']",2,2,2,0,gradual_start,[],[],4841,0.1,484,0,0,0
3703,log_1407_1708942906.xes,0.6,na,"['sudden', 'sudden']",2,2,2,0,gradual_end,[],[],4841,0.1,484,0,0,0
3704,log_827_1708942910.xes,0.3,na,[],0,0,0,0,no_drift,[0],[0],2184,0.1,218,1,0,1
3705,log_827_1708942910.xes,0.3,na,[],0,0,0,0,sudden,[],[],2184,0.1,218,0,0,0
3706,log_827_1708942910.xes,0.3,na,[],0,0,0,0,gradual_start,[],[],2184,0.1,218,0,0,0
3707,log_827_1708942910.xes,0.3,na,[],0,0,0,0,gradual_end,[],[],2184,0.1,218,0,0,0
3708,log_1257_1708942909.xes,0.0,na,['gradual'],1,2,0,1,no_drift,[],[],3283,0.1,328,0,0,0
3709,log_1257_1708942909.xes,0.0,na,['gradual'],1,2,0,1,sudden,[],[],3283,0.1,328,0,0,0
3710,log_1257_1708942909.xes,0.0,na,['gradual'],1,2,0,1,gradual_start,[1622],[1617],3283,0.1,328,1,0,1
3711,log_1257_1708942909.xes,0.0,na,['gradual'],1,2,0,1,gradual_end,[2066],[2081],3283,0.1,328,1,0,1
3712,log_336_1708942910.xes,0.0,na,['sudden'],1,1,1,0,no_drift,[],[],2825,0.1,282,0,0,0
3713,log_336_1708942910.xes,0.0,na,['sudden'],1,1,1,0,sudden,[1528],[1527],2825,0.1,282,1,0,1
3714,log_336_1708942910.xes,0.0,na,['sudden'],1,1,1,0,gradual_start,[],[],2825,0.1,282,0,0,0
3715,log_336_1708942910.xes,0.0,na,['sudden'],1,1,1,0,gradual_end,[],[],2825,0.1,282,0,0,0
3716,log_1222_1708942908.xes,0.0,na,['sudden'],1,1,1,0,no_drift,[],[],2302,0.1,230,0,0,0
3717,log_1222_1708942908.xes,0.0,na,['sudden'],1,1,1,0,sudden,[1135],[1134],2302,0.1,230,1,0,1
3718,log_1222_1708942908.xes,0.0,na,['sudden'],1,1,1,0,gradual_start,[],[],2302,0.1,230,0,0,0
3719,log_1222_1708942908.xes,0.0,na,['sudden'],1,1,1,0,gradual_end,[],[],2302,0.1,230,0,0,0
3720,log_264_1708942902.xes,0.0,na,"['gradual', 'gradual', 'gradual']",3,6,0,3,no_drift,[],[],6707,0.1,670,0,0,0
3721,log_264_1708942902.xes,0.0,na,"['gradual', 'gradual', 'gradual']",3,6,0,3,sudden,[],[],6707,0.1,670,0,0,0
3722,log_264_1708942902.xes,0.0,na,"['gradual', 'gradual', 'gradual']",3,6,0,3,gradual_start,"[1360, 2866, 4452]","[4423, 1354]",6707,0.1,670,2,0,3
3723,log_264_1708942902.xes,0.0,na,"['gradual', 'gradual', 'gradual']",3,6,0,3,gradual_end,"[1783, 3272, 4865]","[4852, 1750]",6707,0.1,670,2,0,3
3724,log_335_1708942900.xes,0.3,na,"['sudden', 'gradual']",2,3,1,1,no_drift,[],[],5057,0.1,505,0,0,0
3725,log_335_1708942900.xes,0.3,na,"['sudden', 'gradual']",2,3,1,1,sudden,[1592],[1551],5057,0.1,505,1,0,1
3726,log_335_1708942900.xes,0.3,na,"['sudden', 'gradual']",2,3,1,1,gradual_start,[2918],[2901],5057,0.1,505,1,0,1
3727,log_335_1708942900.xes,0.3,na,"['sudden', 'gradual']",2,3,1,1,gradual_end,[3379],[3401],5057,0.1,505,1,0,1
3728,log_148_1708942907.xes,0.3,na,"['sudden', 'sudden']",2,2,2,0,no_drift,[],[],4342,0.1,434,0,0,0
3729,log_148_1708942907.xes,0.3,na,"['sudden', 'sudden']",2,2,2,0,sudden,"[1954, 3093]",[3088],4342,0.1,434,1,0,2
3730,log_148_1708942907.xes,0.3,na,"['sudden', 'sudden']",2,2,2,0,gradual_start,[],[],4342,0.1,434,0,0,0
3731,log_148_1708942907.xes,0.3,na,"['sudden', 'sudden']",2,2,2,0,gradual_end,[],[],4342,0.1,434,0,0,0
3732,log_871_1708942906.xes,0.0,na,"['gradual', 'gradual', 'sudden']",3,5,1,2,no_drift,[],[],6933,0.1,693,0,0,0
3733,log_871_1708942906.xes,0.0,na,"['gradual', 'gradual', 'sudden']",3,5,1,2,sudden,[5818],[],6933,0.1,693,0,0,1
3734,log_871_1708942906.xes,0.0,na,"['gradual', 'gradual', 'sudden']",3,5,1,2,gradual_start,"[1186, 3449]",[1157],6933,0.1,693,1,0,2
3735,log_871_1708942906.xes,0.0,na,"['gradual', 'gradual', 'sudden']",3,5,1,2,gradual_end,"[1486, 3893]",[1497],6933,0.1,693,1,0,2
3736,log_992_1708942903.xes,0.0,na,"['gradual', 'gradual']",2,4,0,2,no_drift,[],[],5480,0.1,548,0,0,0
3737,log_992_1708942903.xes,0.0,na,"['gradual', 'gradual']",2,4,0,2,sudden,[],[],5480,0.1,548,0,0,0
3738,log_992_1708942903.xes,0.0,na,"['gradual', 'gradual']",2,4,0,2,gradual_start,"[1996, 3476]",[3484],5480,0.1,548,1,0,2
3739,log_992_1708942903.xes,0.0,na,"['gradual', 'gradual']",2,4,0,2,gradual_end,"[2321, 4003]",[4024],5480,0.1,548,1,0,2
3740,log_1106_1708942905.xes,0.6,na,"['gradual', 'gradual']",2,4,0,2,no_drift,[],[],5654,0.1,565,0,0,0
3741,log_1106_1708942905.xes,0.6,na,"['gradual', 'gradual']",2,4,0,2,sudden,[],[],5654,0.1,565,0,0,0
3742,log_1106_1708942905.xes,0.6,na,"['gradual', 'gradual']",2,4,0,2,gradual_start,"[1377, 3234]",[3221],5654,0.1,565,1,0,2
3743,log_1106_1708942905.xes,0.6,na,"['gradual', 'gradual']",2,4,0,2,gradual_end,"[1748, 3785]",[3809],5654,0.1,565,1,0,2
3744,log_1181_1708942911.xes,0.6,na,[],0,0,0,0,no_drift,[0],[0],2934,0.1,293,1,0,1
3745,log_1181_1708942911.xes,0.6,na,[],0,0,0,0,sudden,[],[],2934,0.1,293,0,0,0
3746,log_1181_1708942911.xes,0.6,na,[],0,0,0,0,gradual_start,[],[],2934,0.1,293,0,0,0
3747,log_1181_1708942911.xes,0.6,na,[],0,0,0,0,gradual_end,[],[],2934,0.1,293,0,0,0
3748,log_1144_1708942911.xes,0.3,na,['gradual'],1,2,0,1,no_drift,[],[],3239,0.1,323,0,0,0
3749,log_1144_1708942911.xes,0.3,na,['gradual'],1,2,0,1,sudden,[],[],3239,0.1,323,0,0,0
3750,log_1144_1708942911.xes,0.3,na,['gradual'],1,2,0,1,gradual_start,[1665],[1681],3239,0.1,323,1,0,1
3751,log_1144_1708942911.xes,0.3,na,['gradual'],1,2,0,1,gradual_end,[2029],[2033],3239,0.1,323,1,0,1
3752,log_303_1708942910.xes,0.0,na,"['gradual', 'sudden', 'sudden']",3,4,2,1,no_drift,[],[],5803,0.1,580,0,0,0
3753,log_303_1708942910.xes,0.0,na,"['gradual', 'sudden', 'sudden']",3,4,2,1,sudden,"[3202, 4399]","[3191, 4380]",5803,0.1,580,2,0,2
3754,log_303_1708942910.xes,0.0,na,"['gradual', 'sudden', 'sudden']",3,4,2,1,gradual_start,[1119],[],5803,0.1,580,0,0,1
3755,log_303_1708942910.xes,0.0,na,"['gradual', 'sudden', 'sudden']",3,4,2,1,gradual_end,[1608],[],5803,0.1,580,0,0,1
3756,log_1445_1708942909.xes,0.0,na,"['gradual', 'sudden']",2,3,1,1,no_drift,[],[],5003,0.1,500,0,0,0
3757,log_1445_1708942909.xes,0.0,na,"['gradual', 'sudden']",2,3,1,1,sudden,[3083],[3076],5003,0.1,500,1,0,1
3758,log_1445_1708942909.xes,0.0,na,"['gradual', 'sudden']",2,3,1,1,gradual_start,[1550],[],5003,0.1,500,0,0,1
3759,log_1445_1708942909.xes,0.0,na,"['gradual', 'sudden']",2,3,1,1,gradual_end,[1922],[],5003,0.1,500,0,0,1
3760,log_525_1708942913.xes,0.3,na,[],0,0,0,0,no_drift,[0],[0],3642,0.1,364,1,0,1
3761,log_525_1708942913.xes,0.3,na,[],0,0,0,0,sudden,[],[],3642,0.1,364,0,0,0
3762,log_525_1708942913.xes,0.3,na,[],0,0,0,0,gradual_start,[],[],3642,0.1,364,0,0,0
3763,log_525_1708942913.xes,0.3,na,[],0,0,0,0,gradual_end,[],[],3642,0.1,364,0,0,0
3764,log_492_1708942906.xes,0.3,na,"['sudden', 'sudden', 'sudden']",3,3,3,0,no_drift,[],[],5432,0.1,543,0,0,0
3765,log_492_1708942906.xes,0.3,na,"['sudden', 'sudden', 'sudden']",3,3,3,0,sudden,"[1382, 2882, 4072]","[4051, 1351, 2863]",5432,0.1,543,3,0,3
3766,log_492_1708942906.xes,0.3,na,"['sudden', 'sudden', 'sudden']",3,3,3,0,gradual_start,[],[],5432,0.1,543,0,0,0
3767,log_492_1708942906.xes,0.3,na,"['sudden', 'sudden', 'sudden']",3,3,3,0,gradual_end,[],[],5432,0.1,543,0,0,0
3768,log_1258_1708942912.xes,0.6,na,['sudden'],1,1,1,0,no_drift,[],[],2523,0.1,252,0,0,0
3769,log_1258_1708942912.xes,0.6,na,['sudden'],1,1,1,0,sudden,[1460],[1441],2523,0.1,252,1,0,1
3770,log_1258_1708942912.xes,0.6,na,['sudden'],1,1,1,0,gradual_start,[],[],2523,0.1,252,0,0,0
3771,log_1258_1708942912.xes,0.6,na,['sudden'],1,1,1,0,gradual_end,[],[],2523,0.1,252,0,0,0
3772,log_524_1708942906.xes,0.3,na,"['gradual', 'sudden', 'gradual']",3,5,1,2,no_drift,[],[],6739,0.1,673,0,0,0
3773,log_524_1708942906.xes,0.3,na,"['gradual', 'sudden', 'gradual']",3,5,1,2,sudden,[3396],[],6739,0.1,673,0,0,1
3774,log_524_1708942906.xes,0.3,na,"['gradual', 'sudden', 'gradual']",3,5,1,2,gradual_start,"[1677, 4397]",[4390],6739,0.1,673,1,0,2
3775,log_524_1708942906.xes,0.3,na,"['gradual', 'sudden', 'gradual']",3,5,1,2,gradual_end,"[2145, 4860]",[4819],6739,0.1,673,1,0,2
3776,log_1259_1708942913.xes,0.3,na,[],0,0,0,0,no_drift,[0],[0],3104,0.1,310,1,0,1
3777,log_1259_1708942913.xes,0.3,na,[],0,0,0,0,sudden,[],[],3104,0.1,310,0,0,0
3778,log_1259_1708942913.xes,0.3,na,[],0,0,0,0,gradual_start,[],[],3104,0.1,310,0,0,0
3779,log_1259_1708942913.xes,0.3,na,[],0,0,0,0,gradual_end,[],[],3104,0.1,310,0,0,0
3780,log_1331_1708942903.xes,0.3,na,"['sudden', 'gradual', 'gradual']",3,5,1,2,no_drift,[],[],6845,0.1,684,0,0,0
3781,log_1331_1708942903.xes,0.3,na,"['sudden', 'gradual', 'gradual']",3,5,1,2,sudden,[1522],[1463],6845,0.1,684,1,0,1
3782,log_1331_1708942903.xes,0.3,na,"['sudden', 'gradual', 'gradual']",3,5,1,2,gradual_start,"[3132, 4930]",[3129],6845,0.1,684,1,0,2
3783,log_1331_1708942903.xes,0.3,na,"['sudden', 'gradual', 'gradual']",3,5,1,2,gradual_end,"[3515, 5366]",[3469],6845,0.1,684,1,0,2
3784,log_1182_1708942913.xes,0.0,na,[],0,0,0,0,no_drift,[0],[0],2580,0.1,258,1,0,1
3785,log_1182_1708942913.xes,0.0,na,[],0,0,0,0,sudden,[],[],2580,0.1,258,0,0,0
3786,log_1182_1708942913.xes,0.0,na,[],0,0,0,0,gradual_start,[],[],2580,0.1,258,0,0,0
3787,log_1182_1708942913.xes,0.0,na,[],0,0,0,0,gradual_end,[],[],2580,0.1,258,0,0,0
3788,log_73_1708942909.xes,0.6,na,"['sudden', 'gradual', 'gradual']",3,5,1,2,no_drift,[],[],6781,0.1,678,0,0,0
3789,log_73_1708942909.xes,0.6,na,"['sudden', 'gradual', 'gradual']",3,5,1,2,sudden,[1201],[1189],6781,0.1,678,1,0,1
3790,log_73_1708942909.xes,0.6,na,"['sudden', 'gradual', 'gradual']",3,5,1,2,gradual_start,"[3136, 4556]",[3103],6781,0.1,678,1,0,2
3791,log_73_1708942909.xes,0.6,na,"['sudden', 'gradual', 'gradual']",3,5,1,2,gradual_end,"[3474, 4888]",[3499],6781,0.1,678,1,0,2
3792,log_679_1708942911.xes,0.6,na,"['gradual', 'gradual', 'sudden']",3,5,1,2,no_drift,[],[],6929,0.1,692,0,0,0
3793,log_679_1708942911.xes,0.6,na,"['gradual', 'gradual', 'sudden']",3,5,1,2,sudden,[4989],[],6929,0.1,692,0,0,1
3794,log_679_1708942911.xes,0.6,na,"['gradual', 'gradual', 'sudden']",3,5,1,2,gradual_start,"[1086, 2897]","[2857, 1055]",6929,0.1,692,2,0,2
3795,log_679_1708942911.xes,0.6,na,"['gradual', 'gradual', 'sudden']",3,5,1,2,gradual_end,"[1667, 3272]","[3265, 1667]",6929,0.1,692,2,0,2
3796,log_1067_1708942908.xes,0.0,na,"['sudden', 'gradual', 'gradual']",3,5,1,2,no_drift,[],[],6917,0.1,691,0,0,0
3797,log_1067_1708942908.xes,0.0,na,"['sudden', 'gradual', 'gradual']",3,5,1,2,sudden,[1443],[],6917,0.1,691,0,0,1
3798,log_1067_1708942908.xes,0.0,na,"['sudden', 'gradual', 'gradual']",3,5,1,2,gradual_start,"[3140, 5182]","[3129, 5169]",6917,0.1,691,2,0,2
3799,log_1067_1708942908.xes,0.0,na,"['sudden', 'gradual', 'gradual']",3,5,1,2,gradual_end,"[3618, 5528]","[3605, 5509]",6917,0.1,691,2,0,2
3800,log_1295_1708942909.xes,0.0,na,[],0,0,0,0,no_drift,[0],[0],5028,0.1,502,1,0,1
3801,log_1295_1708942909.xes,0.0,na,[],0,0,0,0,sudden,[],[],5028,0.1,502,0,0,0
3802,log_1295_1708942909.xes,0.0,na,[],0,0,0,0,gradual_start,[],[],5028,0.1,502,0,0,0
3803,log_1295_1708942909.xes,0.0,na,[],0,0,0,0,gradual_end,[],[],5028,0.1,502,0,0,0
3804,log_993_1708942912.xes,0.6,na,"['gradual', 'gradual', 'gradual']",3,6,0,3,no_drift,[],[],7017,0.1,701,0,0,0
3805,log_993_1708942912.xes,0.6,na,"['gradual', 'gradual', 'gradual']",3,6,0,3,sudden,[],[3921],7017,0.1,701,0,1,0
3806,log_993_1708942912.xes,0.6,na,"['gradual', 'gradual', 'gradual']",3,6,0,3,gradual_start,"[1229, 3624, 5633]",[],7017,0.1,701,0,0,3
3807,log_993_1708942912.xes,0.6,na,"['gradual', 'gradual', 'gradual']",3,6,0,3,gradual_end,"[1749, 4111, 6002]",[],7017,0.1,701,0,0,3
3808,log_526_1708942914.xes,0.6,na,['sudden'],1,1,1,0,no_drift,[],[0],2907,0.1,290,0,1,0
3809,log_526_1708942914.xes,0.6,na,['sudden'],1,1,1,0,sudden,[1133],[],2907,0.1,290,0,0,1
3810,log_526_1708942914.xes,0.6,na,['sudden'],1,1,1,0,gradual_start,[],[],2907,0.1,290,0,0,0
3811,log_526_1708942914.xes,0.6,na,['sudden'],1,1,1,0,gradual_end,[],[],2907,0.1,290,0,0,0
3812,log_758_1708942902.xes,0.0,na,"['gradual', 'gradual', 'sudden']",3,5,1,2,no_drift,[],[],6321,0.1,632,0,0,0
3813,log_758_1708942902.xes,0.0,na,"['gradual', 'gradual', 'sudden']",3,5,1,2,sudden,[5305],[],6321,0.1,632,0,0,1
3814,log_758_1708942902.xes,0.0,na,"['gradual', 'gradual', 'sudden']",3,5,1,2,gradual_start,"[1091, 3329]","[1055, 3318]",6321,0.1,632,2,0,2
3815,log_758_1708942902.xes,0.0,na,"['gradual', 'gradual', 'sudden']",3,5,1,2,gradual_end,"[1662, 3919]","[1675, 3876]",6321,0.1,632,2,0,2
3816,log_994_1708942915.xes,0.3,na,[],0,0,0,0,no_drift,[0],[0],5637,0.1,563,1,0,1
3817,log_994_1708942915.xes,0.3,na,[],0,0,0,0,sudden,[],[],5637,0.1,563,0,0,0
3818,log_994_1708942915.xes,0.3,na,[],0,0,0,0,gradual_start,[],[],5637,0.1,563,0,0,0
3819,log_994_1708942915.xes,0.3,na,[],0,0,0,0,gradual_end,[],[],5637,0.1,563,0,0,0
3820,log_1408_1708942911.xes,0.6,na,"['gradual', 'sudden']",2,3,1,1,no_drift,[],[0],5132,0.1,513,0,1,0
3821,log_1408_1708942911.xes,0.6,na,"['gradual', 'sudden']",2,3,1,1,sudden,[4119],[],5132,0.1,513,0,0,1
3822,log_1408_1708942911.xes,0.6,na,"['gradual', 'sudden']",2,3,1,1,gradual_start,[1910],[],5132,0.1,513,0,0,1
3823,log_1408_1708942911.xes,0.6,na,"['gradual', 'sudden']",2,3,1,1,gradual_end,[2289],[],5132,0.1,513,0,0,1
3824,log_828_1708942912.xes,0.3,na,"['sudden', 'sudden']",2,2,2,0,no_drift,[],[],4461,0.1,446,0,0,0
3825,log_828_1708942912.xes,0.3,na,"['sudden', 'sudden']",2,2,2,0,sudden,"[1461, 3043]","[1431, 3037]",4461,0.1,446,2,0,2
3826,log_828_1708942912.xes,0.3,na,"['sudden', 'sudden']",2,2,2,0,gradual_start,[],[],4461,0.1,446,0,0,0
3827,log_828_1708942912.xes,0.3,na,"['sudden', 'sudden']",2,2,2,0,gradual_end,[],[],4461,0.1,446,0,0,0
3828,log_337_1708942912.xes,0.3,na,"['gradual', 'sudden']",2,3,1,1,no_drift,[],[],4965,0.1,496,0,0,0
3829,log_337_1708942912.xes,0.3,na,"['gradual', 'sudden']",2,3,1,1,sudden,[3390],[3361],4965,0.1,496,1,0,1
3830,log_337_1708942912.xes,0.3,na,"['gradual', 'sudden']",2,3,1,1,gradual_start,[1283],[1297],4965,0.1,496,1,0,1
3831,log_337_1708942912.xes,0.3,na,"['gradual', 'sudden']",2,3,1,1,gradual_end,[1689],[1657],4965,0.1,496,1,0,1
3832,log_680_1708942916.xes,0.6,na,[],0,0,0,0,no_drift,[0],[0],1226,0.1,122,1,0,1
3833,log_680_1708942916.xes,0.6,na,[],0,0,0,0,sudden,[],[],1226,0.1,122,0,0,0
3834,log_680_1708942916.xes,0.6,na,[],0,0,0,0,gradual_start,[],[],1226,0.1,122,0,0,0
3835,log_680_1708942916.xes,0.6,na,[],0,0,0,0,gradual_end,[],[],1226,0.1,122,0,0,0
3836,log_1371_1708942910.xes,0.6,na,"['sudden', 'gradual', 'sudden']",3,4,2,1,no_drift,[],[],6668,0.1,666,0,0,0
3837,log_1371_1708942910.xes,0.6,na,"['sudden', 'gradual', 'sudden']",3,4,2,1,sudden,"[1268, 4792]","[1222, 4753]",6668,0.1,666,2,0,2
3838,log_1371_1708942910.xes,0.6,na,"['sudden', 'gradual', 'sudden']",3,4,2,1,gradual_start,[2550],[2542],6668,0.1,666,1,0,1
3839,log_1371_1708942910.xes,0.6,na,"['sudden', 'gradual', 'sudden']",3,4,2,1,gradual_end,[3055],[3004],6668,0.1,666,1,0,1
3840,log_1223_1708942911.xes,0.0,na,"['sudden', 'gradual']",2,3,1,1,no_drift,[],[],4534,0.1,453,0,0,0
3841,log_1223_1708942911.xes,0.0,na,"['sudden', 'gradual']",2,3,1,1,sudden,[1407],[1387],4534,0.1,453,1,0,1
3842,log_1223_1708942911.xes,0.0,na,"['sudden', 'gradual']",2,3,1,1,gradual_start,[2700],[2685],4534,0.1,453,1,0,1
3843,log_1223_1708942911.xes,0.0,na,"['sudden', 'gradual']",2,3,1,1,gradual_end,[3142],[3147],4534,0.1,453,1,0,1
3844,log_1068_1708942915.xes,0.0,na,['sudden'],1,1,1,0,no_drift,[],[0],3332,0.1,333,0,1,0
3845,log_1068_1708942915.xes,0.0,na,['sudden'],1,1,1,0,sudden,[1537],[],3332,0.1,333,0,0,1
3846,log_1068_1708942915.xes,0.0,na,['sudden'],1,1,1,0,gradual_start,[],[],3332,0.1,333,0,0,0
3847,log_1068_1708942915.xes,0.0,na,['sudden'],1,1,1,0,gradual_end,[],[],3332,0.1,333,0,0,0
3848,log_954_1708942905.xes,0.3,na,"['gradual', 'gradual']",2,4,0,2,no_drift,[],[],5735,0.1,573,0,0,0
3849,log_954_1708942905.xes,0.3,na,"['gradual', 'gradual']",2,4,0,2,sudden,[],[],5735,0.1,573,0,0,0
3850,log_954_1708942905.xes,0.3,na,"['gradual', 'gradual']",2,4,0,2,gradual_start,"[1348, 3274]",[3249],5735,0.1,573,1,0,2
3851,log_954_1708942905.xes,0.3,na,"['gradual', 'gradual']",2,4,0,2,gradual_end,"[1743, 3858]",[3809],5735,0.1,573,1,0,2
3852,log_149_1708942912.xes,0.6,na,['sudden'],1,1,1,0,no_drift,[],[],3283,0.1,328,0,0,0
3853,log_149_1708942912.xes,0.6,na,['sudden'],1,1,1,0,sudden,[1712],[1697],3283,0.1,328,1,0,1
3854,log_149_1708942912.xes,0.6,na,['sudden'],1,1,1,0,gradual_start,[],[],3283,0.1,328,0,0,0
3855,log_149_1708942912.xes,0.6,na,['sudden'],1,1,1,0,gradual_end,[],[],3283,0.1,328,0,0,0
3856,log_759_1708942914.xes,0.0,na,[],0,0,0,0,no_drift,[0],[0],7816,0.1,781,1,0,1
3857,log_759_1708942914.xes,0.0,na,[],0,0,0,0,sudden,[],[],7816,0.1,781,0,0,0
3858,log_759_1708942914.xes,0.0,na,[],0,0,0,0,gradual_start,[],[],7816,0.1,781,0,0,0
3859,log_759_1708942914.xes,0.0,na,[],0,0,0,0,gradual_end,[],[],7816,0.1,781,0,0,0
3860,log_1224_1708942916.xes,0.0,na,[],0,0,0,0,no_drift,[0],[0],4396,0.1,439,1,0,1
3861,log_1224_1708942916.xes,0.0,na,[],0,0,0,0,sudden,[],[],4396,0.1,439,0,0,0
3862,log_1224_1708942916.xes,0.0,na,[],0,0,0,0,gradual_start,[],[],4396,0.1,439,0,0,0
3863,log_1224_1708942916.xes,0.0,na,[],0,0,0,0,gradual_end,[],[],4396,0.1,439,0,0,0
3864,log_1332_1708942913.xes,0.0,na,"['gradual', 'gradual']",2,4,0,2,no_drift,[],[],5345,0.1,534,0,0,0
3865,log_1332_1708942913.xes,0.0,na,"['gradual', 'gradual']",2,4,0,2,sudden,[],[3277],5345,0.1,534,0,1,0
3866,log_1332_1708942913.xes,0.0,na,"['gradual', 'gradual']",2,4,0,2,gradual_start,"[1831, 3267]",[],5345,0.1,534,0,0,2
3867,log_1332_1708942913.xes,0.0,na,"['gradual', 'gradual']",2,4,0,2,gradual_end,"[2264, 3658]",[],5345,0.1,534,0,0,2
3868,log_1107_1708942912.xes,0.0,na,"['sudden', 'sudden']",2,2,2,0,no_drift,[],[],5356,0.1,535,0,0,0
3869,log_1107_1708942912.xes,0.0,na,"['sudden', 'sudden']",2,2,2,0,sudden,"[1836, 3777]",[3745],5356,0.1,535,1,0,2
3870,log_1107_1708942912.xes,0.0,na,"['sudden', 'sudden']",2,2,2,0,gradual_start,[],[],5356,0.1,535,0,0,0
3871,log_1107_1708942912.xes,0.0,na,"['sudden', 'sudden']",2,2,2,0,gradual_end,[],[],5356,0.1,535,0,0,0
3872,log_338_1708942916.xes,0.0,na,['gradual'],1,2,0,1,no_drift,[],[],3127,0.1,312,0,0,0
3873,log_338_1708942916.xes,0.0,na,['gradual'],1,2,0,1,sudden,[],[],3127,0.1,312,0,0,0
3874,log_338_1708942916.xes,0.0,na,['gradual'],1,2,0,1,gradual_start,[1153],[1156],3127,0.1,312,1,0,1
3875,log_338_1708942916.xes,0.0,na,['gradual'],1,2,0,1,gradual_end,[1693],[1681],3127,0.1,312,1,0,1
3876,log_493_1708942914.xes,0.0,na,"['gradual', 'gradual', 'sudden']",3,5,1,2,no_drift,[],[],8040,0.1,804,0,0,0
3877,log_493_1708942914.xes,0.0,na,"['gradual', 'gradual', 'sudden']",3,5,1,2,sudden,[6442],[6401],8040,0.1,804,1,0,1
3878,log_493_1708942914.xes,0.0,na,"['gradual', 'gradual', 'sudden']",3,5,1,2,gradual_start,"[1869, 4376]",[1841],8040,0.1,804,1,0,2
3879,log_493_1708942914.xes,0.0,na,"['gradual', 'gradual', 'sudden']",3,5,1,2,gradual_end,"[2434, 4964]",[2401],8040,0.1,804,1,0,2
3880,log_1446_1708942913.xes,0.0,na,"['sudden', 'gradual', 'sudden']",3,4,2,1,no_drift,[],[],5512,0.1,551,0,0,0
3881,log_1446_1708942913.xes,0.0,na,"['sudden', 'gradual', 'sudden']",3,4,2,1,sudden,"[1120, 4469]",[4456],5512,0.1,551,1,0,2
3882,log_1446_1708942913.xes,0.0,na,"['sudden', 'gradual', 'sudden']",3,4,2,1,gradual_start,[2792],[2782],5512,0.1,551,1,0,1
3883,log_1446_1708942913.xes,0.0,na,"['sudden', 'gradual', 'sudden']",3,4,2,1,gradual_end,[3318],[3268],5512,0.1,551,1,0,1
3884,log_1145_1708942914.xes,0.6,na,"['gradual', 'sudden', 'sudden']",3,4,2,1,no_drift,[],[],6327,0.1,632,0,0,0
3885,log_1145_1708942914.xes,0.6,na,"['gradual', 'sudden', 'sudden']",3,4,2,1,sudden,"[3691, 5262]","[5209, 3628]",6327,0.1,632,2,0,2
3886,log_1145_1708942914.xes,0.6,na,"['gradual', 'sudden', 'sudden']",3,4,2,1,gradual_start,[1898],[1830],6327,0.1,632,1,0,1
3887,log_1145_1708942914.xes,0.6,na,"['gradual', 'sudden', 'sudden']",3,4,2,1,gradual_end,[2428],[2419],6327,0.1,632,1,0,1
3888,log_872_1708942912.xes,0.6,na,"['gradual', 'sudden', 'sudden']",3,4,2,1,no_drift,[],[],6671,0.1,667,0,0,0
3889,log_872_1708942912.xes,0.6,na,"['gradual', 'sudden', 'sudden']",3,4,2,1,sudden,"[3444, 5025]",[3433],6671,0.1,667,1,0,2
3890,log_872_1708942912.xes,0.6,na,"['gradual', 'sudden', 'sudden']",3,4,2,1,gradual_start,[1485],[1486],6671,0.1,667,1,0,1
3891,log_872_1708942912.xes,0.6,na,"['gradual', 'sudden', 'sudden']",3,4,2,1,gradual_end,[2077],[2047],6671,0.1,667,1,0,1
3892,log_150_1708942917.xes,0.6,na,['sudden'],1,1,1,0,no_drift,[],[0],3058,0.1,305,0,1,0
3893,log_150_1708942917.xes,0.6,na,['sudden'],1,1,1,0,sudden,[1445],[],3058,0.1,305,0,0,1
3894,log_150_1708942917.xes,0.6,na,['sudden'],1,1,1,0,gradual_start,[],[],3058,0.1,305,0,0,0
3895,log_150_1708942917.xes,0.6,na,['sudden'],1,1,1,0,gradual_end,[],[],3058,0.1,305,0,0,0
3896,log_995_1708942917.xes,0.0,na,"['sudden', 'gradual']",2,3,1,1,no_drift,[],[],5139,0.1,513,0,0,0
3897,log_995_1708942917.xes,0.0,na,"['sudden', 'gradual']",2,3,1,1,sudden,[1362],[],5139,0.1,513,0,0,1
3898,log_995_1708942917.xes,0.0,na,"['sudden', 'gradual']",2,3,1,1,gradual_start,[3089],[3026],5139,0.1,513,1,0,1
3899,log_995_1708942917.xes,0.0,na,"['sudden', 'gradual']",2,3,1,1,gradual_end,[3654],[3651],5139,0.1,513,1,0,1
3900,log_494_1708942920.xes,0.0,na,['sudden'],1,1,1,0,no_drift,[],[],3669,0.1,366,0,0,0
3901,log_494_1708942920.xes,0.0,na,['sudden'],1,1,1,0,sudden,[1781],[1765],3669,0.1,366,1,0,1
3902,log_494_1708942920.xes,0.0,na,['sudden'],1,1,1,0,gradual_start,[],[],3669,0.1,366,0,0,0
3903,log_494_1708942920.xes,0.0,na,['sudden'],1,1,1,0,gradual_end,[],[],3669,0.1,366,0,0,0
3904,log_527_1708942917.xes,0.3,na,"['sudden', 'gradual']",2,3,1,1,no_drift,[],[],5381,0.1,538,0,0,0
3905,log_527_1708942917.xes,0.3,na,"['sudden', 'gradual']",2,3,1,1,sudden,[1783],[],5381,0.1,538,0,0,1
3906,log_527_1708942917.xes,0.3,na,"['sudden', 'gradual']",2,3,1,1,gradual_start,[2941],[2939],5381,0.1,538,1,0,1
3907,log_527_1708942917.xes,0.3,na,"['sudden', 'gradual']",2,3,1,1,gradual_end,[3405],[3407],5381,0.1,538,1,0,1
3908,log_681_1708942917.xes,0.0,na,['sudden'],1,1,1,0,no_drift,[],[0],2701,0.1,270,0,1,0
3909,log_681_1708942917.xes,0.0,na,['sudden'],1,1,1,0,sudden,[1667],[],2701,0.1,270,0,0,1
3910,log_681_1708942917.xes,0.0,na,['sudden'],1,1,1,0,gradual_start,[],[],2701,0.1,270,0,0,0
3911,log_681_1708942917.xes,0.0,na,['sudden'],1,1,1,0,gradual_end,[],[],2701,0.1,270,0,0,0
3912,log_1183_1708942916.xes,0.0,na,"['sudden', 'sudden', 'gradual']",3,4,2,1,no_drift,[],[],6159,0.1,615,0,0,0
3913,log_1183_1708942916.xes,0.0,na,"['sudden', 'sudden', 'gradual']",3,4,2,1,sudden,"[1159, 2528]","[2521, 1141]",6159,0.1,615,2,0,2
3914,log_1183_1708942916.xes,0.0,na,"['sudden', 'sudden', 'gradual']",3,4,2,1,gradual_start,[3636],[3601],6159,0.1,615,1,0,1
3915,log_1183_1708942916.xes,0.0,na,"['sudden', 'sudden', 'gradual']",3,4,2,1,gradual_end,[4227],[4201],6159,0.1,615,1,0,1
3916,log_1333_1708942919.xes,0.0,na,"['gradual', 'gradual']",2,4,0,2,no_drift,[],[],5689,0.1,568,0,0,0
3917,log_1333_1708942919.xes,0.0,na,"['gradual', 'gradual']",2,4,0,2,sudden,[],[],5689,0.1,568,0,0,0
3918,log_1333_1708942919.xes,0.0,na,"['gradual', 'gradual']",2,4,0,2,gradual_start,"[1214, 3402]","[3305, 1317]",5689,0.1,568,2,0,2
3919,log_1333_1708942919.xes,0.0,na,"['gradual', 'gradual']",2,4,0,2,gradual_end,"[1672, 3984]","[3921, 1961]",5689,0.1,568,2,0,2
3920,log_1108_1708942920.xes,0.3,na,['sudden'],1,1,1,0,no_drift,[],[],3124,0.1,312,0,0,0
3921,log_1108_1708942920.xes,0.3,na,['sudden'],1,1,1,0,sudden,[1367],[1351],3124,0.1,312,1,0,1
3922,log_1108_1708942920.xes,0.3,na,['sudden'],1,1,1,0,gradual_start,[],[],3124,0.1,312,0,0,0
3923,log_1108_1708942920.xes,0.3,na,['sudden'],1,1,1,0,gradual_end,[],[],3124,0.1,312,0,0,0
3924,log_151_1708942919.xes,0.0,na,['sudden'],1,1,1,0,no_drift,[],[],2660,0.1,266,0,0,0
3925,log_151_1708942919.xes,0.0,na,['sudden'],1,1,1,0,sudden,[1126],[1119],2660,0.1,266,1,0,1
3926,log_151_1708942919.xes,0.0,na,['sudden'],1,1,1,0,gradual_start,[],[],2660,0.1,266,0,0,0
3927,log_151_1708942919.xes,0.0,na,['sudden'],1,1,1,0,gradual_end,[],[],2660,0.1,266,0,0,0
3928,log_1184_1708942920.xes,0.0,na,"['gradual', 'sudden']",2,3,1,1,no_drift,[],[],5364,0.1,536,0,0,0
3929,log_1184_1708942920.xes,0.0,na,"['gradual', 'sudden']",2,3,1,1,sudden,[3530],[3511],5364,0.1,536,1,0,1
3930,log_1184_1708942920.xes,0.0,na,"['gradual', 'sudden']",2,3,1,1,gradual_start,[1574],[],5364,0.1,536,0,0,1
3931,log_1184_1708942920.xes,0.0,na,"['gradual', 'sudden']",2,3,1,1,gradual_end,[1947],[],5364,0.1,536,0,0,1
3932,log_955_1708942915.xes,0.6,na,"['gradual', 'gradual', 'sudden']",3,5,1,2,no_drift,[],[0],7183,0.1,718,0,1,0
3933,log_955_1708942915.xes,0.6,na,"['gradual', 'gradual', 'sudden']",3,5,1,2,sudden,[6123],[],7183,0.1,718,0,0,1
3934,log_955_1708942915.xes,0.6,na,"['gradual', 'gradual', 'sudden']",3,5,1,2,gradual_start,"[1768, 4146]",[],7183,0.1,718,0,0,2
3935,log_955_1708942915.xes,0.6,na,"['gradual', 'gradual', 'sudden']",3,5,1,2,gradual_end,"[2337, 4576]",[],7183,0.1,718,0,0,2
3936,log_339_1708942920.xes,0.3,na,['sudden'],1,1,1,0,no_drift,[],[],2976,0.1,297,0,0,0
3937,log_339_1708942920.xes,0.3,na,['sudden'],1,1,1,0,sudden,[1732],[1723],2976,0.1,297,1,0,1
3938,log_339_1708942920.xes,0.3,na,['sudden'],1,1,1,0,gradual_start,[],[],2976,0.1,297,0,0,0
3939,log_339_1708942920.xes,0.3,na,['sudden'],1,1,1,0,gradual_end,[],[],2976,0.1,297,0,0,0
3940,log_304_1708942915.xes,0.0,na,"['sudden', 'sudden', 'gradual']",3,4,2,1,no_drift,[],[],6912,0.1,691,0,0,0
3941,log_304_1708942915.xes,0.0,na,"['sudden', 'sudden', 'gradual']",3,4,2,1,sudden,"[1821, 3788]","[3775, 1803]",6912,0.1,691,2,0,2
3942,log_304_1708942915.xes,0.0,na,"['sudden', 'sudden', 'gradual']",3,4,2,1,gradual_start,[4832],[4829],6912,0.1,691,1,0,1
3943,log_304_1708942915.xes,0.0,na,"['sudden', 'sudden', 'gradual']",3,4,2,1,gradual_end,[5219],[5203],6912,0.1,691,1,0,1
3944,log_1296_1708942914.xes,0.0,na,"['sudden', 'gradual', 'gradual']",3,5,1,2,no_drift,[],[],7464,0.1,746,0,0,0
3945,log_1296_1708942914.xes,0.0,na,"['sudden', 'gradual', 'gradual']",3,5,1,2,sudden,[1144],[1111],7464,0.1,746,1,0,1
3946,log_1296_1708942914.xes,0.0,na,"['sudden', 'gradual', 'gradual']",3,5,1,2,gradual_start,"[3143, 5382]",[3109],7464,0.1,746,1,0,2
3947,log_1296_1708942914.xes,0.0,na,"['sudden', 'gradual', 'gradual']",3,5,1,2,gradual_end,"[3506, 5963]",[3516],7464,0.1,746,1,0,2
3948,log_74_1708942915.xes,0.3,na,"['sudden', 'sudden', 'gradual']",3,4,2,1,no_drift,[],[],6543,0.1,654,0,0,0
3949,log_74_1708942915.xes,0.3,na,"['sudden', 'sudden', 'gradual']",3,4,2,1,sudden,"[1644, 3410]","[1633, 3393]",6543,0.1,654,2,0,2
3950,log_74_1708942915.xes,0.3,na,"['sudden', 'sudden', 'gradual']",3,4,2,1,gradual_start,[4611],[4609],6543,0.1,654,1,0,1
3951,log_74_1708942915.xes,0.3,na,"['sudden', 'sudden', 'gradual']",3,4,2,1,gradual_end,[5080],[5089],6543,0.1,654,1,0,1
3952,log_996_1708942920.xes,0.0,na,['sudden'],1,1,1,0,no_drift,[],[],2489,0.1,248,0,0,0
3953,log_996_1708942920.xes,0.0,na,['sudden'],1,1,1,0,sudden,[1402],[1381],2489,0.1,248,1,0,1
3954,log_996_1708942920.xes,0.0,na,['sudden'],1,1,1,0,gradual_start,[],[],2489,0.1,248,0,0,0
3955,log_996_1708942920.xes,0.0,na,['sudden'],1,1,1,0,gradual_end,[],[],2489,0.1,248,0,0,0
3956,log_956_1708942921.xes,0.3,na,['gradual'],1,2,0,1,no_drift,[],[],3380,0.1,338,0,0,0
3957,log_956_1708942921.xes,0.3,na,['gradual'],1,2,0,1,sudden,[],[],3380,0.1,338,0,0,0
3958,log_956_1708942921.xes,0.3,na,['gradual'],1,2,0,1,gradual_start,[1598],[1569],3380,0.1,338,1,0,1
3959,log_956_1708942921.xes,0.3,na,['gradual'],1,2,0,1,gradual_end,[1923],[1921],3380,0.1,338,1,0,1
3960,log_873_1708942919.xes,0.0,na,"['gradual', 'gradual']",2,4,0,2,no_drift,[],[],4638,0.1,463,0,0,0
3961,log_873_1708942919.xes,0.0,na,"['gradual', 'gradual']",2,4,0,2,sudden,[],[],4638,0.1,463,0,0,0
3962,log_873_1708942919.xes,0.0,na,"['gradual', 'gradual']",2,4,0,2,gradual_start,"[1031, 2395]",[2393],4638,0.1,463,1,0,2
3963,log_873_1708942919.xes,0.0,na,"['gradual', 'gradual']",2,4,0,2,gradual_end,"[1350, 2820]",[2807],4638,0.1,463,1,0,2
3964,log_1334_1708942922.xes,0.6,na,[],0,0,0,0,no_drift,[0],[0],3650,0.1,365,1,0,1
3965,log_1334_1708942922.xes,0.6,na,[],0,0,0,0,sudden,[],[],3650,0.1,365,0,0,0
3966,log_1334_1708942922.xes,0.6,na,[],0,0,0,0,gradual_start,[],[],3650,0.1,365,0,0,0
3967,log_1334_1708942922.xes,0.6,na,[],0,0,0,0,gradual_end,[],[],3650,0.1,365,0,0,0
3968,log_682_1708942922.xes,0.3,na,['sudden'],1,1,1,0,no_drift,[],[],2436,0.1,243,0,0,0
3969,log_682_1708942922.xes,0.3,na,['sudden'],1,1,1,0,sudden,[1144],[1129],2436,0.1,243,1,0,1
3970,log_682_1708942922.xes,0.3,na,['sudden'],1,1,1,0,gradual_start,[],[],2436,0.1,243,0,0,0
3971,log_682_1708942922.xes,0.3,na,['sudden'],1,1,1,0,gradual_end,[],[],2436,0.1,243,0,0,0
3972,log_1372_1708942917.xes,0.0,na,['gradual'],1,2,0,1,no_drift,[],[],3259,0.1,325,0,0,0
3973,log_1372_1708942917.xes,0.0,na,['gradual'],1,2,0,1,sudden,[],[],3259,0.1,325,0,0,0
3974,log_1372_1708942917.xes,0.0,na,['gradual'],1,2,0,1,gradual_start,[1594],[1553],3259,0.1,325,1,0,1
3975,log_1372_1708942917.xes,0.0,na,['gradual'],1,2,0,1,gradual_end,[2068],[2017],3259,0.1,325,1,0,1
3976,log_1260_1708942915.xes,0.0,na,"['gradual', 'sudden']",2,3,1,1,no_drift,[],[],5778,0.1,577,0,0,0
3977,log_1260_1708942915.xes,0.0,na,"['gradual', 'sudden']",2,3,1,1,sudden,[3786],[3753],5778,0.1,577,1,0,1
3978,log_1260_1708942915.xes,0.0,na,"['gradual', 'sudden']",2,3,1,1,gradual_start,[1911],[],5778,0.1,577,0,0,1
3979,log_1260_1708942915.xes,0.0,na,"['gradual', 'sudden']",2,3,1,1,gradual_end,[2315],[],5778,0.1,577,0,0,1
3980,log_1225_1708942919.xes,0.6,na,[],0,0,0,0,no_drift,[0],[0],6872,0.1,687,1,0,1
3981,log_1225_1708942919.xes,0.6,na,[],0,0,0,0,sudden,[],[],6872,0.1,687,0,0,0
3982,log_1225_1708942919.xes,0.6,na,[],0,0,0,0,gradual_start,[],[],6872,0.1,687,0,0,0
3983,log_1225_1708942919.xes,0.6,na,[],0,0,0,0,gradual_end,[],[],6872,0.1,687,0,0,0
3984,log_1521_1708942922.xes,0.0,na,"['sudden', 'sudden']",2,2,2,0,no_drift,[],[],3975,0.1,397,0,0,0
3985,log_1521_1708942922.xes,0.0,na,"['sudden', 'sudden']",2,2,2,0,sudden,"[1367, 2632]","[2623, 1369]",3975,0.1,397,2,0,2
3986,log_1521_1708942922.xes,0.0,na,"['sudden', 'sudden']",2,2,2,0,gradual_start,[],[],3975,0.1,397,0,0,0
3987,log_1521_1708942922.xes,0.0,na,"['sudden', 'sudden']",2,2,2,0,gradual_end,[],[],3975,0.1,397,0,0,0
3988,log_1032_1708942909.xes,0.0,na,"['gradual', 'sudden']",2,3,1,1,no_drift,[],[],5055,0.1,505,0,0,0
3989,log_1032_1708942909.xes,0.0,na,"['gradual', 'sudden']",2,3,1,1,sudden,[3094],[3076],5055,0.1,505,1,0,1
3990,log_1032_1708942909.xes,0.0,na,"['gradual', 'sudden']",2,3,1,1,gradual_start,[1058],[],5055,0.1,505,0,0,1
3991,log_1032_1708942909.xes,0.0,na,"['gradual', 'sudden']",2,3,1,1,gradual_end,[1460],[],5055,0.1,505,0,0,1
3992,log_1409_1708942916.xes,0.3,na,[],0,0,0,0,no_drift,[0],[0],3326,0.1,332,1,0,1
3993,log_1409_1708942916.xes,0.3,na,[],0,0,0,0,sudden,[],[],3326,0.1,332,0,0,0
3994,log_1409_1708942916.xes,0.3,na,[],0,0,0,0,gradual_start,[],[],3326,0.1,332,0,0,0
3995,log_1409_1708942916.xes,0.3,na,[],0,0,0,0,gradual_end,[],[],3326,0.1,332,0,0,0
3996,log_1261_1708942923.xes,0.0,na,"['gradual', 'gradual']",2,4,0,2,no_drift,[],[],5373,0.1,537,0,0,0
3997,log_1261_1708942923.xes,0.0,na,"['gradual', 'gradual']",2,4,0,2,sudden,[],[],5373,0.1,537,0,0,0
3998,log_1261_1708942923.xes,0.0,na,"['gradual', 'gradual']",2,4,0,2,gradual_start,"[1174, 3117]","[1171, 3095]",5373,0.1,537,2,0,2
3999,log_1261_1708942923.xes,0.0,na,"['gradual', 'gradual']",2,4,0,2,gradual_end,"[1646, 3584]","[1665, 3589]",5373,0.1,537,2,0,2
4000,log_1483_1708942922.xes,0.3,na,['sudden'],1,1,1,0,no_drift,[],[],3603,0.1,360,0,0,0
4001,log_1483_1708942922.xes,0.3,na,['sudden'],1,1,1,0,sudden,[1701],[1693],3603,0.1,360,1,0,1
4002,log_1483_1708942922.xes,0.3,na,['sudden'],1,1,1,0,gradual_start,[],[],3603,0.1,360,0,0,0
4003,log_1483_1708942922.xes,0.3,na,['sudden'],1,1,1,0,gradual_end,[],[],3603,0.1,360,0,0,0
4004,log_997_1708942923.xes,0.0,na,"['gradual', 'gradual']",2,4,0,2,no_drift,[],[],5513,0.1,551,0,0,0
4005,log_997_1708942923.xes,0.0,na,"['gradual', 'gradual']",2,4,0,2,sudden,[],[],5513,0.1,551,0,0,0
4006,log_997_1708942923.xes,0.0,na,"['gradual', 'gradual']",2,4,0,2,gradual_start,"[1331, 3542]","[1270, 3511]",5513,0.1,551,2,0,2
4007,log_997_1708942923.xes,0.0,na,"['gradual', 'gradual']",2,4,0,2,gradual_end,"[1926, 4099]","[1945, 4105]",5513,0.1,551,2,0,2
4008,log_1447_1708942919.xes,0.0,na,"['gradual', 'gradual']",2,4,0,2,no_drift,[],[],5306,0.1,530,0,0,0
4009,log_1447_1708942919.xes,0.0,na,"['gradual', 'gradual']",2,4,0,2,sudden,[],[],5306,0.1,530,0,0,0
4010,log_1447_1708942919.xes,0.0,na,"['gradual', 'gradual']",2,4,0,2,gradual_start,"[1659, 3200]",[1561],5306,0.1,530,1,0,2
4011,log_1447_1708942919.xes,0.0,na,"['gradual', 'gradual']",2,4,0,2,gradual_end,"[2125, 3644]",[2107],5306,0.1,530,1,0,2
4012,log_760_1708942918.xes,0.3,na,"['gradual', 'sudden', 'gradual']",3,5,1,2,no_drift,[],[],6544,0.1,654,0,0,0
4013,log_760_1708942918.xes,0.3,na,"['gradual', 'sudden', 'gradual']",3,5,1,2,sudden,[3517],[3489],6544,0.1,654,1,0,1
4014,log_760_1708942918.xes,0.3,na,"['gradual', 'sudden', 'gradual']",3,5,1,2,gradual_start,"[1185, 4983]",[4961],6544,0.1,654,1,0,2
4015,log_760_1708942918.xes,0.3,na,"['gradual', 'sudden', 'gradual']",3,5,1,2,gradual_end,"[1544, 5539]",[5537],6544,0.1,654,1,0,2
4016,log_528_1708942922.xes,0.0,na,"['sudden', 'gradual']",2,3,1,1,no_drift,[],[],4897,0.1,489,0,0,0
4017,log_528_1708942922.xes,0.0,na,"['sudden', 'gradual']",2,3,1,1,sudden,[1773],[1729],4897,0.1,489,1,0,1
4018,log_528_1708942922.xes,0.0,na,"['sudden', 'gradual']",2,3,1,1,gradual_start,[2924],[2929],4897,0.1,489,1,0,1
4019,log_528_1708942922.xes,0.0,na,"['sudden', 'gradual']",2,3,1,1,gradual_end,[3500],[3481],4897,0.1,489,1,0,1
4020,log_1297_1708942922.xes,0.6,na,['gradual'],1,2,0,1,no_drift,[],[],3602,0.1,360,0,0,0
4021,log_1297_1708942922.xes,0.6,na,['gradual'],1,2,0,1,sudden,[],[],3602,0.1,360,0,0,0
4022,log_1297_1708942922.xes,0.6,na,['gradual'],1,2,0,1,gradual_start,[1480],[1477],3602,0.1,360,1,0,1
4023,log_1297_1708942922.xes,0.6,na,['gradual'],1,2,0,1,gradual_end,[2074],[2053],3602,0.1,360,1,0,1
4024,log_1373_1708942923.xes,0.3,na,['sudden'],1,1,1,0,no_drift,[],[],3068,0.1,306,0,0,0
4025,log_1373_1708942923.xes,0.3,na,['sudden'],1,1,1,0,sudden,[1360],[1351],3068,0.1,306,1,0,1
4026,log_1373_1708942923.xes,0.3,na,['sudden'],1,1,1,0,gradual_start,[],[],3068,0.1,306,0,0,0
4027,log_1373_1708942923.xes,0.3,na,['sudden'],1,1,1,0,gradual_end,[],[],3068,0.1,306,0,0,0
4028,log_829_1708942916.xes,0.3,na,"['gradual', 'sudden', 'sudden']",3,4,2,1,no_drift,[],[],7584,0.1,758,0,0,0
4029,log_829_1708942916.xes,0.3,na,"['gradual', 'sudden', 'sudden']",3,4,2,1,sudden,"[3927, 5854]","[3923, 5847]",7584,0.1,758,2,0,2
4030,log_829_1708942916.xes,0.3,na,"['gradual', 'sudden', 'sudden']",3,4,2,1,gradual_start,[1680],[],7584,0.1,758,0,0,1
4031,log_829_1708942916.xes,0.3,na,"['gradual', 'sudden', 'sudden']",3,4,2,1,gradual_end,[2036],[],7584,0.1,758,0,0,1
4032,log_957_1708942924.xes,0.3,na,['gradual'],1,2,0,1,no_drift,[],[],3094,0.1,309,0,0,0
4033,log_957_1708942924.xes,0.3,na,['gradual'],1,2,0,1,sudden,[],[],3094,0.1,309,0,0,0
4034,log_957_1708942924.xes,0.3,na,['gradual'],1,2,0,1,gradual_start,[1652],[1606],3094,0.1,309,1,0,1
4035,log_957_1708942924.xes,0.3,na,['gradual'],1,2,0,1,gradual_end,[1995],[1981],3094,0.1,309,1,0,1
4036,log_75_1708942921.xes,0.6,na,"['sudden', 'gradual']",2,3,1,1,no_drift,[],[],3756,0.1,375,0,0,0
4037,log_75_1708942921.xes,0.6,na,"['sudden', 'gradual']",2,3,1,1,sudden,[1198],[1171],3756,0.1,375,1,0,1
4038,log_75_1708942921.xes,0.6,na,"['sudden', 'gradual']",2,3,1,1,gradual_start,[2206],[2215],3756,0.1,375,1,0,1
4039,log_75_1708942921.xes,0.6,na,"['sudden', 'gradual']",2,3,1,1,gradual_end,[2643],[2611],3756,0.1,375,1,0,1
4040,log_1335_1708942925.xes,0.6,na,['sudden'],1,1,1,0,no_drift,[],[0],3111,0.1,311,0,1,0
4041,log_1335_1708942925.xes,0.6,na,['sudden'],1,1,1,0,sudden,[1874],[],3111,0.1,311,0,0,1
4042,log_1335_1708942925.xes,0.6,na,['sudden'],1,1,1,0,gradual_start,[],[],3111,0.1,311,0,0,0
4043,log_1335_1708942925.xes,0.6,na,['sudden'],1,1,1,0,gradual_end,[],[],3111,0.1,311,0,0,0
4044,log_683_1708942924.xes,0.3,na,[],0,0,0,0,no_drift,[0],[0],1984,0.1,198,1,0,1
4045,log_683_1708942924.xes,0.3,na,[],0,0,0,0,sudden,[],[],1984,0.1,198,0,0,0
4046,log_683_1708942924.xes,0.3,na,[],0,0,0,0,gradual_start,[],[],1984,0.1,198,0,0,0
4047,log_683_1708942924.xes,0.3,na,[],0,0,0,0,gradual_end,[],[],1984,0.1,198,0,0,0
4048,log_998_1708942927.xes,0.0,na,['sudden'],1,1,1,0,no_drift,[],[],2883,0.1,288,0,0,0
4049,log_998_1708942927.xes,0.0,na,['sudden'],1,1,1,0,sudden,[1622],[1625],2883,0.1,288,1,0,1
4050,log_998_1708942927.xes,0.0,na,['sudden'],1,1,1,0,gradual_start,[],[],2883,0.1,288,0,0,0
4051,log_998_1708942927.xes,0.0,na,['sudden'],1,1,1,0,gradual_end,[],[],2883,0.1,288,0,0,0
4052,log_1226_1708942926.xes,0.0,na,['gradual'],1,2,0,1,no_drift,[],[],4069,0.1,406,0,0,0
4053,log_1226_1708942926.xes,0.0,na,['gradual'],1,2,0,1,sudden,[],[],4069,0.1,406,0,0,0
4054,log_1226_1708942926.xes,0.0,na,['gradual'],1,2,0,1,gradual_start,[1764],[1741],4069,0.1,406,1,0,1
4055,log_1226_1708942926.xes,0.0,na,['gradual'],1,2,0,1,gradual_end,[2159],[2161],4069,0.1,406,1,0,1
4056,log_1522_1708942925.xes,0.0,na,['gradual'],1,2,0,1,no_drift,[],[],3528,0.1,352,0,0,0
4057,log_1522_1708942925.xes,0.0,na,['gradual'],1,2,0,1,sudden,[],[],3528,0.1,352,0,0,0
4058,log_1522_1708942925.xes,0.0,na,['gradual'],1,2,0,1,gradual_start,[1342],[1361],3528,0.1,352,1,0,1
4059,log_1522_1708942925.xes,0.0,na,['gradual'],1,2,0,1,gradual_end,[1793],[1854],3528,0.1,352,1,0,1
4060,log_1185_1708942923.xes,0.0,na,[],0,0,0,0,no_drift,[0],[0],2754,0.1,275,1,0,1
4061,log_1185_1708942923.xes,0.0,na,[],0,0,0,0,sudden,[],[],2754,0.1,275,0,0,0
4062,log_1185_1708942923.xes,0.0,na,[],0,0,0,0,gradual_start,[],[],2754,0.1,275,0,0,0
4063,log_1185_1708942923.xes,0.0,na,[],0,0,0,0,gradual_end,[],[],2754,0.1,275,0,0,0
4064,log_340_1708942923.xes,0.0,na,"['gradual', 'sudden', 'gradual']",3,5,1,2,no_drift,[],[],7485,0.1,748,0,0,0
4065,log_340_1708942923.xes,0.0,na,"['gradual', 'sudden', 'gradual']",3,5,1,2,sudden,[4071],[4071],7485,0.1,748,1,0,1
4066,log_340_1708942923.xes,0.0,na,"['gradual', 'sudden', 'gradual']",3,5,1,2,gradual_start,"[1797, 5280]","[1703, 5255]",7485,0.1,748,2,0,2
4067,log_340_1708942923.xes,0.0,na,"['gradual', 'sudden', 'gradual']",3,5,1,2,gradual_end,"[2124, 5802]","[2184, 5773]",7485,0.1,748,2,0,2
4068,log_830_1708942925.xes,0.0,na,"['gradual', 'gradual']",2,4,0,2,no_drift,[],[],5771,0.1,577,0,0,0
4069,log_830_1708942925.xes,0.0,na,"['gradual', 'gradual']",2,4,0,2,sudden,[],[],5771,0.1,577,0,0,0
4070,log_830_1708942925.xes,0.0,na,"['gradual', 'gradual']",2,4,0,2,gradual_start,"[1937, 3968]",[3977],5771,0.1,577,1,0,2
4071,log_830_1708942925.xes,0.0,na,"['gradual', 'gradual']",2,4,0,2,gradual_end,"[2237, 4520]",[4509],5771,0.1,577,1,0,2
4072,log_1448_1708942925.xes,0.3,na,['gradual'],1,2,0,1,no_drift,[],[],3244,0.1,324,0,0,0
4073,log_1448_1708942925.xes,0.3,na,['gradual'],1,2,0,1,sudden,[],[],3244,0.1,324,0,0,0
4074,log_1448_1708942925.xes,0.3,na,['gradual'],1,2,0,1,gradual_start,[1837],[1793],3244,0.1,324,1,0,1
4075,log_1448_1708942925.xes,0.3,na,['gradual'],1,2,0,1,gradual_end,[2140],[2145],3244,0.1,324,1,0,1
4076,log_1410_1708942927.xes,0.0,na,[],0,0,0,0,no_drift,[0],[0],4228,0.1,422,1,0,1
4077,log_1410_1708942927.xes,0.0,na,[],0,0,0,0,sudden,[],[],4228,0.1,422,0,0,0
4078,log_1410_1708942927.xes,0.0,na,[],0,0,0,0,gradual_start,[],[],4228,0.1,422,0,0,0
4079,log_1410_1708942927.xes,0.0,na,[],0,0,0,0,gradual_end,[],[],4228,0.1,422,0,0,0
4080,log_1146_1708942920.xes,0.6,na,"['gradual', 'gradual', 'gradual']",3,6,0,3,no_drift,[],[],7401,0.1,740,0,0,0
4081,log_1146_1708942920.xes,0.6,na,"['gradual', 'gradual', 'gradual']",3,6,0,3,sudden,[],[],7401,0.1,740,0,0,0
4082,log_1146_1708942920.xes,0.6,na,"['gradual', 'gradual', 'gradual']",3,6,0,3,gradual_start,"[1185, 3435, 5411]","[5403, 3368]",7401,0.1,740,2,0,3
4083,log_1146_1708942920.xes,0.6,na,"['gradual', 'gradual', 'gradual']",3,6,0,3,gradual_end,"[1757, 4018, 5897]","[5884, 3960]",7401,0.1,740,2,0,3
4084,log_874_1708942923.xes,0.0,na,"['gradual', 'gradual', 'gradual']",3,6,0,3,no_drift,[],[],8134,0.1,813,0,0,0
4085,log_874_1708942923.xes,0.0,na,"['gradual', 'gradual', 'gradual']",3,6,0,3,sudden,[],[],8134,0.1,813,0,0,0
4086,log_874_1708942923.xes,0.0,na,"['gradual', 'gradual', 'gradual']",3,6,0,3,gradual_start,"[1403, 3859, 5759]","[5761, 3841]",8134,0.1,813,2,0,3
4087,log_874_1708942923.xes,0.0,na,"['gradual', 'gradual', 'gradual']",3,6,0,3,gradual_end,"[1960, 4362, 6144]","[6161, 4321]",8134,0.1,813,2,0,3
4088,log_1374_1708942926.xes,0.0,na,['sudden'],1,1,1,0,no_drift,[],[],3114,0.1,311,0,0,0
4089,log_1374_1708942926.xes,0.0,na,['sudden'],1,1,1,0,sudden,[1649],[1636],3114,0.1,311,1,0,1
4090,log_1374_1708942926.xes,0.0,na,['sudden'],1,1,1,0,gradual_start,[],[],3114,0.1,311,0,0,0
4091,log_1374_1708942926.xes,0.0,na,['sudden'],1,1,1,0,gradual_end,[],[],3114,0.1,311,0,0,0
4092,log_1262_1708942927.xes,0.3,na,[],0,0,0,0,no_drift,[0],[0],4683,0.1,468,1,0,1
4093,log_1262_1708942927.xes,0.3,na,[],0,0,0,0,sudden,[],[],4683,0.1,468,0,0,0
4094,log_1262_1708942927.xes,0.3,na,[],0,0,0,0,gradual_start,[],[],4683,0.1,468,0,0,0
4095,log_1262_1708942927.xes,0.3,na,[],0,0,0,0,gradual_end,[],[],4683,0.1,468,0,0,0
4096,log_1336_1708942927.xes,0.3,na,"['gradual', 'sudden']",2,3,1,1,no_drift,[],[],5238,0.1,523,0,0,0
4097,log_1336_1708942927.xes,0.3,na,"['gradual', 'sudden']",2,3,1,1,sudden,[3487],[3459],5238,0.1,523,1,0,1
4098,log_1336_1708942927.xes,0.3,na,"['gradual', 'sudden']",2,3,1,1,gradual_start,[1799],[1743],5238,0.1,523,1,0,1
4099,log_1336_1708942927.xes,0.3,na,"['gradual', 'sudden']",2,3,1,1,gradual_end,[2262],[2315],5238,0.1,523,1,0,1
4100,log_999_1708942928.xes,0.0,na,['sudden'],1,1,1,0,no_drift,[],[],3008,0.1,300,0,0,0
4101,log_999_1708942928.xes,0.0,na,['sudden'],1,1,1,0,sudden,[1822],[1816],3008,0.1,300,1,0,1
4102,log_999_1708942928.xes,0.0,na,['sudden'],1,1,1,0,gradual_start,[],[],3008,0.1,300,0,0,0
4103,log_999_1708942928.xes,0.0,na,['sudden'],1,1,1,0,gradual_end,[],[],3008,0.1,300,0,0,0
4104,log_1069_1708942918.xes,0.6,na,"['sudden', 'sudden', 'sudden']",3,3,3,0,no_drift,[],[],5288,0.1,528,0,0,0
4105,log_1069_1708942918.xes,0.6,na,"['sudden', 'sudden', 'sudden']",3,3,3,0,sudden,"[1166, 2529, 3881]","[2523, 3849, 1145]",5288,0.1,528,3,0,3
4106,log_1069_1708942918.xes,0.6,na,"['sudden', 'sudden', 'sudden']",3,3,3,0,gradual_start,[],[],5288,0.1,528,0,0,0
4107,log_1069_1708942918.xes,0.6,na,"['sudden', 'sudden', 'sudden']",3,3,3,0,gradual_end,[],[],5288,0.1,528,0,0,0
4108,log_958_1708942927.xes,0.0,na,"['sudden', 'gradual']",2,3,1,1,no_drift,[],[],4841,0.1,484,0,0,0
4109,log_958_1708942927.xes,0.0,na,"['sudden', 'gradual']",2,3,1,1,sudden,[1771],[1729],4841,0.1,484,1,0,1
4110,log_958_1708942927.xes,0.0,na,"['sudden', 'gradual']",2,3,1,1,gradual_start,[3109],[3097],4841,0.1,484,1,0,1
4111,log_958_1708942927.xes,0.0,na,"['sudden', 'gradual']",2,3,1,1,gradual_end,[3561],[3577],4841,0.1,484,1,0,1
4112,log_1523_1708942928.xes,0.0,na,[],0,0,0,0,no_drift,[0],[0],3969,0.1,396,1,0,1
4113,log_1523_1708942928.xes,0.0,na,[],0,0,0,0,sudden,[],[],3969,0.1,396,0,0,0
4114,log_1523_1708942928.xes,0.0,na,[],0,0,0,0,gradual_start,[],[],3969,0.1,396,0,0,0
4115,log_1523_1708942928.xes,0.0,na,[],0,0,0,0,gradual_end,[],[],3969,0.1,396,0,0,0
4116,log_1109_1708942923.xes,0.3,na,"['sudden', 'sudden', 'sudden']",3,3,3,0,no_drift,[],[],6735,0.1,673,0,0,0
4117,log_1109_1708942923.xes,0.3,na,"['sudden', 'sudden', 'sudden']",3,3,3,0,sudden,"[1630, 3466, 5028]","[3433, 1618]",6735,0.1,673,2,0,3
4118,log_1109_1708942923.xes,0.3,na,"['sudden', 'sudden', 'sudden']",3,3,3,0,gradual_start,[],[],6735,0.1,673,0,0,0
4119,log_1109_1708942923.xes,0.3,na,"['sudden', 'sudden', 'sudden']",3,3,3,0,gradual_end,[],[],6735,0.1,673,0,0,0
4120,log_1033_1708942922.xes,0.0,na,"['sudden', 'gradual', 'gradual']",3,5,1,2,no_drift,[],[],6253,0.1,625,0,0,0
4121,log_1033_1708942922.xes,0.0,na,"['sudden', 'gradual', 'gradual']",3,5,1,2,sudden,[1311],[],6253,0.1,625,0,0,1
4122,log_1033_1708942922.xes,0.0,na,"['sudden', 'gradual', 'gradual']",3,5,1,2,gradual_start,"[2518, 4629]",[4620],6253,0.1,625,1,0,2
4123,log_1033_1708942922.xes,0.0,na,"['sudden', 'gradual', 'gradual']",3,5,1,2,gradual_end,"[3019, 5199]",[5209],6253,0.1,625,1,0,2
4124,log_1070_1708942930.xes,0.6,na,[],0,0,0,0,no_drift,[0],[0],1577,0.1,157,1,0,1
4125,log_1070_1708942930.xes,0.6,na,[],0,0,0,0,sudden,[],[],1577,0.1,157,0,0,0
4126,log_1070_1708942930.xes,0.6,na,[],0,0,0,0,gradual_start,[],[],1577,0.1,157,0,0,0
4127,log_1070_1708942930.xes,0.6,na,[],0,0,0,0,gradual_end,[],[],1577,0.1,157,0,0,0
4128,log_684_1708942927.xes,0.0,na,['gradual'],1,2,0,1,no_drift,[],[],3528,0.1,352,0,0,0
4129,log_684_1708942927.xes,0.0,na,['gradual'],1,2,0,1,sudden,[],[],3528,0.1,352,0,0,0
4130,log_684_1708942927.xes,0.0,na,['gradual'],1,2,0,1,gradual_start,[1247],[1242],3528,0.1,352,1,0,1
4131,log_684_1708942927.xes,0.0,na,['gradual'],1,2,0,1,gradual_end,[1759],[1752],3528,0.1,352,1,0,1
4132,log_831_1708942930.xes,0.3,na,"['sudden', 'sudden']",2,2,2,0,no_drift,[],[],5022,0.1,502,0,0,0
4133,log_831_1708942930.xes,0.3,na,"['sudden', 'sudden']",2,2,2,0,sudden,"[1892, 3063]","[3026, 1851]",5022,0.1,502,2,0,2
4134,log_831_1708942930.xes,0.3,na,"['sudden', 'sudden']",2,2,2,0,gradual_start,[],[],5022,0.1,502,0,0,0
4135,log_831_1708942930.xes,0.3,na,"['sudden', 'sudden']",2,2,2,0,gradual_end,[],[],5022,0.1,502,0,0,0
4136,log_152_1708942923.xes,0.0,na,"['sudden', 'gradual']",2,3,1,1,no_drift,[],[],4905,0.1,490,0,0,0
4137,log_152_1708942923.xes,0.0,na,"['sudden', 'gradual']",2,3,1,1,sudden,[1846],[1825],4905,0.1,490,1,0,1
4138,log_152_1708942923.xes,0.0,na,"['sudden', 'gradual']",2,3,1,1,gradual_start,[3191],[],4905,0.1,490,0,0,1
4139,log_152_1708942923.xes,0.0,na,"['sudden', 'gradual']",2,3,1,1,gradual_end,[3562],[],4905,0.1,490,0,0,1
4140,log_1000_1708942931.xes,0.0,na,[],0,0,0,0,no_drift,[0],[0],3722,0.1,372,1,0,1
4141,log_1000_1708942931.xes,0.0,na,[],0,0,0,0,sudden,[],[],3722,0.1,372,0,0,0
4142,log_1000_1708942931.xes,0.0,na,[],0,0,0,0,gradual_start,[],[],3722,0.1,372,0,0,0
4143,log_1000_1708942931.xes,0.0,na,[],0,0,0,0,gradual_end,[],[],3722,0.1,372,0,0,0
4144,log_1559_1708942926.xes,0.0,na,"['sudden', 'gradual', 'gradual']",3,5,1,2,no_drift,[],[],7217,0.1,721,0,0,0
4145,log_1559_1708942926.xes,0.0,na,"['sudden', 'gradual', 'gradual']",3,5,1,2,sudden,[1832],[1801],7217,0.1,721,1,0,1
4146,log_1559_1708942926.xes,0.0,na,"['sudden', 'gradual', 'gradual']",3,5,1,2,gradual_start,"[3035, 5407]",[3025],7217,0.1,721,1,0,2
4147,log_1559_1708942926.xes,0.0,na,"['sudden', 'gradual', 'gradual']",3,5,1,2,gradual_end,"[3443, 5974]",[3421],7217,0.1,721,1,0,2
4148,log_1186_1708942928.xes,0.0,na,"['sudden', 'sudden', 'gradual']",3,4,2,1,no_drift,[],[],6346,0.1,634,0,0,0
4149,log_1186_1708942928.xes,0.0,na,"['sudden', 'sudden', 'gradual']",3,4,2,1,sudden,"[1587, 3537]","[3535, 1551]",6346,0.1,634,2,0,2
4150,log_1186_1708942928.xes,0.0,na,"['sudden', 'sudden', 'gradual']",3,4,2,1,gradual_start,[4748],[4744],6346,0.1,634,1,0,1
4151,log_1186_1708942928.xes,0.0,na,"['sudden', 'sudden', 'gradual']",3,4,2,1,gradual_end,[5135],[5054],6346,0.1,634,1,0,1
4152,log_832_1708942934.xes,0.0,na,['gradual'],1,2,0,1,no_drift,[],[],3677,0.1,367,0,0,0
4153,log_832_1708942934.xes,0.0,na,['gradual'],1,2,0,1,sudden,[],[],3677,0.1,367,0,0,0
4154,log_832_1708942934.xes,0.0,na,['gradual'],1,2,0,1,gradual_start,[1723],[1711],3677,0.1,367,1,0,1
4155,log_832_1708942934.xes,0.0,na,['gradual'],1,2,0,1,gradual_end,[2063],[2071],3677,0.1,367,1,0,1
4156,log_1337_1708942931.xes,0.6,na,[],0,0,0,0,no_drift,[0],[0],5448,0.1,544,1,0,1
4157,log_1337_1708942931.xes,0.6,na,[],0,0,0,0,sudden,[],[],5448,0.1,544,0,0,0
4158,log_1337_1708942931.xes,0.6,na,[],0,0,0,0,gradual_start,[],[],5448,0.1,544,0,0,0
4159,log_1337_1708942931.xes,0.6,na,[],0,0,0,0,gradual_end,[],[],5448,0.1,544,0,0,0
4160,log_1375_1708942930.xes,0.0,na,['gradual'],1,2,0,1,no_drift,[],[],3609,0.1,360,0,0,0
4161,log_1375_1708942930.xes,0.0,na,['gradual'],1,2,0,1,sudden,[],[],3609,0.1,360,0,0,0
4162,log_1375_1708942930.xes,0.0,na,['gradual'],1,2,0,1,gradual_start,[1491],[1531],3609,0.1,360,1,0,1
4163,log_1375_1708942930.xes,0.0,na,['gradual'],1,2,0,1,gradual_end,[2083],[2143],3609,0.1,360,1,0,1
4164,log_266_1708942934.xes,0.6,na,[],0,0,0,0,no_drift,[0],[0],1425,0.1,142,1,0,1
4165,log_266_1708942934.xes,0.6,na,[],0,0,0,0,sudden,[],[],1425,0.1,142,0,0,0
4166,log_266_1708942934.xes,0.6,na,[],0,0,0,0,gradual_start,[],[],1425,0.1,142,0,0,0
4167,log_266_1708942934.xes,0.6,na,[],0,0,0,0,gradual_end,[],[],1425,0.1,142,0,0,0
4168,log_1635_1708942931.xes,0.0,na,['gradual'],1,2,0,1,no_drift,[],[],3242,0.1,324,0,0,0
4169,log_1635_1708942931.xes,0.0,na,['gradual'],1,2,0,1,sudden,[],[],3242,0.1,324,0,0,0
4170,log_1635_1708942931.xes,0.0,na,['gradual'],1,2,0,1,gradual_start,[1894],[1889],3242,0.1,324,1,0,1
4171,log_1635_1708942931.xes,0.0,na,['gradual'],1,2,0,1,gradual_end,[2219],[2241],3242,0.1,324,1,0,1
4172,log_1673_1708942932.xes,0.0,na,"['sudden', 'sudden']",2,2,2,0,no_drift,[],[0],4360,0.1,436,0,1,0
4173,log_1673_1708942932.xes,0.0,na,"['sudden', 'sudden']",2,2,2,0,sudden,"[1469, 3332]",[],4360,0.1,436,0,0,2
4174,log_1673_1708942932.xes,0.0,na,"['sudden', 'sudden']",2,2,2,0,gradual_start,[],[],4360,0.1,436,0,0,0
4175,log_1673_1708942932.xes,0.0,na,"['sudden', 'sudden']",2,2,2,0,gradual_end,[],[],4360,0.1,436,0,0,0
4176,log_1001_1708942933.xes,0.6,na,"['gradual', 'gradual']",2,4,0,2,no_drift,[],[],5331,0.1,533,0,0,0
4177,log_1001_1708942933.xes,0.6,na,"['gradual', 'gradual']",2,4,0,2,sudden,[],[],5331,0.1,533,0,0,0
4178,log_1001_1708942933.xes,0.6,na,"['gradual', 'gradual']",2,4,0,2,gradual_start,"[1935, 3671]",[3667],5331,0.1,533,1,0,2
4179,log_1001_1708942933.xes,0.6,na,"['gradual', 'gradual']",2,4,0,2,gradual_end,"[2275, 4225]",[4213],5331,0.1,533,1,0,2
4180,log_1485_1708942934.xes,0.3,na,"['sudden', 'sudden']",2,2,2,0,no_drift,[],[],4115,0.1,411,0,0,0
4181,log_1485_1708942934.xes,0.3,na,"['sudden', 'sudden']",2,2,2,0,sudden,"[1606, 2698]","[2681, 1601]",4115,0.1,411,2,0,2
4182,log_1485_1708942934.xes,0.3,na,"['sudden', 'sudden']",2,2,2,0,gradual_start,[],[],4115,0.1,411,0,0,0
4183,log_1485_1708942934.xes,0.3,na,"['sudden', 'sudden']",2,2,2,0,gradual_end,[],[],4115,0.1,411,0,0,0
4184,log_341_1708942929.xes,0.0,na,"['gradual', 'gradual']",2,4,0,2,no_drift,[],[],5927,0.1,592,0,0,0
4185,log_341_1708942929.xes,0.0,na,"['gradual', 'gradual']",2,4,0,2,sudden,[],[],5927,0.1,592,0,0,0
4186,log_341_1708942929.xes,0.0,na,"['gradual', 'gradual']",2,4,0,2,gradual_start,"[1676, 3908]","[3887, 1654]",5927,0.1,592,2,0,2
4187,log_341_1708942929.xes,0.0,na,"['gradual', 'gradual']",2,4,0,2,gradual_end,"[2072, 4449]","[4438, 2060]",5927,0.1,592,2,0,2
4188,log_1147_1708942928.xes,0.0,na,"['gradual', 'sudden']",2,3,1,1,no_drift,[],[],5835,0.1,583,0,0,0
4189,log_1147_1708942928.xes,0.0,na,"['gradual', 'sudden']",2,3,1,1,sudden,[3879],[],5835,0.1,583,0,0,1
4190,log_1147_1708942928.xes,0.0,na,"['gradual', 'sudden']",2,3,1,1,gradual_start,[1602],[1509],5835,0.1,583,1,0,1
4191,log_1147_1708942928.xes,0.0,na,"['gradual', 'sudden']",2,3,1,1,gradual_end,[2045],[2060],5835,0.1,583,1,0,1
4192,log_1110_1708942930.xes,0.3,na,"['gradual', 'gradual', 'gradual']",3,6,0,3,no_drift,[],[],7693,0.1,769,0,0,0
4193,log_1110_1708942930.xes,0.3,na,"['gradual', 'gradual', 'gradual']",3,6,0,3,sudden,[],[],7693,0.1,769,0,0,0
4194,log_1110_1708942930.xes,0.3,na,"['gradual', 'gradual', 'gradual']",3,6,0,3,gradual_start,"[1849, 3900, 5512]","[5511, 1787]",7693,0.1,769,2,0,3
4195,log_1110_1708942930.xes,0.3,na,"['gradual', 'gradual', 'gradual']",3,6,0,3,gradual_end,"[2248, 4362, 6065]","[6043, 2281]",7693,0.1,769,2,0,3
4196,log_1299_1708942935.xes,0.0,na,[],0,0,0,0,no_drift,[0],[0],3750,0.1,375,1,0,1
4197,log_1299_1708942935.xes,0.0,na,[],0,0,0,0,sudden,[],[],3750,0.1,375,0,0,0
4198,log_1299_1708942935.xes,0.0,na,[],0,0,0,0,gradual_start,[],[],3750,0.1,375,0,0,0
4199,log_1299_1708942935.xes,0.0,na,[],0,0,0,0,gradual_end,[],[],3750,0.1,375,0,0,0
4200,log_529_1708942925.xes,0.0,na,[],0,0,0,0,no_drift,[0],[0],7472,0.1,747,1,0,1
4201,log_529_1708942925.xes,0.0,na,[],0,0,0,0,sudden,[],[],7472,0.1,747,0,0,0
4202,log_529_1708942925.xes,0.0,na,[],0,0,0,0,gradual_start,[],[],7472,0.1,747,0,0,0
4203,log_529_1708942925.xes,0.0,na,[],0,0,0,0,gradual_end,[],[],7472,0.1,747,0,0,0
4204,log_1298_1708942925.xes,0.6,na,"['sudden', 'sudden']",2,2,2,0,no_drift,[],[],4020,0.1,402,0,0,0
4205,log_1298_1708942925.xes,0.6,na,"['sudden', 'sudden']",2,2,2,0,sudden,"[1303, 2755]",[1281],4020,0.1,402,1,0,2
4206,log_1298_1708942925.xes,0.6,na,"['sudden', 'sudden']",2,2,2,0,gradual_start,[],[],4020,0.1,402,0,0,0
4207,log_1298_1708942925.xes,0.6,na,"['sudden', 'sudden']",2,2,2,0,gradual_end,[],[],4020,0.1,402,0,0,0
4208,log_1484_1708942925.xes,0.0,na,"['sudden', 'gradual']",2,3,1,1,no_drift,[],[],4773,0.1,477,0,0,0
4209,log_1484_1708942925.xes,0.0,na,"['sudden', 'gradual']",2,3,1,1,sudden,[1012],[990],4773,0.1,477,1,0,1
4210,log_1484_1708942925.xes,0.0,na,"['sudden', 'gradual']",2,3,1,1,gradual_start,[2776],[],4773,0.1,477,0,0,1
4211,log_1484_1708942925.xes,0.0,na,"['sudden', 'gradual']",2,3,1,1,gradual_end,[3177],[],4773,0.1,477,0,0,1
4212,log_265_1708942910.xes,0.0,na,"['sudden', 'sudden', 'gradual']",3,4,2,1,no_drift,[],[],7153,0.1,715,0,0,0
4213,log_265_1708942910.xes,0.0,na,"['sudden', 'sudden', 'gradual']",3,4,2,1,sudden,"[1989, 3203]","[3151, 1961]",7153,0.1,715,2,0,2
4214,log_265_1708942910.xes,0.0,na,"['sudden', 'sudden', 'gradual']",3,4,2,1,gradual_start,[5117],[5076],7153,0.1,715,1,0,1
4215,log_265_1708942910.xes,0.0,na,"['sudden', 'sudden', 'gradual']",3,4,2,1,gradual_end,[5600],[5566],7153,0.1,715,1,0,1
4216,log_1597_1708942929.xes,0.3,na,[],0,0,0,0,no_drift,[0],[0],4968,0.1,496,1,0,1
4217,log_1597_1708942929.xes,0.3,na,[],0,0,0,0,sudden,[],[],4968,0.1,496,0,0,0
4218,log_1597_1708942929.xes,0.3,na,[],0,0,0,0,gradual_start,[],[],4968,0.1,496,0,0,0
4219,log_1597_1708942929.xes,0.3,na,[],0,0,0,0,gradual_end,[],[],4968,0.1,496,0,0,0
4220,log_1449_1708942930.xes,0.6,na,"['gradual', 'gradual', 'sudden']",3,5,1,2,no_drift,[],[],7199,0.1,719,0,0,0
4221,log_1449_1708942930.xes,0.6,na,"['gradual', 'gradual', 'sudden']",3,5,1,2,sudden,[5466],[5426],7199,0.1,719,1,0,1
4222,log_1449_1708942930.xes,0.6,na,"['gradual', 'gradual', 'sudden']",3,5,1,2,gradual_start,"[1723, 3723]",[3711],7199,0.1,719,1,0,2
4223,log_1449_1708942930.xes,0.6,na,"['gradual', 'gradual', 'sudden']",3,5,1,2,gradual_end,"[2230, 4023]",[4026],7199,0.1,719,1,0,2
4224,log_959_1708942930.xes,0.6,na,[],0,0,0,0,no_drift,[0],[0],4844,0.1,484,1,0,1
4225,log_959_1708942930.xes,0.6,na,[],0,0,0,0,sudden,[],[],4844,0.1,484,0,0,0
4226,log_959_1708942930.xes,0.6,na,[],0,0,0,0,gradual_start,[],[],4844,0.1,484,0,0,0
4227,log_959_1708942930.xes,0.6,na,[],0,0,0,0,gradual_end,[],[],4844,0.1,484,0,0,0
4228,log_1263_1708942929.xes,0.3,na,"['gradual', 'sudden']",2,3,1,1,no_drift,[],[],5005,0.1,500,0,0,0
4229,log_1263_1708942929.xes,0.3,na,"['gradual', 'sudden']",2,3,1,1,sudden,[3800],[3776],5005,0.1,500,1,0,1
4230,log_1263_1708942929.xes,0.3,na,"['gradual', 'sudden']",2,3,1,1,gradual_start,[1973],[1951],5005,0.1,500,1,0,1
4231,log_1263_1708942929.xes,0.3,na,"['gradual', 'sudden']",2,3,1,1,gradual_end,[2443],[2426],5005,0.1,500,1,0,1
4232,log_530_1708942935.xes,0.3,na,"['sudden', 'sudden']",2,2,2,0,no_drift,[],[],4487,0.1,448,0,0,0
4233,log_530_1708942935.xes,0.3,na,"['sudden', 'sudden']",2,2,2,0,sudden,"[1063, 2926]","[2905, 1057]",4487,0.1,448,2,0,2
4234,log_530_1708942935.xes,0.3,na,"['sudden', 'sudden']",2,2,2,0,gradual_start,[],[],4487,0.1,448,0,0,0
4235,log_530_1708942935.xes,0.3,na,"['sudden', 'sudden']",2,2,2,0,gradual_end,[],[],4487,0.1,448,0,0,0
4236,log_960_1708942937.xes,0.3,na,"['gradual', 'gradual']",2,4,0,2,no_drift,[],[0],5635,0.1,563,0,1,0
4237,log_960_1708942937.xes,0.3,na,"['gradual', 'gradual']",2,4,0,2,sudden,[],[],5635,0.1,563,0,0,0
4238,log_960_1708942937.xes,0.3,na,"['gradual', 'gradual']",2,4,0,2,gradual_start,"[1747, 3670]",[],5635,0.1,563,0,0,2
4239,log_960_1708942937.xes,0.3,na,"['gradual', 'gradual']",2,4,0,2,gradual_end,"[2245, 4141]",[],5635,0.1,563,0,0,2
4240,log_833_1708942935.xes,0.0,na,[],0,0,0,0,no_drift,[0],[0],2976,0.1,297,1,0,1
4241,log_833_1708942935.xes,0.0,na,[],0,0,0,0,sudden,[],[],2976,0.1,297,0,0,0
4242,log_833_1708942935.xes,0.0,na,[],0,0,0,0,gradual_start,[],[],2976,0.1,297,0,0,0
4243,log_833_1708942935.xes,0.0,na,[],0,0,0,0,gradual_end,[],[],2976,0.1,297,0,0,0
4244,log_1227_1708942928.xes,0.3,na,"['sudden', 'gradual', 'sudden']",3,4,2,1,no_drift,[],[],7360,0.1,736,0,0,0
4245,log_1227_1708942928.xes,0.3,na,"['sudden', 'gradual', 'sudden']",3,4,2,1,sudden,"[1916, 6164]","[1873, 6121]",7360,0.1,736,2,0,2
4246,log_1227_1708942928.xes,0.3,na,"['sudden', 'gradual', 'sudden']",3,4,2,1,gradual_start,[3837],[],7360,0.1,736,0,0,1
4247,log_1227_1708942928.xes,0.3,na,"['sudden', 'gradual', 'sudden']",3,4,2,1,gradual_end,[4256],[],7360,0.1,736,0,0,1
4248,log_1264_1708942937.xes,0.0,na,[],0,0,0,0,no_drift,[0],[0],3968,0.1,396,1,0,1
4249,log_1264_1708942937.xes,0.0,na,[],0,0,0,0,sudden,[],[],3968,0.1,396,0,0,0
4250,log_1264_1708942937.xes,0.0,na,[],0,0,0,0,gradual_start,[],[],3968,0.1,396,0,0,0
4251,log_1264_1708942937.xes,0.0,na,[],0,0,0,0,gradual_end,[],[],3968,0.1,396,0,0,0
4252,log_1674_1708942935.xes,0.0,na,['gradual'],1,2,0,1,no_drift,[],[],2998,0.1,299,0,0,0
4253,log_1674_1708942935.xes,0.0,na,['gradual'],1,2,0,1,sudden,[],[],2998,0.1,299,0,0,0
4254,log_1674_1708942935.xes,0.0,na,['gradual'],1,2,0,1,gradual_start,[1068],[1065],2998,0.1,299,1,0,1
4255,log_1674_1708942935.xes,0.0,na,['gradual'],1,2,0,1,gradual_end,[1568],[1555],2998,0.1,299,1,0,1
4256,log_1411_1708942931.xes,0.6,na,"['gradual', 'gradual', 'sudden']",3,5,1,2,no_drift,[],[],7484,0.1,748,0,0,0
4257,log_1411_1708942931.xes,0.6,na,"['gradual', 'gradual', 'sudden']",3,5,1,2,sudden,[6107],[6069],7484,0.1,748,1,0,1
4258,log_1411_1708942931.xes,0.6,na,"['gradual', 'gradual', 'sudden']",3,5,1,2,gradual_start,"[1904, 4084]","[4071, 1888]",7484,0.1,748,2,0,2
4259,log_1411_1708942931.xes,0.6,na,"['gradual', 'gradual', 'sudden']",3,5,1,2,gradual_end,"[2488, 4559]","[4478, 2443]",7484,0.1,748,2,0,2
4260,log_342_1708942935.xes,0.3,na,"['sudden', 'sudden']",2,2,2,0,no_drift,[],[],4583,0.1,458,0,0,0
4261,log_342_1708942935.xes,0.3,na,"['sudden', 'sudden']",2,2,2,0,sudden,"[1812, 3488]",[1783],4583,0.1,458,1,0,2
4262,log_342_1708942935.xes,0.3,na,"['sudden', 'sudden']",2,2,2,0,gradual_start,[],[],4583,0.1,458,0,0,0
4263,log_342_1708942935.xes,0.3,na,"['sudden', 'sudden']",2,2,2,0,gradual_end,[],[],4583,0.1,458,0,0,0
4264,log_76_1708942926.xes,0.3,na,"['sudden', 'gradual', 'gradual']",3,5,1,2,no_drift,[],[],6219,0.1,621,0,0,0
4265,log_76_1708942926.xes,0.3,na,"['sudden', 'gradual', 'gradual']",3,5,1,2,sudden,[1189],[1148],6219,0.1,621,1,0,1
4266,log_76_1708942926.xes,0.3,na,"['sudden', 'gradual', 'gradual']",3,5,1,2,gradual_start,"[2770, 4179]",[4155],6219,0.1,621,1,0,2
4267,log_76_1708942926.xes,0.3,na,"['sudden', 'gradual', 'gradual']",3,5,1,2,gradual_end,"[3074, 4663]",[4682],6219,0.1,621,1,0,2
4268,log_1228_1708942937.xes,0.6,na,"['gradual', 'sudden']",2,3,1,1,no_drift,[],[],4898,0.1,489,0,0,0
4269,log_1228_1708942937.xes,0.6,na,"['gradual', 'sudden']",2,3,1,1,sudden,[3617],[3601],4898,0.1,489,1,0,1
4270,log_1228_1708942937.xes,0.6,na,"['gradual', 'sudden']",2,3,1,1,gradual_start,[1274],[],4898,0.1,489,0,0,1
4271,log_1228_1708942937.xes,0.6,na,"['gradual', 'sudden']",2,3,1,1,gradual_end,[1662],[],4898,0.1,489,0,0,1
4272,log_1002_1708942938.xes,0.0,na,['gradual'],1,2,0,1,no_drift,[],[],3700,0.1,370,0,0,0
4273,log_1002_1708942938.xes,0.0,na,['gradual'],1,2,0,1,sudden,[],[],3700,0.1,370,0,0,0
4274,log_1002_1708942938.xes,0.0,na,['gradual'],1,2,0,1,gradual_start,[1891],[1855],3700,0.1,370,1,0,1
4275,log_1002_1708942938.xes,0.0,na,['gradual'],1,2,0,1,gradual_end,[2281],[2287],3700,0.1,370,1,0,1
4276,log_1675_1708942940.xes,0.0,na,[],0,0,0,0,no_drift,[0],[0],3369,0.1,336,1,0,1
4277,log_1675_1708942940.xes,0.0,na,[],0,0,0,0,sudden,[],[],3369,0.1,336,0,0,0
4278,log_1675_1708942940.xes,0.0,na,[],0,0,0,0,gradual_start,[],[],3369,0.1,336,0,0,0
4279,log_1675_1708942940.xes,0.0,na,[],0,0,0,0,gradual_end,[],[],3369,0.1,336,0,0,0
4280,log_1187_1708942933.xes,0.0,na,"['sudden', 'gradual']",2,3,1,1,no_drift,[],[],5026,0.1,502,0,0,0
4281,log_1187_1708942933.xes,0.0,na,"['sudden', 'gradual']",2,3,1,1,sudden,[1820],[1801],5026,0.1,502,1,0,1
4282,log_1187_1708942933.xes,0.0,na,"['sudden', 'gradual']",2,3,1,1,gradual_start,[3081],[3076],5026,0.1,502,1,0,1
4283,log_1187_1708942933.xes,0.0,na,"['sudden', 'gradual']",2,3,1,1,gradual_end,[3557],[3526],5026,0.1,502,1,0,1
4284,log_1598_1708942936.xes,0.6,na,"['gradual', 'gradual']",2,4,0,2,no_drift,[],[0],5626,0.1,562,0,1,0
4285,log_1598_1708942936.xes,0.6,na,"['gradual', 'gradual']",2,4,0,2,sudden,[],[],5626,0.1,562,0,0,0
4286,log_1598_1708942936.xes,0.6,na,"['gradual', 'gradual']",2,4,0,2,gradual_start,"[1837, 3912]",[],5626,0.1,562,0,0,2
4287,log_1598_1708942936.xes,0.6,na,"['gradual', 'gradual']",2,4,0,2,gradual_end,"[2227, 4356]",[],5626,0.1,562,0,0,2
4288,log_1265_1708942939.xes,0.0,na,[],0,0,0,0,no_drift,[0],[0],4904,0.1,490,1,0,1
4289,log_1265_1708942939.xes,0.0,na,[],0,0,0,0,sudden,[],[],4904,0.1,490,0,0,0
4290,log_1265_1708942939.xes,0.0,na,[],0,0,0,0,gradual_start,[],[],4904,0.1,490,0,0,0
4291,log_1265_1708942939.xes,0.0,na,[],0,0,0,0,gradual_end,[],[],4904,0.1,490,0,0,0
4292,log_1450_1708942937.xes,0.0,na,['sudden'],1,1,1,0,no_drift,[],[],3434,0.1,343,0,0,0
4293,log_1450_1708942937.xes,0.0,na,['sudden'],1,1,1,0,sudden,[1516],[],3434,0.1,343,0,0,1
4294,log_1450_1708942937.xes,0.0,na,['sudden'],1,1,1,0,gradual_start,[],[1361],3434,0.1,343,0,1,0
4295,log_1450_1708942937.xes,0.0,na,['sudden'],1,1,1,0,gradual_end,[],[1837],3434,0.1,343,0,1,0
4296,log_1560_1708942932.xes,0.0,na,"['gradual', 'sudden', 'sudden']",3,4,2,1,no_drift,[],[],6707,0.1,670,0,0,0
4297,log_1560_1708942932.xes,0.0,na,"['gradual', 'sudden', 'sudden']",3,4,2,1,sudden,"[3573, 5081]",[5050],6707,0.1,670,1,0,2
4298,log_1560_1708942932.xes,0.0,na,"['gradual', 'sudden', 'sudden']",3,4,2,1,gradual_start,[1205],[],6707,0.1,670,0,0,1
4299,log_1560_1708942932.xes,0.0,na,"['gradual', 'sudden', 'sudden']",3,4,2,1,gradual_end,[1798],[],6707,0.1,670,0,0,1
4300,log_1749_1708942937.xes,0.0,na,"['sudden', 'gradual']",2,3,1,1,no_drift,[],[],5517,0.1,551,0,0,0
4301,log_1749_1708942937.xes,0.0,na,"['sudden', 'gradual']",2,3,1,1,sudden,[1163],[],5517,0.1,551,0,0,1
4302,log_1749_1708942937.xes,0.0,na,"['sudden', 'gradual']",2,3,1,1,gradual_start,[3020],[2998],5517,0.1,551,1,0,1
4303,log_1749_1708942937.xes,0.0,na,"['sudden', 'gradual']",2,3,1,1,gradual_end,[3525],[3511],5517,0.1,551,1,0,1
4304,log_1003_1708942940.xes,0.3,na,['sudden'],1,1,1,0,no_drift,[],[0],2608,0.1,260,0,1,0
4305,log_1003_1708942940.xes,0.3,na,['sudden'],1,1,1,0,sudden,[1296],[],2608,0.1,260,0,0,1
4306,log_1003_1708942940.xes,0.3,na,['sudden'],1,1,1,0,gradual_start,[],[],2608,0.1,260,0,0,0
4307,log_1003_1708942940.xes,0.3,na,['sudden'],1,1,1,0,gradual_end,[],[],2608,0.1,260,0,0,0
4308,log_1004_1708942942.xes,0.0,na,"['gradual', 'sudden']",2,3,1,1,no_drift,[],[],4487,0.1,448,0,0,0
4309,log_1004_1708942942.xes,0.0,na,"['gradual', 'sudden']",2,3,1,1,sudden,[3149],[3125],4487,0.1,448,1,0,1
4310,log_1004_1708942942.xes,0.0,na,"['gradual', 'sudden']",2,3,1,1,gradual_start,[1185],[1123],4487,0.1,448,1,0,1
4311,log_1004_1708942942.xes,0.0,na,"['gradual', 'sudden']",2,3,1,1,gradual_end,[1530],[1541],4487,0.1,448,1,0,1
4312,log_1188_1708942939.xes,0.0,na,['gradual'],1,2,0,1,no_drift,[],[],3434,0.1,343,0,0,0
4313,log_1188_1708942939.xes,0.0,na,['gradual'],1,2,0,1,sudden,[],[],3434,0.1,343,0,0,0
4314,log_1188_1708942939.xes,0.0,na,['gradual'],1,2,0,1,gradual_start,[1379],[1395],3434,0.1,343,1,0,1
4315,log_1188_1708942939.xes,0.0,na,['gradual'],1,2,0,1,gradual_end,[1902],[1871],3434,0.1,343,1,0,1
4316,log_1787_1708942940.xes,0.3,na,"['gradual', 'gradual']",2,4,0,2,no_drift,[],[],6183,0.1,618,0,0,0
4317,log_1787_1708942940.xes,0.3,na,"['gradual', 'gradual']",2,4,0,2,sudden,[],[],6183,0.1,618,0,0,0
4318,log_1787_1708942940.xes,0.3,na,"['gradual', 'gradual']",2,4,0,2,gradual_start,"[1877, 4146]",[1831],6183,0.1,618,1,0,2
4319,log_1787_1708942940.xes,0.3,na,"['gradual', 'gradual']",2,4,0,2,gradual_end,"[2448, 4478]",[2401],6183,0.1,618,1,0,2
4320,log_1486_1708942938.xes,0.0,na,"['gradual', 'sudden', 'gradual']",3,5,1,2,no_drift,[],[],6794,0.1,679,0,0,0
4321,log_1486_1708942938.xes,0.0,na,"['gradual', 'sudden', 'gradual']",3,5,1,2,sudden,[3244],[3235],6794,0.1,679,1,0,1
4322,log_1486_1708942938.xes,0.0,na,"['gradual', 'sudden', 'gradual']",3,5,1,2,gradual_start,"[1289, 4697]",[1288],6794,0.1,679,1,0,2
4323,log_1486_1708942938.xes,0.0,na,"['gradual', 'sudden', 'gradual']",3,5,1,2,gradual_end,"[1628, 5003]",[1585],6794,0.1,679,1,0,2
4324,log_1599_1708942941.xes,0.0,na,['sudden'],1,1,1,0,no_drift,[],[],2647,0.1,264,0,0,0
4325,log_1599_1708942941.xes,0.0,na,['sudden'],1,1,1,0,sudden,[1450],[1431],2647,0.1,264,1,0,1
4326,log_1599_1708942941.xes,0.0,na,['sudden'],1,1,1,0,gradual_start,[],[],2647,0.1,264,0,0,0
4327,log_1599_1708942941.xes,0.0,na,['sudden'],1,1,1,0,gradual_end,[],[],2647,0.1,264,0,0,0
4328,log_1788_1708942943.xes,0.0,na,[],0,0,0,0,no_drift,[0],[0],2760,0.1,276,1,0,1
4329,log_1788_1708942943.xes,0.0,na,[],0,0,0,0,sudden,[],[],2760,0.1,276,0,0,0
4330,log_1788_1708942943.xes,0.0,na,[],0,0,0,0,gradual_start,[],[],2760,0.1,276,0,0,0
4331,log_1788_1708942943.xes,0.0,na,[],0,0,0,0,gradual_end,[],[],2760,0.1,276,0,0,0
4332,log_1600_1708942943.xes,0.0,na,[],0,0,0,0,no_drift,[0],[0],3033,0.1,303,1,0,1
4333,log_1600_1708942943.xes,0.0,na,[],0,0,0,0,sudden,[],[],3033,0.1,303,0,0,0
4334,log_1600_1708942943.xes,0.0,na,[],0,0,0,0,gradual_start,[],[],3033,0.1,303,0,0,0
4335,log_1600_1708942943.xes,0.0,na,[],0,0,0,0,gradual_end,[],[],3033,0.1,303,0,0,0
4336,log_531_1708942938.xes,0.0,na,"['sudden', 'gradual', 'gradual']",3,5,1,2,no_drift,[],[],6705,0.1,670,0,0,0
4337,log_531_1708942938.xes,0.0,na,"['sudden', 'gradual', 'gradual']",3,5,1,2,sudden,[1495],[1453],6705,0.1,670,1,0,1
4338,log_531_1708942938.xes,0.0,na,"['sudden', 'gradual', 'gradual']",3,5,1,2,gradual_start,"[2778, 5113]",[],6705,0.1,670,0,0,2
4339,log_531_1708942938.xes,0.0,na,"['sudden', 'gradual', 'gradual']",3,5,1,2,gradual_end,"[3214, 5559]",[],6705,0.1,670,0,0,2
4340,log_1711_1708942935.xes,0.3,na,"['gradual', 'sudden', 'gradual']",3,5,1,2,no_drift,[],[],7192,0.1,719,0,0,0
4341,log_1711_1708942935.xes,0.3,na,"['gradual', 'sudden', 'gradual']",3,5,1,2,sudden,[3603],[3571],7192,0.1,719,1,0,1
4342,log_1711_1708942935.xes,0.3,na,"['gradual', 'sudden', 'gradual']",3,5,1,2,gradual_start,"[1167, 4984]",[1226],7192,0.1,719,1,0,2
4343,log_1711_1708942935.xes,0.3,na,"['gradual', 'sudden', 'gradual']",3,5,1,2,gradual_end,"[1712, 5422]",[1716],7192,0.1,719,1,0,2
4344,log_1266_1708942941.xes,0.0,na,[],0,0,0,0,no_drift,[0],[0],5856,0.1,585,1,0,1
4345,log_1266_1708942941.xes,0.0,na,[],0,0,0,0,sudden,[],[],5856,0.1,585,0,0,0
4346,log_1266_1708942941.xes,0.0,na,[],0,0,0,0,gradual_start,[],[],5856,0.1,585,0,0,0
4347,log_1266_1708942941.xes,0.0,na,[],0,0,0,0,gradual_end,[],[],5856,0.1,585,0,0,0
4348,log_1376_1708942934.xes,0.6,na,"['sudden', 'sudden']",2,2,2,0,no_drift,[],[],5543,0.1,554,0,0,0
4349,log_1376_1708942934.xes,0.6,na,"['sudden', 'sudden']",2,2,2,0,sudden,"[1601, 3589]","[3565, 1567]",5543,0.1,554,2,0,2
4350,log_1376_1708942934.xes,0.6,na,"['sudden', 'sudden']",2,2,2,0,gradual_start,[],[],5543,0.1,554,0,0,0
4351,log_1376_1708942934.xes,0.6,na,"['sudden', 'sudden']",2,2,2,0,gradual_end,[],[],5543,0.1,554,0,0,0
4352,log_1412_1708942939.xes,0.0,na,"['sudden', 'sudden', 'sudden']",3,3,3,0,no_drift,[],[],6561,0.1,656,0,0,0
4353,log_1412_1708942939.xes,0.0,na,"['sudden', 'sudden', 'sudden']",3,3,3,0,sudden,"[1437, 3022, 4585]","[1409, 3009, 4545]",6561,0.1,656,3,0,3
4354,log_1412_1708942939.xes,0.0,na,"['sudden', 'sudden', 'sudden']",3,3,3,0,gradual_start,[],[],6561,0.1,656,0,0,0
4355,log_1412_1708942939.xes,0.0,na,"['sudden', 'sudden', 'sudden']",3,3,3,0,gradual_end,[],[],6561,0.1,656,0,0,0
4356,log_1487_1708942942.xes,0.3,na,[],0,0,0,0,no_drift,[0],[0],5088,0.1,508,1,0,1
4357,log_1487_1708942942.xes,0.3,na,[],0,0,0,0,sudden,[],[],5088,0.1,508,0,0,0
4358,log_1487_1708942942.xes,0.3,na,[],0,0,0,0,gradual_start,[],[],5088,0.1,508,0,0,0
4359,log_1487_1708942942.xes,0.3,na,[],0,0,0,0,gradual_end,[],[],5088,0.1,508,0,0,0
4360,log_1676_1708942941.xes,0.0,na,"['sudden', 'gradual', 'sudden']",3,4,2,1,no_drift,[],[],5609,0.1,560,0,0,0
4361,log_1676_1708942941.xes,0.0,na,"['sudden', 'gradual', 'sudden']",3,4,2,1,sudden,"[1093, 4086]","[4061, 1065]",5609,0.1,560,2,0,2
4362,log_1676_1708942941.xes,0.0,na,"['sudden', 'gradual', 'sudden']",3,4,2,1,gradual_start,[2509],[2493],5609,0.1,560,1,0,1
4363,log_1676_1708942941.xes,0.0,na,"['sudden', 'gradual', 'sudden']",3,4,2,1,gradual_end,[2968],[2969],5609,0.1,560,1,0,1
4364,log_1413_1708942944.xes,0.0,na,[],0,0,0,0,no_drift,[0],[0],7752,0.1,775,1,0,1
4365,log_1413_1708942944.xes,0.0,na,[],0,0,0,0,sudden,[],[],7752,0.1,775,0,0,0
4366,log_1413_1708942944.xes,0.0,na,[],0,0,0,0,gradual_start,[],[],7752,0.1,775,0,0,0
4367,log_1413_1708942944.xes,0.0,na,[],0,0,0,0,gradual_end,[],[],7752,0.1,775,0,0,0
4368,log_1562_1708942946.xes,0.3,na,[],0,0,0,0,no_drift,[0],[0],1956,0.1,195,1,0,1
4369,log_1562_1708942946.xes,0.3,na,[],0,0,0,0,sudden,[],[],1956,0.1,195,0,0,0
4370,log_1562_1708942946.xes,0.3,na,[],0,0,0,0,gradual_start,[],[],1956,0.1,195,0,0,0
4371,log_1562_1708942946.xes,0.3,na,[],0,0,0,0,gradual_end,[],[],1956,0.1,195,0,0,0
4372,log_1601_1708942944.xes,0.3,na,['gradual'],1,2,0,1,no_drift,[],[],3308,0.1,330,0,0,0
4373,log_1601_1708942944.xes,0.3,na,['gradual'],1,2,0,1,sudden,[],[],3308,0.1,330,0,0,0
4374,log_1601_1708942944.xes,0.3,na,['gradual'],1,2,0,1,gradual_start,[1426],[1377],3308,0.1,330,1,0,1
4375,log_1601_1708942944.xes,0.3,na,['gradual'],1,2,0,1,gradual_end,[1845],[1809],3308,0.1,330,1,0,1
4376,log_1005_1708942944.xes,0.0,na,['gradual'],1,2,0,1,no_drift,[],[0],4120,0.1,412,0,1,0
4377,log_1005_1708942944.xes,0.0,na,['gradual'],1,2,0,1,sudden,[],[],4120,0.1,412,0,0,0
4378,log_1005_1708942944.xes,0.0,na,['gradual'],1,2,0,1,gradual_start,[1863],[],4120,0.1,412,0,0,1
4379,log_1005_1708942944.xes,0.0,na,['gradual'],1,2,0,1,gradual_end,[2166],[],4120,0.1,412,0,0,1
4380,log_1035_1708942945.xes,0.0,na,"['gradual', 'sudden', 'gradual']",3,5,1,2,no_drift,[],[],5700,0.1,570,0,0,0
4381,log_1035_1708942945.xes,0.0,na,"['gradual', 'sudden', 'gradual']",3,5,1,2,sudden,[2708],[2717],5700,0.1,570,1,0,1
4382,log_1035_1708942945.xes,0.0,na,"['gradual', 'sudden', 'gradual']",3,5,1,2,gradual_start,"[1169, 4313]","[1177, 4313]",5700,0.1,570,2,0,2
4383,log_1035_1708942945.xes,0.0,na,"['gradual', 'sudden', 'gradual']",3,5,1,2,gradual_end,"[1481, 4630]","[1485, 4621]",5700,0.1,570,2,0,2
4384,log_1189_1708942942.xes,0.3,na,[],0,0,0,0,no_drift,[0],[0],6172,0.1,617,1,0,1
4385,log_1189_1708942942.xes,0.3,na,[],0,0,0,0,sudden,[],[],6172,0.1,617,0,0,0
4386,log_1189_1708942942.xes,0.3,na,[],0,0,0,0,gradual_start,[],[],6172,0.1,617,0,0,0
4387,log_1189_1708942942.xes,0.3,na,[],0,0,0,0,gradual_end,[],[],6172,0.1,617,0,0,0
4388,log_1300_1708942937.xes,0.0,na,"['sudden', 'gradual']",2,3,1,1,no_drift,[],[],4545,0.1,454,0,0,0
4389,log_1300_1708942937.xes,0.0,na,"['sudden', 'gradual']",2,3,1,1,sudden,[1095],[],4545,0.1,454,0,0,1
4390,log_1300_1708942937.xes,0.0,na,"['sudden', 'gradual']",2,3,1,1,gradual_start,[2396],[2399],4545,0.1,454,1,0,1
4391,log_1300_1708942937.xes,0.0,na,"['sudden', 'gradual']",2,3,1,1,gradual_end,[2868],[2839],4545,0.1,454,1,0,1
4392,log_1561_1708942941.xes,0.3,na,[],0,0,0,0,no_drift,[0],[0],6492,0.1,649,1,0,1
4393,log_1561_1708942941.xes,0.3,na,[],0,0,0,0,sudden,[],[],6492,0.1,649,0,0,0
4394,log_1561_1708942941.xes,0.3,na,[],0,0,0,0,gradual_start,[],[],6492,0.1,649,0,0,0
4395,log_1561_1708942941.xes,0.3,na,[],0,0,0,0,gradual_end,[],[],6492,0.1,649,0,0,0
4396,log_1712_1708942943.xes,0.0,na,"['sudden', 'sudden', 'sudden']",3,3,3,0,no_drift,[],[],6154,0.1,615,0,0,0
4397,log_1712_1708942943.xes,0.0,na,"['sudden', 'sudden', 'sudden']",3,3,3,0,sudden,"[1226, 2870, 4324]","[4291, 2851]",6154,0.1,615,2,0,3
4398,log_1712_1708942943.xes,0.0,na,"['sudden', 'sudden', 'sudden']",3,3,3,0,gradual_start,[],[],6154,0.1,615,0,0,0
4399,log_1712_1708942943.xes,0.0,na,"['sudden', 'sudden', 'sudden']",3,3,3,0,gradual_end,[],[],6154,0.1,615,0,0,0
4400,log_961_1708942940.xes,0.3,na,"['sudden', 'sudden', 'gradual']",3,4,2,1,no_drift,[],[],6621,0.1,662,0,0,0
4401,log_961_1708942940.xes,0.3,na,"['sudden', 'sudden', 'gradual']",3,4,2,1,sudden,"[1617, 2744]",[],6621,0.1,662,0,0,2
4402,log_961_1708942940.xes,0.3,na,"['sudden', 'sudden', 'gradual']",3,4,2,1,gradual_start,[4364],[4390],6621,0.1,662,1,0,1
4403,log_961_1708942940.xes,0.3,na,"['sudden', 'sudden', 'gradual']",3,4,2,1,gradual_end,[4925],[4951],6621,0.1,662,1,0,1
4404,log_1071_1708942931.xes,0.0,na,"['gradual', 'gradual', 'sudden']",3,5,1,2,no_drift,[],[],6181,0.1,618,0,0,0
4405,log_1071_1708942931.xes,0.0,na,"['gradual', 'gradual', 'sudden']",3,5,1,2,sudden,[4462],[4441],6181,0.1,618,1,0,1
4406,log_1071_1708942931.xes,0.0,na,"['gradual', 'gradual', 'sudden']",3,5,1,2,gradual_start,"[1309, 2627]",[1321],6181,0.1,618,1,0,2
4407,log_1071_1708942931.xes,0.0,na,"['gradual', 'gradual', 'sudden']",3,5,1,2,gradual_end,"[1621, 3128]",[1621],6181,0.1,618,1,0,2
4408,log_1034_1708942931.xes,0.3,na,"['sudden', 'sudden', 'gradual']",3,4,2,1,no_drift,[],[],5999,0.1,599,0,0,0
4409,log_1034_1708942931.xes,0.3,na,"['sudden', 'sudden', 'gradual']",3,4,2,1,sudden,"[1174, 2552]",[],5999,0.1,599,0,0,2
4410,log_1034_1708942931.xes,0.3,na,"['sudden', 'sudden', 'gradual']",3,4,2,1,gradual_start,[4224],[4206],5999,0.1,599,1,0,1
4411,log_1034_1708942931.xes,0.3,na,"['sudden', 'sudden', 'gradual']",3,4,2,1,gradual_end,[4695],[4699],5999,0.1,599,1,0,1
4412,log_1414_1708942946.xes,0.0,na,"['sudden', 'gradual']",2,3,1,1,no_drift,[],[],4293,0.1,429,0,0,0
4413,log_1414_1708942946.xes,0.0,na,"['sudden', 'gradual']",2,3,1,1,sudden,[1196],"[2668, 1177]",4293,0.1,429,1,1,1
4414,log_1414_1708942946.xes,0.0,na,"['sudden', 'gradual']",2,3,1,1,gradual_start,[2677],[],4293,0.1,429,0,0,1
4415,log_1414_1708942946.xes,0.0,na,"['sudden', 'gradual']",2,3,1,1,gradual_end,[3132],[],4293,0.1,429,0,0,1
4416,log_1563_1708942947.xes,0.3,na,[],0,0,0,0,no_drift,[0],[0],3003,0.1,300,1,0,1
4417,log_1563_1708942947.xes,0.3,na,[],0,0,0,0,sudden,[],[],3003,0.1,300,0,0,0
4418,log_1563_1708942947.xes,0.3,na,[],0,0,0,0,gradual_start,[],[],3003,0.1,300,0,0,0
4419,log_1563_1708942947.xes,0.3,na,[],0,0,0,0,gradual_end,[],[],3003,0.1,300,0,0,0
4420,log_532_1708942944.xes,0.6,na,"['gradual', 'gradual']",2,4,0,2,no_drift,[],[],4820,0.1,482,0,0,0
4421,log_532_1708942944.xes,0.6,na,"['gradual', 'gradual']",2,4,0,2,sudden,[],[],4820,0.1,482,0,0,0
4422,log_532_1708942944.xes,0.6,na,"['gradual', 'gradual']",2,4,0,2,gradual_start,"[1537, 3092]",[3097],4820,0.1,482,1,0,2
4423,log_532_1708942944.xes,0.6,na,"['gradual', 'gradual']",2,4,0,2,gradual_end,"[1915, 3559]",[3553],4820,0.1,482,1,0,2
4424,log_834_1708942939.xes,0.0,na,"['sudden', 'gradual']",2,3,1,1,no_drift,[],[],4912,0.1,491,0,0,0
4425,log_834_1708942939.xes,0.0,na,"['sudden', 'gradual']",2,3,1,1,sudden,[1332],[],4912,0.1,491,0,0,1
4426,log_834_1708942939.xes,0.0,na,"['sudden', 'gradual']",2,3,1,1,gradual_start,[3008],[3001],4912,0.1,491,1,0,1
4427,log_834_1708942939.xes,0.0,na,"['sudden', 'gradual']",2,3,1,1,gradual_end,[3532],[3529],4912,0.1,491,1,0,1
4428,log_1415_1708942949.xes,0.0,na,[],0,0,0,0,no_drift,[0],[0],4398,0.1,439,1,0,1
4429,log_1415_1708942949.xes,0.0,na,[],0,0,0,0,sudden,[],[],4398,0.1,439,0,0,0
4430,log_1415_1708942949.xes,0.0,na,[],0,0,0,0,gradual_start,[],[],4398,0.1,439,0,0,0
4431,log_1415_1708942949.xes,0.0,na,[],0,0,0,0,gradual_end,[],[],4398,0.1,439,0,0,0
4432,log_1636_1708942934.xes,0.0,na,"['gradual', 'gradual', 'gradual']",3,6,0,3,no_drift,[],[],7470,0.1,747,0,0,0
4433,log_1636_1708942934.xes,0.0,na,"['gradual', 'gradual', 'gradual']",3,6,0,3,sudden,[],[],7470,0.1,747,0,0,0
4434,log_1636_1708942934.xes,0.0,na,"['gradual', 'gradual', 'gradual']",3,6,0,3,gradual_start,"[1515, 3789, 5889]",[1481],7470,0.1,747,1,0,3
4435,log_1636_1708942934.xes,0.0,na,"['gradual', 'gradual', 'gradual']",3,6,0,3,gradual_end,"[1852, 4368, 6297]",[1851],7470,0.1,747,1,0,3
4436,log_1637_1708942948.xes,0.3,na,"['sudden', 'sudden']",2,2,2,0,no_drift,[],[],4194,0.1,419,0,0,0
4437,log_1637_1708942948.xes,0.3,na,"['sudden', 'sudden']",2,2,2,0,sudden,"[1905, 3172]","[3161, 1881]",4194,0.1,419,2,0,2
4438,log_1637_1708942948.xes,0.3,na,"['sudden', 'sudden']",2,2,2,0,gradual_start,[],[],4194,0.1,419,0,0,0
4439,log_1637_1708942948.xes,0.3,na,"['sudden', 'sudden']",2,2,2,0,gradual_end,[],[],4194,0.1,419,0,0,0
4440,log_1602_1708942947.xes,0.0,na,['sudden'],1,1,1,0,no_drift,[],[],3300,0.1,330,0,0,0
4441,log_1602_1708942947.xes,0.0,na,['sudden'],1,1,1,0,sudden,[1337],[1329],3300,0.1,330,1,0,1
4442,log_1602_1708942947.xes,0.0,na,['sudden'],1,1,1,0,gradual_start,[],[],3300,0.1,330,0,0,0
4443,log_1602_1708942947.xes,0.0,na,['sudden'],1,1,1,0,gradual_end,[],[],3300,0.1,330,0,0,0
4444,log_1148_1708942935.xes,0.6,na,"['sudden', 'sudden', 'gradual']",3,4,2,1,no_drift,[],[],7720,0.1,772,0,0,0
4445,log_1148_1708942935.xes,0.6,na,"['sudden', 'sudden', 'gradual']",3,4,2,1,sudden,"[1954, 3767]","[3725, 1939]",7720,0.1,772,2,0,2
4446,log_1148_1708942935.xes,0.6,na,"['sudden', 'sudden', 'gradual']",3,4,2,1,gradual_start,[5359],[5321],7720,0.1,772,1,0,1
4447,log_1148_1708942935.xes,0.6,na,"['sudden', 'sudden', 'gradual']",3,4,2,1,gradual_end,[5823],[5815],7720,0.1,772,1,0,1
4448,log_1149_1708942951.xes,0.3,na,[],0,0,0,0,no_drift,[0],[0],1478,0.1,147,1,0,1
4449,log_1149_1708942951.xes,0.3,na,[],0,0,0,0,sudden,[],[],1478,0.1,147,0,0,0
4450,log_1149_1708942951.xes,0.3,na,[],0,0,0,0,gradual_start,[],[],1478,0.1,147,0,0,0
4451,log_1149_1708942951.xes,0.3,na,[],0,0,0,0,gradual_end,[],[],1478,0.1,147,0,0,0
4452,log_1072_1708942947.xes,0.0,na,"['gradual', 'sudden', 'gradual']",3,5,1,2,no_drift,[],[],7139,0.1,713,0,0,0
4453,log_1072_1708942947.xes,0.0,na,"['gradual', 'sudden', 'gradual']",3,5,1,2,sudden,[3851],[3851],7139,0.1,713,1,0,1
4454,log_1072_1708942947.xes,0.0,na,"['gradual', 'sudden', 'gradual']",3,5,1,2,gradual_start,"[1967, 4917]",[],7139,0.1,713,0,0,2
4455,log_1072_1708942947.xes,0.0,na,"['gradual', 'sudden', 'gradual']",3,5,1,2,gradual_end,"[2484, 5219]",[],7139,0.1,713,0,0,2
4456,log_1524_1708942931.xes,0.6,na,"['gradual', 'gradual', 'gradual']",3,6,0,3,no_drift,[],[],8002,0.1,800,0,0,0
4457,log_1524_1708942931.xes,0.6,na,"['gradual', 'gradual', 'gradual']",3,6,0,3,sudden,[],[],8002,0.1,800,0,0,0
4458,log_1524_1708942931.xes,0.6,na,"['gradual', 'gradual', 'gradual']",3,6,0,3,gradual_start,"[1661, 3396, 5516]","[3361, 1601]",8002,0.1,800,2,0,3
4459,log_1524_1708942931.xes,0.6,na,"['gradual', 'gradual', 'gradual']",3,6,0,3,gradual_end,"[2007, 3864, 6080]","[3801, 1961]",8002,0.1,800,2,0,3
4460,log_1377_1708942944.xes,0.0,na,"['sudden', 'sudden']",2,2,2,0,no_drift,[],[],4638,0.1,463,0,0,0
4461,log_1377_1708942944.xes,0.0,na,"['sudden', 'sudden']",2,2,2,0,sudden,"[1867, 3282]",[3267],4638,0.1,463,1,0,2
4462,log_1377_1708942944.xes,0.0,na,"['sudden', 'sudden']",2,2,2,0,gradual_start,[],[],4638,0.1,463,0,0,0
4463,log_1377_1708942944.xes,0.0,na,"['sudden', 'sudden']",2,2,2,0,gradual_end,[],[],4638,0.1,463,0,0,0
4464,log_1750_1708942942.xes,0.6,na,"['gradual', 'sudden', 'sudden']",3,4,2,1,no_drift,[],[],5670,0.1,567,0,0,0
4465,log_1750_1708942942.xes,0.6,na,"['gradual', 'sudden', 'sudden']",3,4,2,1,sudden,"[3008, 4221]","[4201, 2969]",5670,0.1,567,2,0,2
4466,log_1750_1708942942.xes,0.6,na,"['gradual', 'sudden', 'sudden']",3,4,2,1,gradual_start,[1403],[],5670,0.1,567,0,0,1
4467,log_1750_1708942942.xes,0.6,na,"['gradual', 'sudden', 'sudden']",3,4,2,1,gradual_end,[1869],[],5670,0.1,567,0,0,1
4468,log_1451_1708942941.xes,0.0,na,"['gradual', 'sudden']",2,3,1,1,no_drift,[],[],6062,0.1,606,0,0,0
4469,log_1451_1708942941.xes,0.0,na,"['gradual', 'sudden']",2,3,1,1,sudden,[4255],[4231],6062,0.1,606,1,0,1
4470,log_1451_1708942941.xes,0.0,na,"['gradual', 'sudden']",2,3,1,1,gradual_start,[1985],[],6062,0.1,606,0,0,1
4471,log_1451_1708942941.xes,0.0,na,"['gradual', 'sudden']",2,3,1,1,gradual_end,[2342],[],6062,0.1,606,0,0,1
4472,log_835_1708942949.xes,0.0,na,"['gradual', 'sudden']",2,3,1,1,no_drift,[],[],4404,0.1,440,0,0,0
4473,log_835_1708942949.xes,0.0,na,"['gradual', 'sudden']",2,3,1,1,sudden,[2806],[2795],4404,0.1,440,1,0,1
4474,log_835_1708942949.xes,0.0,na,"['gradual', 'sudden']",2,3,1,1,gradual_start,[1060],[1035],4404,0.1,440,1,0,1
4475,log_835_1708942949.xes,0.0,na,"['gradual', 'sudden']",2,3,1,1,gradual_end,[1577],[1607],4404,0.1,440,1,0,1
4476,log_1713_1708942948.xes,0.0,na,"['gradual', 'sudden']",2,3,1,1,no_drift,[],[],4308,0.1,430,0,0,0
4477,log_1713_1708942948.xes,0.0,na,"['gradual', 'sudden']",2,3,1,1,sudden,[3113],[3109],4308,0.1,430,1,0,1
4478,log_1713_1708942948.xes,0.0,na,"['gradual', 'sudden']",2,3,1,1,gradual_start,[1468],[1492],4308,0.1,430,1,0,1
4479,log_1713_1708942948.xes,0.0,na,"['gradual', 'sudden']",2,3,1,1,gradual_end,[1964],[1954],4308,0.1,430,1,0,1
4480,log_1564_1708942949.xes,0.0,na,"['gradual', 'sudden']",2,3,1,1,no_drift,[],[],5596,0.1,559,0,0,0
4481,log_1564_1708942949.xes,0.0,na,"['gradual', 'sudden']",2,3,1,1,sudden,[3625],[3592],5596,0.1,559,1,0,1
4482,log_1564_1708942949.xes,0.0,na,"['gradual', 'sudden']",2,3,1,1,gradual_start,[1324],[],5596,0.1,559,0,0,1
4483,log_1564_1708942949.xes,0.0,na,"['gradual', 'sudden']",2,3,1,1,gradual_end,[1687],[],5596,0.1,559,0,0,1
4484,log_1825_1708942949.xes,0.3,na,[],0,0,0,0,no_drift,[0],[0],3494,0.1,349,1,0,1
4485,log_1825_1708942949.xes,0.3,na,[],0,0,0,0,sudden,[],[],3494,0.1,349,0,0,0
4486,log_1825_1708942949.xes,0.3,na,[],0,0,0,0,gradual_start,[],[],3494,0.1,349,0,0,0
4487,log_1825_1708942949.xes,0.3,na,[],0,0,0,0,gradual_end,[],[],3494,0.1,349,0,0,0
4488,log_1452_1708942950.xes,0.0,na,"['sudden', 'gradual']",2,3,1,1,no_drift,[],[],5334,0.1,533,0,0,0
4489,log_1452_1708942950.xes,0.0,na,"['sudden', 'gradual']",2,3,1,1,sudden,[1928],[1925],5334,0.1,533,1,0,1
4490,log_1452_1708942950.xes,0.0,na,"['sudden', 'gradual']",2,3,1,1,gradual_start,[3200],[],5334,0.1,533,0,0,1
4491,log_1452_1708942950.xes,0.0,na,"['sudden', 'gradual']",2,3,1,1,gradual_end,[3594],[],5334,0.1,533,0,0,1
4492,log_1006_1708942947.xes,0.0,na,['gradual'],1,2,0,1,no_drift,[],[],3236,0.1,323,0,0,0
4493,log_1006_1708942947.xes,0.0,na,['gradual'],1,2,0,1,sudden,[],[],3236,0.1,323,0,0,0
4494,log_1006_1708942947.xes,0.0,na,['gradual'],1,2,0,1,gradual_start,[1121],[1153],3236,0.1,323,1,0,1
4495,log_1006_1708942947.xes,0.0,na,['gradual'],1,2,0,1,gradual_end,[1630],[1601],3236,0.1,323,1,0,1
4496,log_962_1708942946.xes,0.0,na,[],0,0,0,0,no_drift,[0],[0],5744,0.1,574,1,0,1
4497,log_962_1708942946.xes,0.0,na,[],0,0,0,0,sudden,[],[],5744,0.1,574,0,0,0
4498,log_962_1708942946.xes,0.0,na,[],0,0,0,0,gradual_start,[],[],5744,0.1,574,0,0,0
4499,log_962_1708942946.xes,0.0,na,[],0,0,0,0,gradual_end,[],[],5744,0.1,574,0,0,0
4500,log_1488_1708942945.xes,0.0,na,"['gradual', 'gradual', 'gradual']",3,6,0,3,no_drift,[],[],6822,0.1,682,0,0,0
4501,log_1488_1708942945.xes,0.0,na,"['gradual', 'gradual', 'gradual']",3,6,0,3,sudden,[],[],6822,0.1,682,0,0,0
4502,log_1488_1708942945.xes,0.0,na,"['gradual', 'gradual', 'gradual']",3,6,0,3,gradual_start,"[1477, 3077, 4504]","[4489, 3061]",6822,0.1,682,2,0,3
4503,log_1488_1708942945.xes,0.0,na,"['gradual', 'gradual', 'gradual']",3,6,0,3,gradual_end,"[1962, 3433, 4868]","[4863, 3401]",6822,0.1,682,2,0,3
4504,log_1229_1708942940.xes,0.0,na,"['sudden', 'gradual']",2,3,1,1,no_drift,[],[],5839,0.1,583,0,0,0
4505,log_1229_1708942940.xes,0.0,na,"['sudden', 'gradual']",2,3,1,1,sudden,[1753],[1712],5839,0.1,583,1,0,1
4506,log_1229_1708942940.xes,0.0,na,"['sudden', 'gradual']",2,3,1,1,gradual_start,[3446],[],5839,0.1,583,0,0,1
4507,log_1229_1708942940.xes,0.0,na,"['sudden', 'gradual']",2,3,1,1,gradual_end,[3866],[],5839,0.1,583,0,0,1
4508,log_1677_1708942945.xes,0.6,na,[],0,0,0,0,no_drift,[0],[0],5312,0.1,531,1,0,1
4509,log_1677_1708942945.xes,0.6,na,[],0,0,0,0,sudden,[],[],5312,0.1,531,0,0,0
4510,log_1677_1708942945.xes,0.6,na,[],0,0,0,0,gradual_start,[],[],5312,0.1,531,0,0,0
4511,log_1677_1708942945.xes,0.6,na,[],0,0,0,0,gradual_end,[],[],5312,0.1,531,0,0,0
4512,log_1751_1708942951.xes,0.0,na,[],0,0,0,0,no_drift,[0],[0],3106,0.1,310,1,0,1
4513,log_1751_1708942951.xes,0.0,na,[],0,0,0,0,sudden,[],[],3106,0.1,310,0,0,0
4514,log_1751_1708942951.xes,0.0,na,[],0,0,0,0,gradual_start,[],[],3106,0.1,310,0,0,0
4515,log_1751_1708942951.xes,0.0,na,[],0,0,0,0,gradual_end,[],[],3106,0.1,310,0,0,0
4516,log_1789_1708942945.xes,0.6,na,"['sudden', 'sudden']",2,2,2,0,no_drift,[],[],4160,0.1,416,0,0,0
4517,log_1789_1708942945.xes,0.6,na,"['sudden', 'sudden']",2,2,2,0,sudden,"[1037, 2306]","[2281, 1021]",4160,0.1,416,2,0,2
4518,log_1789_1708942945.xes,0.6,na,"['sudden', 'sudden']",2,2,2,0,gradual_start,[],[],4160,0.1,416,0,0,0
4519,log_1789_1708942945.xes,0.6,na,"['sudden', 'sudden']",2,2,2,0,gradual_end,[],[],4160,0.1,416,0,0,0
4520,log_1638_1708942952.xes,0.0,na,['sudden'],1,1,1,0,no_drift,[],[],2697,0.1,269,0,0,0
4521,log_1638_1708942952.xes,0.0,na,['sudden'],1,1,1,0,sudden,[1013],[989],2697,0.1,269,1,0,1
4522,log_1638_1708942952.xes,0.0,na,['sudden'],1,1,1,0,gradual_start,[],[],2697,0.1,269,0,0,0
4523,log_1638_1708942952.xes,0.0,na,['sudden'],1,1,1,0,gradual_end,[],[],2697,0.1,269,0,0,0
4524,log_1073_1708942952.xes,0.6,na,['sudden'],1,1,1,0,no_drift,[],[],2992,0.1,299,0,0,0
4525,log_1073_1708942952.xes,0.6,na,['sudden'],1,1,1,0,sudden,[1859],[1849],2992,0.1,299,1,0,1
4526,log_1073_1708942952.xes,0.6,na,['sudden'],1,1,1,0,gradual_start,[],[],2992,0.1,299,0,0,0
4527,log_1073_1708942952.xes,0.6,na,['sudden'],1,1,1,0,gradual_end,[],[],2992,0.1,299,0,0,0
4528,log_1790_1708942953.xes,0.0,na,[],0,0,0,0,no_drift,[0],[0],5133,0.1,513,1,0,1
4529,log_1790_1708942953.xes,0.0,na,[],0,0,0,0,sudden,[],[],5133,0.1,513,0,0,0
4530,log_1790_1708942953.xes,0.0,na,[],0,0,0,0,gradual_start,[],[],5133,0.1,513,0,0,0
4531,log_1790_1708942953.xes,0.0,na,[],0,0,0,0,gradual_end,[],[],5133,0.1,513,0,0,0
4532,log_1826_1708942953.xes,0.0,na,['sudden'],1,1,1,0,no_drift,[],[],3038,0.1,303,0,0,0
4533,log_1826_1708942953.xes,0.0,na,['sudden'],1,1,1,0,sudden,[1202],[1186],3038,0.1,303,1,0,1
4534,log_1826_1708942953.xes,0.0,na,['sudden'],1,1,1,0,gradual_start,[],[],3038,0.1,303,0,0,0
4535,log_1826_1708942953.xes,0.0,na,['sudden'],1,1,1,0,gradual_end,[],[],3038,0.1,303,0,0,0
4536,log_1007_1708942952.xes,0.0,na,"['gradual', 'gradual']",2,4,0,2,no_drift,[],[0],5332,0.1,533,0,1,0
4537,log_1007_1708942952.xes,0.0,na,"['gradual', 'gradual']",2,4,0,2,sudden,[],[],5332,0.1,533,0,0,0
4538,log_1007_1708942952.xes,0.0,na,"['gradual', 'gradual']",2,4,0,2,gradual_start,"[1328, 3635]",[],5332,0.1,533,0,0,2
4539,log_1007_1708942952.xes,0.0,na,"['gradual', 'gradual']",2,4,0,2,gradual_end,"[1732, 4141]",[],5332,0.1,533,0,0,2
4540,log_1267_1708942944.xes,0.3,na,"['sudden', 'sudden']",2,2,2,0,no_drift,[],[],5639,0.1,563,0,0,0
4541,log_1267_1708942944.xes,0.3,na,"['sudden', 'sudden']",2,2,2,0,sudden,"[1997, 3641]",[3613],5639,0.1,563,1,0,2
4542,log_1267_1708942944.xes,0.3,na,"['sudden', 'sudden']",2,2,2,0,gradual_start,[],[],5639,0.1,563,0,0,0
4543,log_1267_1708942944.xes,0.3,na,"['sudden', 'sudden']",2,2,2,0,gradual_end,[],[],5639,0.1,563,0,0,0
4544,log_1678_1708942954.xes,0.0,na,['sudden'],1,1,1,0,no_drift,[],[],3480,0.1,348,0,0,0
4545,log_1678_1708942954.xes,0.0,na,['sudden'],1,1,1,0,sudden,[1999],[1990],3480,0.1,348,1,0,1
4546,log_1678_1708942954.xes,0.0,na,['sudden'],1,1,1,0,gradual_start,[],[],3480,0.1,348,0,0,0
4547,log_1678_1708942954.xes,0.0,na,['sudden'],1,1,1,0,gradual_end,[],[],3480,0.1,348,0,0,0
4548,log_1230_1708942952.xes,0.6,na,['gradual'],1,2,0,1,no_drift,[],[],3448,0.1,344,0,0,0
4549,log_1230_1708942952.xes,0.6,na,['gradual'],1,2,0,1,sudden,[],[],3448,0.1,344,0,0,0
4550,log_1230_1708942952.xes,0.6,na,['gradual'],1,2,0,1,gradual_start,[1157],[1140],3448,0.1,344,1,0,1
4551,log_1230_1708942952.xes,0.6,na,['gradual'],1,2,0,1,gradual_end,[1640],[1582],3448,0.1,344,1,0,1
4552,log_1714_1708942952.xes,0.6,na,['sudden'],1,1,1,0,no_drift,[],[],2924,0.1,292,0,0,0
4553,log_1714_1708942952.xes,0.6,na,['sudden'],1,1,1,0,sudden,[1524],[1513],2924,0.1,292,1,0,1
4554,log_1714_1708942952.xes,0.6,na,['sudden'],1,1,1,0,gradual_start,[],[],2924,0.1,292,0,0,0
4555,log_1714_1708942952.xes,0.6,na,['sudden'],1,1,1,0,gradual_end,[],[],2924,0.1,292,0,0,0
4556,log_1338_1708942934.xes,0.0,na,"['sudden', 'gradual', 'gradual']",3,5,1,2,no_drift,[],[],6334,0.1,633,0,0,0
4557,log_1338_1708942934.xes,0.0,na,"['sudden', 'gradual', 'gradual']",3,5,1,2,sudden,[1630],[],6334,0.1,633,0,0,1
4558,log_1338_1708942934.xes,0.0,na,"['sudden', 'gradual', 'gradual']",3,5,1,2,gradual_start,"[3146, 4874]","[3132, 4868]",6334,0.1,633,2,0,2
4559,log_1338_1708942934.xes,0.0,na,"['sudden', 'gradual', 'gradual']",3,5,1,2,gradual_end,"[3742, 5333]","[3721, 5333]",6334,0.1,633,2,0,2
4560,log_1111_1708942936.xes,0.3,na,"['sudden', 'gradual']",2,3,1,1,no_drift,[],[],4931,0.1,493,0,0,0
4561,log_1111_1708942936.xes,0.3,na,"['sudden', 'gradual']",2,3,1,1,sudden,[1601],[1561],4931,0.1,493,1,0,1
4562,log_1111_1708942936.xes,0.3,na,"['sudden', 'gradual']",2,3,1,1,gradual_start,[2671],[2641],4931,0.1,493,1,0,1
4563,log_1111_1708942936.xes,0.3,na,"['sudden', 'gradual']",2,3,1,1,gradual_end,[2996],[3001],4931,0.1,493,1,0,1
4564,log_1074_1708942954.xes,0.0,na,['sudden'],1,1,1,0,no_drift,[],[],2739,0.1,273,0,0,0
4565,log_1074_1708942954.xes,0.0,na,['sudden'],1,1,1,0,sudden,[1510],[1496],2739,0.1,273,1,0,1
4566,log_1074_1708942954.xes,0.0,na,['sudden'],1,1,1,0,gradual_start,[],[],2739,0.1,273,0,0,0
4567,log_1074_1708942954.xes,0.0,na,['sudden'],1,1,1,0,gradual_end,[],[],2739,0.1,273,0,0,0
4568,log_1489_1708942953.xes,0.6,na,['gradual'],1,2,0,1,no_drift,[],[],3395,0.1,339,0,0,0
4569,log_1489_1708942953.xes,0.6,na,['gradual'],1,2,0,1,sudden,[],[],3395,0.1,339,0,0,0
4570,log_1489_1708942953.xes,0.6,na,['gradual'],1,2,0,1,gradual_start,[1424],[1425],3395,0.1,339,1,0,1
4571,log_1489_1708942953.xes,0.6,na,['gradual'],1,2,0,1,gradual_end,[2018],[1985],3395,0.1,339,1,0,1
4572,log_1752_1708942954.xes,0.0,na,"['sudden', 'sudden', 'gradual']",3,4,2,1,no_drift,[],[],6120,0.1,612,0,0,0
4573,log_1752_1708942954.xes,0.0,na,"['sudden', 'sudden', 'gradual']",3,4,2,1,sudden,"[1469, 2914]","[2881, 1411]",6120,0.1,612,2,0,2
4574,log_1752_1708942954.xes,0.0,na,"['sudden', 'sudden', 'gradual']",3,4,2,1,gradual_start,[4658],[],6120,0.1,612,0,0,1
4575,log_1752_1708942954.xes,0.0,na,"['sudden', 'sudden', 'gradual']",3,4,2,1,gradual_end,[5043],[],6120,0.1,612,0,0,1
4576,log_1112_1708942954.xes,0.6,na,['sudden'],1,1,1,0,no_drift,[],[],3421,0.1,342,0,0,0
4577,log_1112_1708942954.xes,0.6,na,['sudden'],1,1,1,0,sudden,[1550],[1531],3421,0.1,342,1,0,1
4578,log_1112_1708942954.xes,0.6,na,['sudden'],1,1,1,0,gradual_start,[],[],3421,0.1,342,0,0,0
4579,log_1112_1708942954.xes,0.6,na,['sudden'],1,1,1,0,gradual_end,[],[],3421,0.1,342,0,0,0
4580,log_1603_1708942951.xes,0.0,na,"['gradual', 'gradual']",2,4,0,2,no_drift,[],[],5655,0.1,565,0,0,0
4581,log_1603_1708942951.xes,0.0,na,"['gradual', 'gradual']",2,4,0,2,sudden,[],[],5655,0.1,565,0,0,0
4582,log_1603_1708942951.xes,0.0,na,"['gradual', 'gradual']",2,4,0,2,gradual_start,"[1237, 3084]",[3053],5655,0.1,565,1,0,2
4583,log_1603_1708942951.xes,0.0,na,"['gradual', 'gradual']",2,4,0,2,gradual_end,"[1742, 3665]",[3641],5655,0.1,565,1,0,2
4584,log_1268_1708942955.xes,0.0,na,['gradual'],1,2,0,1,no_drift,[],[],3466,0.1,346,0,0,0
4585,log_1268_1708942955.xes,0.0,na,['gradual'],1,2,0,1,sudden,[],[],3466,0.1,346,0,0,0
4586,log_1268_1708942955.xes,0.0,na,['gradual'],1,2,0,1,gradual_start,[1269],[1242],3466,0.1,346,1,0,1
4587,log_1268_1708942955.xes,0.0,na,['gradual'],1,2,0,1,gradual_end,[1732],[1735],3466,0.1,346,1,0,1
4588,log_1231_1708942955.xes,0.0,na,"['sudden', 'gradual', 'gradual']",3,5,1,2,no_drift,[],[],5818,0.1,581,0,0,0
4589,log_1231_1708942955.xes,0.0,na,"['sudden', 'gradual', 'gradual']",3,5,1,2,sudden,[1021],[987],5818,0.1,581,1,0,1
4590,log_1231_1708942955.xes,0.0,na,"['sudden', 'gradual', 'gradual']",3,5,1,2,gradual_start,"[2203, 4224]",[2205],5818,0.1,581,1,0,2
4591,log_1231_1708942955.xes,0.0,na,"['sudden', 'gradual', 'gradual']",3,5,1,2,gradual_end,"[2800, 4693]",[2785],5818,0.1,581,1,0,2
4592,log_1416_1708942952.xes,0.0,na,"['gradual', 'sudden', 'sudden']",3,4,2,1,no_drift,[],[],7157,0.1,715,0,0,0
4593,log_1416_1708942952.xes,0.0,na,"['gradual', 'sudden', 'sudden']",3,4,2,1,sudden,"[3547, 5465]",[3536],7157,0.1,715,1,0,2
4594,log_1416_1708942952.xes,0.0,na,"['gradual', 'sudden', 'sudden']",3,4,2,1,gradual_start,[1640],[1611],7157,0.1,715,1,0,1
4595,log_1416_1708942952.xes,0.0,na,"['gradual', 'sudden', 'sudden']",3,4,2,1,gradual_end,[2025],[1961],7157,0.1,715,1,0,1
4596,log_1490_1708942957.xes,0.3,na,[],0,0,0,0,no_drift,[0],[0],3760,0.1,376,1,0,1
4597,log_1490_1708942957.xes,0.3,na,[],0,0,0,0,sudden,[],[],3760,0.1,376,0,0,0
4598,log_1490_1708942957.xes,0.3,na,[],0,0,0,0,gradual_start,[],[],3760,0.1,376,0,0,0
4599,log_1490_1708942957.xes,0.3,na,[],0,0,0,0,gradual_end,[],[],3760,0.1,376,0,0,0
4600,log_1037_1708942957.xes,0.0,na,"['gradual', 'sudden', 'sudden']",3,4,2,1,no_drift,[],[],6725,0.1,672,0,0,0
4601,log_1037_1708942957.xes,0.0,na,"['gradual', 'sudden', 'sudden']",3,4,2,1,sudden,"[3672, 5189]","[3664, 5149]",6725,0.1,672,2,0,2
4602,log_1037_1708942957.xes,0.0,na,"['gradual', 'sudden', 'sudden']",3,4,2,1,gradual_start,[1825],[1783],6725,0.1,672,1,0,1
4603,log_1037_1708942957.xes,0.0,na,"['gradual', 'sudden', 'sudden']",3,4,2,1,gradual_end,[2320],[2278],6725,0.1,672,1,0,1
4604,log_1008_1708942956.xes,0.0,na,"['sudden', 'gradual', 'gradual']",3,5,1,2,no_drift,[],[],6595,0.1,659,0,0,0
4605,log_1008_1708942956.xes,0.0,na,"['sudden', 'gradual', 'gradual']",3,5,1,2,sudden,[1870],[1825],6595,0.1,659,1,0,1
4606,log_1008_1708942956.xes,0.0,na,"['sudden', 'gradual', 'gradual']",3,5,1,2,gradual_start,"[3275, 5000]",[3265],6595,0.1,659,1,0,2
4607,log_1008_1708942956.xes,0.0,na,"['sudden', 'gradual', 'gradual']",3,5,1,2,gradual_end,"[3845, 5552]",[3809],6595,0.1,659,1,0,2
4608,log_1301_1708942944.xes,0.0,na,"['gradual', 'sudden', 'sudden']",3,4,2,1,no_drift,[],[],6598,0.1,659,0,0,0
4609,log_1301_1708942944.xes,0.0,na,"['gradual', 'sudden', 'sudden']",3,4,2,1,sudden,"[3461, 5042]",[5025],6598,0.1,659,1,0,2
4610,log_1301_1708942944.xes,0.0,na,"['gradual', 'sudden', 'sudden']",3,4,2,1,gradual_start,[1906],[1857],6598,0.1,659,1,0,1
4611,log_1301_1708942944.xes,0.0,na,"['gradual', 'sudden', 'sudden']",3,4,2,1,gradual_end,[2348],[2305],6598,0.1,659,1,0,1
4612,log_1036_1708942947.xes,0.6,na,"['sudden', 'sudden']",2,2,2,0,no_drift,[],[],4203,0.1,420,0,0,0
4613,log_1036_1708942947.xes,0.6,na,"['sudden', 'sudden']",2,2,2,0,sudden,"[1730, 2860]","[2836, 1723]",4203,0.1,420,2,0,2
4614,log_1036_1708942947.xes,0.6,na,"['sudden', 'sudden']",2,2,2,0,gradual_start,[],[],4203,0.1,420,0,0,0
4615,log_1036_1708942947.xes,0.6,na,"['sudden', 'sudden']",2,2,2,0,gradual_end,[],[],4203,0.1,420,0,0,0
4616,log_1190_1708942949.xes,0.6,na,"['sudden', 'sudden', 'sudden']",3,3,3,0,no_drift,[],[],5417,0.1,541,0,0,0
4617,log_1190_1708942949.xes,0.6,na,"['sudden', 'sudden', 'sudden']",3,3,3,0,sudden,"[1139, 2476, 4413]","[2431, 4402]",5417,0.1,541,2,0,3
4618,log_1190_1708942949.xes,0.6,na,"['sudden', 'sudden', 'sudden']",3,3,3,0,gradual_start,[],[],5417,0.1,541,0,0,0
4619,log_1190_1708942949.xes,0.6,na,"['sudden', 'sudden', 'sudden']",3,3,3,0,gradual_end,[],[],5417,0.1,541,0,0,0
4620,log_1378_1708942952.xes,0.6,na,[],0,0,0,0,no_drift,[0],[0],5928,0.1,592,1,0,1
4621,log_1378_1708942952.xes,0.6,na,[],0,0,0,0,sudden,[],[],5928,0.1,592,0,0,0
4622,log_1378_1708942952.xes,0.6,na,[],0,0,0,0,gradual_start,[],[],5928,0.1,592,0,0,0
4623,log_1378_1708942952.xes,0.6,na,[],0,0,0,0,gradual_end,[],[],5928,0.1,592,0,0,0
4624,log_1150_1708942952.xes,0.3,na,"['gradual', 'sudden']",2,3,1,1,no_drift,[],[],5199,0.1,519,0,0,0
4625,log_1150_1708942952.xes,0.3,na,"['gradual', 'sudden']",2,3,1,1,sudden,[3480],[3426],5199,0.1,519,1,0,1
4626,log_1150_1708942952.xes,0.3,na,"['gradual', 'sudden']",2,3,1,1,gradual_start,[1785],[],5199,0.1,519,0,0,1
4627,log_1150_1708942952.xes,0.3,na,"['gradual', 'sudden']",2,3,1,1,gradual_end,[2113],[],5199,0.1,519,0,0,1
4628,log_1525_1708942952.xes,0.0,na,"['gradual', 'gradual']",2,4,0,2,no_drift,[],[],5479,0.1,547,0,0,0
4629,log_1525_1708942952.xes,0.0,na,"['gradual', 'gradual']",2,4,0,2,sudden,[],[],5479,0.1,547,0,0,0
4630,log_1525_1708942952.xes,0.0,na,"['gradual', 'gradual']",2,4,0,2,gradual_start,"[1301, 3645]",[1297],5479,0.1,547,1,0,2
4631,log_1525_1708942952.xes,0.0,na,"['gradual', 'gradual']",2,4,0,2,gradual_end,"[1899, 4012]",[1891],5479,0.1,547,1,0,2
4632,log_964_1708942959.xes,0.6,na,[],0,0,0,0,no_drift,[0],[0],1960,0.1,196,1,0,1
4633,log_964_1708942959.xes,0.6,na,[],0,0,0,0,sudden,[],[],1960,0.1,196,0,0,0
4634,log_964_1708942959.xes,0.6,na,[],0,0,0,0,gradual_start,[],[],1960,0.1,196,0,0,0
4635,log_964_1708942959.xes,0.6,na,[],0,0,0,0,gradual_end,[],[],1960,0.1,196,0,0,0
4636,log_1302_1708942955.xes,0.0,na,"['sudden', 'sudden', 'gradual']",3,4,2,1,no_drift,[],[],6039,0.1,603,0,0,0
4637,log_1302_1708942955.xes,0.0,na,"['sudden', 'sudden', 'gradual']",3,4,2,1,sudden,"[1308, 2905]","[2881, 1291]",6039,0.1,603,2,0,2
4638,log_1302_1708942955.xes,0.0,na,"['sudden', 'sudden', 'gradual']",3,4,2,1,gradual_start,[4143],[],6039,0.1,603,0,0,1
4639,log_1302_1708942955.xes,0.0,na,"['sudden', 'sudden', 'gradual']",3,4,2,1,gradual_end,[4497],[],6039,0.1,603,0,0,1
4640,log_963_1708942952.xes,0.6,na,"['gradual', 'gradual', 'sudden']",3,5,1,2,no_drift,[],[],6537,0.1,653,0,0,0
4641,log_963_1708942952.xes,0.6,na,"['gradual', 'gradual', 'sudden']",3,5,1,2,sudden,[5337],[5313],6537,0.1,653,1,0,1
4642,log_963_1708942952.xes,0.6,na,"['gradual', 'gradual', 'sudden']",3,5,1,2,gradual_start,"[1689, 3731]","[1665, 3713]",6537,0.1,653,2,0,2
4643,log_963_1708942952.xes,0.6,na,"['gradual', 'gradual', 'sudden']",3,5,1,2,gradual_end,"[2267, 4126]","[2241, 4097]",6537,0.1,653,2,0,2
4644,log_1753_1708942958.xes,0.0,na,['sudden'],1,1,1,0,no_drift,[],[],2910,0.1,291,0,0,0
4645,log_1753_1708942958.xes,0.0,na,['sudden'],1,1,1,0,sudden,[1811],[1793],2910,0.1,291,1,0,1
4646,log_1753_1708942958.xes,0.0,na,['sudden'],1,1,1,0,gradual_start,[],[],2910,0.1,291,0,0,0
4647,log_1753_1708942958.xes,0.0,na,['sudden'],1,1,1,0,gradual_end,[],[],2910,0.1,291,0,0,0
4648,log_1827_1708942955.xes,0.6,na,"['sudden', 'gradual']",2,3,1,1,no_drift,[],[],5315,0.1,531,0,0,0
4649,log_1827_1708942955.xes,0.6,na,"['sudden', 'gradual']",2,3,1,1,sudden,[1993],[1951],5315,0.1,531,1,0,1
4650,log_1827_1708942955.xes,0.6,na,"['sudden', 'gradual']",2,3,1,1,gradual_start,[3463],[3459],5315,0.1,531,1,0,1
4651,log_1827_1708942955.xes,0.6,na,"['sudden', 'gradual']",2,3,1,1,gradual_end,[3887],[3901],5315,0.1,531,1,0,1
4652,log_1151_1708942958.xes,0.3,na,['gradual'],1,2,0,1,no_drift,[],[],3519,0.1,351,0,0,0
4653,log_1151_1708942958.xes,0.3,na,['gradual'],1,2,0,1,sudden,[],[],3519,0.1,351,0,0,0
4654,log_1151_1708942958.xes,0.3,na,['gradual'],1,2,0,1,gradual_start,[1926],[1939],3519,0.1,351,1,0,1
4655,log_1151_1708942958.xes,0.3,na,['gradual'],1,2,0,1,gradual_end,[2353],[2296],3519,0.1,351,1,0,1
4656,log_1453_1708942954.xes,0.6,na,"['sudden', 'sudden', 'gradual']",3,4,2,1,no_drift,[],[],7295,0.1,729,0,0,0
4657,log_1453_1708942954.xes,0.6,na,"['sudden', 'sudden', 'gradual']",3,4,2,1,sudden,"[1477, 3401]",[3385],7295,0.1,729,1,0,2
4658,log_1453_1708942954.xes,0.6,na,"['sudden', 'sudden', 'gradual']",3,4,2,1,gradual_start,[5012],[5005],7295,0.1,729,1,0,1
4659,log_1453_1708942954.xes,0.6,na,"['sudden', 'sudden', 'gradual']",3,4,2,1,gradual_end,[5462],[5509],7295,0.1,729,1,0,1
4660,log_1339_1708942955.xes,0.0,na,"['gradual', 'sudden', 'gradual']",3,5,1,2,no_drift,[],[],6491,0.1,649,0,0,0
4661,log_1339_1708942955.xes,0.0,na,"['gradual', 'sudden', 'gradual']",3,5,1,2,sudden,[3509],[],6491,0.1,649,0,0,1
4662,log_1339_1708942955.xes,0.0,na,"['gradual', 'sudden', 'gradual']",3,5,1,2,gradual_start,"[1208, 4534]",[1153],6491,0.1,649,1,0,2
4663,log_1339_1708942955.xes,0.0,na,"['gradual', 'sudden', 'gradual']",3,5,1,2,gradual_end,"[1767, 4999]",[1729],6491,0.1,649,1,0,2
4664,log_836_1708942953.xes,0.3,na,['gradual'],1,2,0,1,no_drift,[],[],4172,0.1,417,0,0,0
4665,log_836_1708942953.xes,0.3,na,['gradual'],1,2,0,1,sudden,[],[],4172,0.1,417,0,0,0
4666,log_836_1708942953.xes,0.3,na,['gradual'],1,2,0,1,gradual_start,[1791],[1801],4172,0.1,417,1,0,1
4667,log_836_1708942953.xes,0.3,na,['gradual'],1,2,0,1,gradual_end,[2317],[2381],4172,0.1,417,1,0,1
4668,log_965_1708942960.xes,0.0,na,[],0,0,0,0,no_drift,[0],[0],4528,0.1,452,1,0,1
4669,log_965_1708942960.xes,0.0,na,[],0,0,0,0,sudden,[],[],4528,0.1,452,0,0,0
4670,log_965_1708942960.xes,0.0,na,[],0,0,0,0,gradual_start,[],[],4528,0.1,452,0,0,0
4671,log_965_1708942960.xes,0.0,na,[],0,0,0,0,gradual_end,[],[],4528,0.1,452,0,0,0
4672,log_1075_1708942957.xes,0.3,na,"['gradual', 'gradual']",2,4,0,2,no_drift,[],[],5698,0.1,569,0,0,0
4673,log_1075_1708942957.xes,0.3,na,"['gradual', 'gradual']",2,4,0,2,sudden,[],[],5698,0.1,569,0,0,0
4674,log_1075_1708942957.xes,0.3,na,"['gradual', 'gradual']",2,4,0,2,gradual_start,"[1432, 3502]","[3501, 1429]",5698,0.1,569,2,0,2
4675,log_1075_1708942957.xes,0.3,na,"['gradual', 'gradual']",2,4,0,2,gradual_end,"[1924, 4046]","[4033, 1933]",5698,0.1,569,2,0,2
4676,log_1232_1708942960.xes,0.0,na,"['sudden', 'sudden']",2,2,2,0,no_drift,[],[],4685,0.1,468,0,0,0
4677,log_1232_1708942960.xes,0.0,na,"['sudden', 'sudden']",2,2,2,0,sudden,"[1617, 3200]","[1588, 3175]",4685,0.1,468,2,0,2
4678,log_1232_1708942960.xes,0.0,na,"['sudden', 'sudden']",2,2,2,0,gradual_start,[],[],4685,0.1,468,0,0,0
4679,log_1232_1708942960.xes,0.0,na,"['sudden', 'sudden']",2,2,2,0,gradual_end,[],[],4685,0.1,468,0,0,0
4680,log_1152_1708942961.xes,0.0,na,[],0,0,0,0,no_drift,[0],[0],1904,0.1,190,1,0,1
4681,log_1152_1708942961.xes,0.0,na,[],0,0,0,0,sudden,[],[],1904,0.1,190,0,0,0
4682,log_1152_1708942961.xes,0.0,na,[],0,0,0,0,gradual_start,[],[],1904,0.1,190,0,0,0
4683,log_1152_1708942961.xes,0.0,na,[],0,0,0,0,gradual_end,[],[],1904,0.1,190,0,0,0
4684,log_1191_1708942959.xes,0.3,na,['gradual'],1,2,0,1,no_drift,[],[],3247,0.1,324,0,0,0
4685,log_1191_1708942959.xes,0.3,na,['gradual'],1,2,0,1,sudden,[],[],3247,0.1,324,0,0,0
4686,log_1191_1708942959.xes,0.3,na,['gradual'],1,2,0,1,gradual_start,[1253],[1249],3247,0.1,324,1,0,1
4687,log_1191_1708942959.xes,0.3,na,['gradual'],1,2,0,1,gradual_end,[1683],[1729],3247,0.1,324,1,0,1
4688,log_1076_1708942961.xes,0.0,na,"['sudden', 'sudden']",2,2,2,0,no_drift,[],[0],3676,0.1,367,0,1,0
4689,log_1076_1708942961.xes,0.0,na,"['sudden', 'sudden']",2,2,2,0,sudden,"[1047, 2626]",[],3676,0.1,367,0,0,2
4690,log_1076_1708942961.xes,0.0,na,"['sudden', 'sudden']",2,2,2,0,gradual_start,[],[],3676,0.1,367,0,0,0
4691,log_1076_1708942961.xes,0.0,na,"['sudden', 'sudden']",2,2,2,0,gradual_end,[],[],3676,0.1,367,0,0,0
4692,log_1863_1708942960.xes,0.3,na,['gradual'],1,2,0,1,no_drift,[],[0],4126,0.1,412,0,1,0
4693,log_1863_1708942960.xes,0.3,na,['gradual'],1,2,0,1,sudden,[],[],4126,0.1,412,0,0,0
4694,log_1863_1708942960.xes,0.3,na,['gradual'],1,2,0,1,gradual_start,[1567],[],4126,0.1,412,0,0,1
4695,log_1863_1708942960.xes,0.3,na,['gradual'],1,2,0,1,gradual_end,[2152],[],4126,0.1,412,0,0,1
4696,log_1565_1708942954.xes,0.0,na,"['gradual', 'sudden', 'gradual']",3,5,1,2,no_drift,[],[],6617,0.1,661,0,0,0
4697,log_1565_1708942954.xes,0.0,na,"['gradual', 'sudden', 'gradual']",3,5,1,2,sudden,[3294],[],6617,0.1,661,0,0,1
4698,log_1565_1708942954.xes,0.0,na,"['gradual', 'sudden', 'gradual']",3,5,1,2,gradual_start,"[1563, 4608]","[1519, 4588]",6617,0.1,661,2,0,2
4699,log_1565_1708942954.xes,0.0,na,"['gradual', 'sudden', 'gradual']",3,5,1,2,gradual_end,"[2154, 5069]","[2080, 5050]",6617,0.1,661,2,0,2
4700,log_1192_1708942962.xes,0.6,na,[],0,0,0,0,no_drift,[0],[0],2880,0.1,288,1,0,1
4701,log_1192_1708942962.xes,0.6,na,[],0,0,0,0,sudden,[],[],2880,0.1,288,0,0,0
4702,log_1192_1708942962.xes,0.6,na,[],0,0,0,0,gradual_start,[],[],2880,0.1,288,0,0,0
4703,log_1192_1708942962.xes,0.6,na,[],0,0,0,0,gradual_end,[],[],2880,0.1,288,0,0,0
4704,log_1679_1708942956.xes,0.3,na,['gradual'],1,2,0,1,no_drift,[],[],3595,0.1,359,0,0,0
4705,log_1679_1708942956.xes,0.3,na,['gradual'],1,2,0,1,sudden,[],[],3595,0.1,359,0,0,0
4706,log_1679_1708942956.xes,0.3,na,['gradual'],1,2,0,1,gradual_start,[1247],[1276],3595,0.1,359,1,0,1
4707,log_1679_1708942956.xes,0.3,na,['gradual'],1,2,0,1,gradual_end,[1833],[1837],3595,0.1,359,1,0,1
4708,log_1715_1708942955.xes,0.3,na,['sudden'],1,1,1,0,no_drift,[],[],3684,0.1,368,0,0,0
4709,log_1715_1708942955.xes,0.3,na,['sudden'],1,1,1,0,sudden,[1860],[1855],3684,0.1,368,1,0,1
4710,log_1715_1708942955.xes,0.3,na,['sudden'],1,1,1,0,gradual_start,[],[],3684,0.1,368,0,0,0
4711,log_1715_1708942955.xes,0.3,na,['sudden'],1,1,1,0,gradual_end,[],[],3684,0.1,368,0,0,0
4712,log_1340_1708942960.xes,0.0,na,['sudden'],1,1,1,0,no_drift,[],[],3116,0.1,311,0,0,0
4713,log_1340_1708942960.xes,0.0,na,['sudden'],1,1,1,0,sudden,[1623],[1606],3116,0.1,311,1,0,1
4714,log_1340_1708942960.xes,0.0,na,['sudden'],1,1,1,0,gradual_start,[],[],3116,0.1,311,0,0,0
4715,log_1340_1708942960.xes,0.0,na,['sudden'],1,1,1,0,gradual_end,[],[],3116,0.1,311,0,0,0
4716,log_1379_1708942958.xes,0.6,na,[],0,0,0,0,no_drift,[0],[0],4818,0.1,481,1,0,1
4717,log_1379_1708942958.xes,0.6,na,[],0,0,0,0,sudden,[],[],4818,0.1,481,0,0,0
4718,log_1379_1708942958.xes,0.6,na,[],0,0,0,0,gradual_start,[],[],4818,0.1,481,0,0,0
4719,log_1379_1708942958.xes,0.6,na,[],0,0,0,0,gradual_end,[],[],4818,0.1,481,0,0,0
4720,log_966_1708942963.xes,0.6,na,['sudden'],1,1,1,0,no_drift,[],[],2700,0.1,270,0,0,0
4721,log_966_1708942963.xes,0.6,na,['sudden'],1,1,1,0,sudden,[1657],[1652],2700,0.1,270,1,0,1
4722,log_966_1708942963.xes,0.6,na,['sudden'],1,1,1,0,gradual_start,[],[],2700,0.1,270,0,0,0
4723,log_966_1708942963.xes,0.6,na,['sudden'],1,1,1,0,gradual_end,[],[],2700,0.1,270,0,0,0
4724,log_1491_1708942960.xes,0.6,na,['gradual'],1,2,0,1,no_drift,[],[],3553,0.1,355,0,0,0
4725,log_1491_1708942960.xes,0.6,na,['gradual'],1,2,0,1,sudden,[],[],3553,0.1,355,0,0,0
4726,log_1491_1708942960.xes,0.6,na,['gradual'],1,2,0,1,gradual_start,[1179],[1208],3553,0.1,355,1,0,1
4727,log_1491_1708942960.xes,0.6,na,['gradual'],1,2,0,1,gradual_end,[1765],[1786],3553,0.1,355,1,0,1
4728,log_1680_1708942961.xes,0.0,na,['gradual'],1,2,0,1,no_drift,[],[],2934,0.1,293,0,0,0
4729,log_1680_1708942961.xes,0.0,na,['gradual'],1,2,0,1,sudden,[],[],2934,0.1,293,0,0,0
4730,log_1680_1708942961.xes,0.0,na,['gradual'],1,2,0,1,gradual_start,[1428],[1415],2934,0.1,293,1,0,1
4731,log_1680_1708942961.xes,0.0,na,['gradual'],1,2,0,1,gradual_end,[1793],[1793],2934,0.1,293,1,0,1
4732,log_1113_1708942959.xes,0.0,na,[],0,0,0,0,no_drift,[0],[0],7212,0.1,721,1,0,1
4733,log_1113_1708942959.xes,0.0,na,[],0,0,0,0,sudden,[],[],7212,0.1,721,0,0,0
4734,log_1113_1708942959.xes,0.0,na,[],0,0,0,0,gradual_start,[],[],7212,0.1,721,0,0,0
4735,log_1113_1708942959.xes,0.0,na,[],0,0,0,0,gradual_end,[],[],7212,0.1,721,0,0,0
4736,log_1114_1708942963.xes,0.0,na,[],0,0,0,0,no_drift,[0],[0],2600,0.1,260,1,0,1
4737,log_1114_1708942963.xes,0.0,na,[],0,0,0,0,sudden,[],[],2600,0.1,260,0,0,0
4738,log_1114_1708942963.xes,0.0,na,[],0,0,0,0,gradual_start,[],[],2600,0.1,260,0,0,0
4739,log_1114_1708942963.xes,0.0,na,[],0,0,0,0,gradual_end,[],[],2600,0.1,260,0,0,0
4740,log_1754_1708942960.xes,0.3,na,[],0,0,0,0,no_drift,[0],[0],7668,0.1,766,1,0,1
4741,log_1754_1708942960.xes,0.3,na,[],0,0,0,0,sudden,[],[],7668,0.1,766,0,0,0
4742,log_1754_1708942960.xes,0.3,na,[],0,0,0,0,gradual_start,[],[],7668,0.1,766,0,0,0
4743,log_1754_1708942960.xes,0.3,na,[],0,0,0,0,gradual_end,[],[],7668,0.1,766,0,0,0
4744,log_1864_1708942963.xes,0.6,na,['gradual'],1,2,0,1,no_drift,[],[],3265,0.1,326,0,0,0
4745,log_1864_1708942963.xes,0.6,na,['gradual'],1,2,0,1,sudden,[],[],3265,0.1,326,0,0,0
4746,log_1864_1708942963.xes,0.6,na,['gradual'],1,2,0,1,gradual_start,[1672],[1761],3265,0.1,326,1,0,1
4747,log_1864_1708942963.xes,0.6,na,['gradual'],1,2,0,1,gradual_end,[2176],[2321],3265,0.1,326,1,0,1
4748,log_1193_1708942964.xes,0.0,na,[],0,0,0,0,no_drift,[0],[0],4203,0.1,420,1,0,1
4749,log_1193_1708942964.xes,0.0,na,[],0,0,0,0,sudden,[],[],4203,0.1,420,0,0,0
4750,log_1193_1708942964.xes,0.0,na,[],0,0,0,0,gradual_start,[],[],4203,0.1,420,0,0,0
4751,log_1193_1708942964.xes,0.0,na,[],0,0,0,0,gradual_end,[],[],4203,0.1,420,0,0,0
4752,log_1077_1708942963.xes,0.6,na,"['sudden', 'gradual']",2,3,1,1,no_drift,[],[],5016,0.1,501,0,0,0
4753,log_1077_1708942963.xes,0.6,na,"['sudden', 'gradual']",2,3,1,1,sudden,[1994],[1976],5016,0.1,501,1,0,1
4754,log_1077_1708942963.xes,0.6,na,"['sudden', 'gradual']",2,3,1,1,gradual_start,[3200],[3201],5016,0.1,501,1,0,1
4755,log_1077_1708942963.xes,0.6,na,"['sudden', 'gradual']",2,3,1,1,gradual_end,[3745],[3776],5016,0.1,501,1,0,1
4756,log_1604_1708942957.xes,0.6,na,"['gradual', 'gradual', 'sudden']",3,5,1,2,no_drift,[],[],7693,0.1,769,0,0,0
4757,log_1604_1708942957.xes,0.6,na,"['gradual', 'gradual', 'sudden']",3,5,1,2,sudden,[5708],[5663],7693,0.1,769,1,0,1
4758,log_1604_1708942957.xes,0.6,na,"['gradual', 'gradual', 'sudden']",3,5,1,2,gradual_start,"[1578, 3584]",[3573],7693,0.1,769,1,0,2
4759,log_1604_1708942957.xes,0.6,na,"['gradual', 'gradual', 'sudden']",3,5,1,2,gradual_end,"[2153, 3929]",[3953],7693,0.1,769,1,0,2
4760,log_1639_1708942954.xes,0.6,na,"['sudden', 'gradual', 'sudden']",3,4,2,1,no_drift,[],[],7474,0.1,747,0,0,0
4761,log_1639_1708942954.xes,0.6,na,"['sudden', 'gradual', 'sudden']",3,4,2,1,sudden,"[1548, 5588]",[5588],7474,0.1,747,1,0,2
4762,log_1639_1708942954.xes,0.6,na,"['sudden', 'gradual', 'sudden']",3,4,2,1,gradual_start,[3369],[],7474,0.1,747,0,0,1
4763,log_1639_1708942954.xes,0.6,na,"['sudden', 'gradual', 'sudden']",3,4,2,1,gradual_end,[3720],[],7474,0.1,747,0,0,1
4764,log_1341_1708942964.xes,0.0,na,[],0,0,0,0,no_drift,[0],[0],2872,0.1,287,1,0,1
4765,log_1341_1708942964.xes,0.0,na,[],0,0,0,0,sudden,[],[],2872,0.1,287,0,0,0
4766,log_1341_1708942964.xes,0.0,na,[],0,0,0,0,gradual_start,[],[],2872,0.1,287,0,0,0
4767,log_1341_1708942964.xes,0.0,na,[],0,0,0,0,gradual_end,[],[],2872,0.1,287,0,0,0
4768,log_1115_1708942965.xes,0.3,na,['gradual'],1,2,0,1,no_drift,[],[0],3314,0.1,331,0,1,0
4769,log_1115_1708942965.xes,0.3,na,['gradual'],1,2,0,1,sudden,[],[],3314,0.1,331,0,0,0
4770,log_1115_1708942965.xes,0.3,na,['gradual'],1,2,0,1,gradual_start,[1410],[],3314,0.1,331,0,0,1
4771,log_1115_1708942965.xes,0.3,na,['gradual'],1,2,0,1,gradual_end,[1754],[],3314,0.1,331,0,0,1
4772,log_1153_1708942963.xes,0.6,na,"['gradual', 'sudden']",2,3,1,1,no_drift,[],[],3827,0.1,382,0,0,0
4773,log_1153_1708942963.xes,0.6,na,"['gradual', 'sudden']",2,3,1,1,sudden,[2686],[2642],3827,0.1,382,1,0,1
4774,log_1153_1708942963.xes,0.6,na,"['gradual', 'sudden']",2,3,1,1,gradual_start,[1148],[],3827,0.1,382,0,0,1
4775,log_1153_1708942963.xes,0.6,na,"['gradual', 'sudden']",2,3,1,1,gradual_end,[1656],[],3827,0.1,382,0,0,1
4776,log_1380_1708942962.xes,0.0,na,"['gradual', 'sudden', 'sudden']",3,4,2,1,no_drift,[],[],5901,0.1,590,0,0,0
4777,log_1380_1708942962.xes,0.0,na,"['gradual', 'sudden', 'sudden']",3,4,2,1,sudden,"[2996, 4705]","[4699, 2988]",5901,0.1,590,2,0,2
4778,log_1380_1708942962.xes,0.0,na,"['gradual', 'sudden', 'sudden']",3,4,2,1,gradual_start,[1359],[],5901,0.1,590,0,0,1
4779,log_1380_1708942962.xes,0.0,na,"['gradual', 'sudden', 'sudden']",3,4,2,1,gradual_end,[1717],[],5901,0.1,590,0,0,1
4780,log_1269_1708942957.xes,0.0,na,"['sudden', 'gradual']",2,3,1,1,no_drift,[],[],5507,0.1,550,0,0,0
4781,log_1269_1708942957.xes,0.0,na,"['sudden', 'gradual']",2,3,1,1,sudden,[1847],[],5507,0.1,550,0,0,1
4782,log_1269_1708942957.xes,0.0,na,"['sudden', 'gradual']",2,3,1,1,gradual_start,[3570],[3565],5507,0.1,550,1,0,1
4783,log_1269_1708942957.xes,0.0,na,"['sudden', 'gradual']",2,3,1,1,gradual_end,[4078],[4078],5507,0.1,550,1,0,1
4784,log_1454_1708942964.xes,0.3,na,"['gradual', 'sudden']",2,3,1,1,no_drift,[],[],5051,0.1,505,0,0,0
4785,log_1454_1708942964.xes,0.3,na,"['gradual', 'sudden']",2,3,1,1,sudden,[3780],[3776],5051,0.1,505,1,0,1
4786,log_1454_1708942964.xes,0.3,na,"['gradual', 'sudden']",2,3,1,1,gradual_start,[1984],[],5051,0.1,505,0,0,1
4787,log_1454_1708942964.xes,0.3,na,"['gradual', 'sudden']",2,3,1,1,gradual_end,[2413],[],5051,0.1,505,0,0,1
4788,log_1038_1708942959.xes,0.6,na,"['gradual', 'gradual']",2,4,0,2,no_drift,[],[],6019,0.1,601,0,0,0
4789,log_1038_1708942959.xes,0.6,na,"['gradual', 'gradual']",2,4,0,2,sudden,[],[],6019,0.1,601,0,0,0
4790,log_1038_1708942959.xes,0.6,na,"['gradual', 'gradual']",2,4,0,2,gradual_start,"[1582, 3841]",[1531],6019,0.1,601,1,0,2
4791,log_1038_1708942959.xes,0.6,na,"['gradual', 'gradual']",2,4,0,2,gradual_end,"[2136, 4282]",[2161],6019,0.1,601,1,0,2
4792,log_1791_1708942956.xes,0.0,na,"['gradual', 'gradual', 'sudden']",3,5,1,2,no_drift,[],[],7319,0.1,731,0,0,0
4793,log_1791_1708942956.xes,0.0,na,"['gradual', 'gradual', 'sudden']",3,5,1,2,sudden,[5743],[5725],7319,0.1,731,1,0,1
4794,log_1791_1708942956.xes,0.0,na,"['gradual', 'gradual', 'sudden']",3,5,1,2,gradual_start,"[1853, 4195]","[4141, 1801]",7319,0.1,731,2,0,2
4795,log_1791_1708942956.xes,0.0,na,"['gradual', 'gradual', 'sudden']",3,5,1,2,gradual_end,"[2200, 4511]","[4465, 2233]",7319,0.1,731,2,0,2
4796,log_1526_1708942959.xes,0.3,na,"['sudden', 'sudden']",2,2,2,0,no_drift,[],[],4169,0.1,416,0,0,0
4797,log_1526_1708942959.xes,0.3,na,"['sudden', 'sudden']",2,2,2,0,sudden,"[1837, 3019]","[1821, 3001]",4169,0.1,416,2,0,2
4798,log_1526_1708942959.xes,0.3,na,"['sudden', 'sudden']",2,2,2,0,gradual_start,[],[],4169,0.1,416,0,0,0
4799,log_1526_1708942959.xes,0.3,na,"['sudden', 'sudden']",2,2,2,0,gradual_end,[],[],4169,0.1,416,0,0,0
4800,log_1009_1708942959.xes,0.6,na,"['sudden', 'sudden', 'sudden']",3,3,3,0,no_drift,[],[],7169,0.1,716,0,0,0
4801,log_1009_1708942959.xes,0.6,na,"['sudden', 'sudden', 'sudden']",3,3,3,0,sudden,"[1749, 3355, 5348]","[3326, 5321]",7169,0.1,716,2,0,3
4802,log_1009_1708942959.xes,0.6,na,"['sudden', 'sudden', 'sudden']",3,3,3,0,gradual_start,[],[],7169,0.1,716,0,0,0
4803,log_1009_1708942959.xes,0.6,na,"['sudden', 'sudden', 'sudden']",3,3,3,0,gradual_end,[],[],7169,0.1,716,0,0,0
4804,log_1270_1708942966.xes,0.0,na,[],0,0,0,0,no_drift,[0],[0],2216,0.1,221,1,0,1
4805,log_1270_1708942966.xes,0.0,na,[],0,0,0,0,sudden,[],[],2216,0.1,221,0,0,0
4806,log_1270_1708942966.xes,0.0,na,[],0,0,0,0,gradual_start,[],[],2216,0.1,221,0,0,0
4807,log_1270_1708942966.xes,0.0,na,[],0,0,0,0,gradual_end,[],[],2216,0.1,221,0,0,0
4808,log_1303_1708942960.xes,0.6,na,"['gradual', 'sudden', 'gradual']",3,5,1,2,no_drift,[],[],7068,0.1,706,0,0,0
4809,log_1303_1708942960.xes,0.6,na,"['gradual', 'sudden', 'gradual']",3,5,1,2,sudden,[3724],[3711],7068,0.1,706,1,0,1
4810,log_1303_1708942960.xes,0.6,na,"['gradual', 'sudden', 'gradual']",3,5,1,2,gradual_start,"[1814, 4827]",[],7068,0.1,706,0,0,2
4811,log_1303_1708942960.xes,0.6,na,"['gradual', 'sudden', 'gradual']",3,5,1,2,gradual_end,"[2293, 5330]",[],7068,0.1,706,0,0,2
4812,log_1492_1708942964.xes,0.3,na,['sudden'],1,1,1,0,no_drift,[],[],3180,0.1,318,0,0,0
4813,log_1492_1708942964.xes,0.3,na,['sudden'],1,1,1,0,sudden,[1789],[1771],3180,0.1,318,1,0,1
4814,log_1492_1708942964.xes,0.3,na,['sudden'],1,1,1,0,gradual_start,[],[],3180,0.1,318,0,0,0
4815,log_1492_1708942964.xes,0.3,na,['sudden'],1,1,1,0,gradual_end,[],[],3180,0.1,318,0,0,0
4816,log_967_1708942964.xes,0.0,na,[],0,0,0,0,no_drift,[0],[0],2994,0.1,299,1,0,1
4817,log_967_1708942964.xes,0.0,na,[],0,0,0,0,sudden,[],[],2994,0.1,299,0,0,0
4818,log_967_1708942964.xes,0.0,na,[],0,0,0,0,gradual_start,[],[],2994,0.1,299,0,0,0
4819,log_967_1708942964.xes,0.0,na,[],0,0,0,0,gradual_end,[],[],2994,0.1,299,0,0,0
4820,log_1527_1708942967.xes,0.0,na,[],0,0,0,0,no_drift,[0],[0],1587,0.1,158,1,0,1
4821,log_1527_1708942967.xes,0.0,na,[],0,0,0,0,sudden,[],[],1587,0.1,158,0,0,0
4822,log_1527_1708942967.xes,0.0,na,[],0,0,0,0,gradual_start,[],[],1587,0.1,158,0,0,0
4823,log_1527_1708942967.xes,0.0,na,[],0,0,0,0,gradual_end,[],[],1587,0.1,158,0,0,0
4824,log_1493_1708942967.xes,0.0,na,"['sudden', 'sudden']",2,2,2,0,no_drift,[],[],4061,0.1,406,0,0,0
4825,log_1493_1708942967.xes,0.0,na,"['sudden', 'sudden']",2,2,2,0,sudden,"[1143, 2628]","[1121, 2601]",4061,0.1,406,2,0,2
4826,log_1493_1708942967.xes,0.0,na,"['sudden', 'sudden']",2,2,2,0,gradual_start,[],[],4061,0.1,406,0,0,0
4827,log_1493_1708942967.xes,0.0,na,"['sudden', 'sudden']",2,2,2,0,gradual_end,[],[],4061,0.1,406,0,0,0
4828,log_1716_1708942964.xes,0.0,na,"['sudden', 'gradual', 'gradual']",3,5,1,2,no_drift,[],[],6169,0.1,616,0,0,0
4829,log_1716_1708942964.xes,0.0,na,"['sudden', 'gradual', 'gradual']",3,5,1,2,sudden,[1194],[1141],6169,0.1,616,1,0,1
4830,log_1716_1708942964.xes,0.0,na,"['sudden', 'gradual', 'gradual']",3,5,1,2,gradual_start,"[2371, 4204]","[2371, 4201]",6169,0.1,616,2,0,2
4831,log_1716_1708942964.xes,0.0,na,"['sudden', 'gradual', 'gradual']",3,5,1,2,gradual_end,"[2703, 4556]","[2701, 4561]",6169,0.1,616,2,0,2
4832,log_1455_1708942967.xes,0.0,na,[],0,0,0,0,no_drift,[0],[0],4404,0.1,440,1,0,1
4833,log_1455_1708942967.xes,0.0,na,[],0,0,0,0,sudden,[],[],4404,0.1,440,0,0,0
4834,log_1455_1708942967.xes,0.0,na,[],0,0,0,0,gradual_start,[],[],4404,0.1,440,0,0,0
4835,log_1455_1708942967.xes,0.0,na,[],0,0,0,0,gradual_end,[],[],4404,0.1,440,0,0,0
4836,log_1865_1708942965.xes,0.0,na,[],0,0,0,0,no_drift,[0],[0],3930,0.1,393,1,0,1
4837,log_1865_1708942965.xes,0.0,na,[],0,0,0,0,sudden,[],[],3930,0.1,393,0,0,0
4838,log_1865_1708942965.xes,0.0,na,[],0,0,0,0,gradual_start,[],[],3930,0.1,393,0,0,0
4839,log_1865_1708942965.xes,0.0,na,[],0,0,0,0,gradual_end,[],[],3930,0.1,393,0,0,0
4840,log_968_1708942966.xes,0.0,na,['sudden'],1,1,1,0,no_drift,[],[0],2818,0.1,281,0,1,0
4841,log_968_1708942966.xes,0.0,na,['sudden'],1,1,1,0,sudden,[1488],[],2818,0.1,281,0,0,1
4842,log_968_1708942966.xes,0.0,na,['sudden'],1,1,1,0,gradual_start,[],[],2818,0.1,281,0,0,0
4843,log_968_1708942966.xes,0.0,na,['sudden'],1,1,1,0,gradual_end,[],[],2818,0.1,281,0,0,0
4844,log_1566_1708942964.xes,0.3,na,['gradual'],1,2,0,1,no_drift,[],[],3595,0.1,359,0,0,0
4845,log_1566_1708942964.xes,0.3,na,['gradual'],1,2,0,1,sudden,[],[],3595,0.1,359,0,0,0
4846,log_1566_1708942964.xes,0.3,na,['gradual'],1,2,0,1,gradual_start,[1135],[1106],3595,0.1,359,1,0,1
4847,log_1566_1708942964.xes,0.3,na,['gradual'],1,2,0,1,gradual_end,[1710],[1667],3595,0.1,359,1,0,1
4848,log_1828_1708942960.xes,0.0,na,"['sudden', 'gradual']",2,3,1,1,no_drift,[],[],4775,0.1,477,0,0,0
4849,log_1828_1708942960.xes,0.0,na,"['sudden', 'gradual']",2,3,1,1,sudden,[1878],[],4775,0.1,477,0,0,1
4850,log_1828_1708942960.xes,0.0,na,"['sudden', 'gradual']",2,3,1,1,gradual_start,[3030],[3014],4775,0.1,477,1,0,1
4851,log_1828_1708942960.xes,0.0,na,"['sudden', 'gradual']",2,3,1,1,gradual_end,[3553],[3520],4775,0.1,477,1,0,1
4852,log_1154_1708942968.xes,0.0,na,[],0,0,0,0,no_drift,[0],[0],4100,0.1,410,1,0,1
4853,log_1154_1708942968.xes,0.0,na,[],0,0,0,0,sudden,[],[],4100,0.1,410,0,0,0
4854,log_1154_1708942968.xes,0.0,na,[],0,0,0,0,gradual_start,[],[],4100,0.1,410,0,0,0
4855,log_1154_1708942968.xes,0.0,na,[],0,0,0,0,gradual_end,[],[],4100,0.1,410,0,0,0
4856,log_1342_1708942965.xes,0.3,na,"['sudden', 'sudden']",2,2,2,0,no_drift,[],[],4260,0.1,426,0,0,0
4857,log_1342_1708942965.xes,0.3,na,"['sudden', 'sudden']",2,2,2,0,sudden,"[1358, 3261]",[3256],4260,0.1,426,1,0,2
4858,log_1342_1708942965.xes,0.3,na,"['sudden', 'sudden']",2,2,2,0,gradual_start,[],[],4260,0.1,426,0,0,0
4859,log_1342_1708942965.xes,0.3,na,"['sudden', 'sudden']",2,2,2,0,gradual_end,[],[],4260,0.1,426,0,0,0
4860,log_1717_1708942969.xes,0.3,na,[],0,0,0,0,no_drift,[0],[0],1452,0.1,145,1,0,1
4861,log_1717_1708942969.xes,0.3,na,[],0,0,0,0,sudden,[],[],1452,0.1,145,0,0,0
4862,log_1717_1708942969.xes,0.3,na,[],0,0,0,0,gradual_start,[],[],1452,0.1,145,0,0,0
4863,log_1717_1708942969.xes,0.3,na,[],0,0,0,0,gradual_end,[],[],1452,0.1,145,0,0,0
4864,log_1078_1708942966.xes,0.0,na,['sudden'],1,1,1,0,no_drift,[],[0],3098,0.1,309,0,1,0
4865,log_1078_1708942966.xes,0.0,na,['sudden'],1,1,1,0,sudden,[1628],[],3098,0.1,309,0,0,1
4866,log_1078_1708942966.xes,0.0,na,['sudden'],1,1,1,0,gradual_start,[],[],3098,0.1,309,0,0,0
4867,log_1078_1708942966.xes,0.0,na,['sudden'],1,1,1,0,gradual_end,[],[],3098,0.1,309,0,0,0
4868,log_1792_1708942967.xes,0.0,na,['sudden'],1,1,1,0,no_drift,[],[],2396,0.1,239,0,0,0
4869,log_1792_1708942967.xes,0.0,na,['sudden'],1,1,1,0,sudden,[1232],[1222],2396,0.1,239,1,0,1
4870,log_1792_1708942967.xes,0.0,na,['sudden'],1,1,1,0,gradual_start,[],[],2396,0.1,239,0,0,0
4871,log_1792_1708942967.xes,0.0,na,['sudden'],1,1,1,0,gradual_end,[],[],2396,0.1,239,0,0,0
4872,log_1155_1708942969.xes,0.3,na,['sudden'],1,1,1,0,no_drift,[],[],3279,0.1,327,0,0,0
4873,log_1155_1708942969.xes,0.3,na,['sudden'],1,1,1,0,sudden,[1476],[1473],3279,0.1,327,1,0,1
4874,log_1155_1708942969.xes,0.3,na,['sudden'],1,1,1,0,gradual_start,[],[],3279,0.1,327,0,0,0
4875,log_1155_1708942969.xes,0.3,na,['sudden'],1,1,1,0,gradual_end,[],[],3279,0.1,327,0,0,0
4876,log_1116_1708942966.xes,0.6,na,"['gradual', 'sudden']",2,3,1,1,no_drift,[],[],4563,0.1,456,0,0,0
4877,log_1116_1708942966.xes,0.6,na,"['gradual', 'sudden']",2,3,1,1,sudden,[3256],[3235],4563,0.1,456,1,0,1
4878,log_1116_1708942966.xes,0.6,na,"['gradual', 'sudden']",2,3,1,1,gradual_start,[1477],[],4563,0.1,456,0,0,1
4879,log_1116_1708942966.xes,0.6,na,"['gradual', 'sudden']",2,3,1,1,gradual_end,[1827],[],4563,0.1,456,0,0,1
4880,log_1718_1708942969.xes,0.0,na,[],0,0,0,0,no_drift,[0],[0],2346,0.1,234,1,0,1
4881,log_1718_1708942969.xes,0.0,na,[],0,0,0,0,sudden,[],[],2346,0.1,234,0,0,0
4882,log_1718_1708942969.xes,0.0,na,[],0,0,0,0,gradual_start,[],[],2346,0.1,234,0,0,0
4883,log_1718_1708942969.xes,0.0,na,[],0,0,0,0,gradual_end,[],[],2346,0.1,234,0,0,0
4884,log_1343_1708942969.xes,0.6,na,['gradual'],1,2,0,1,no_drift,[],[0],3593,0.1,359,0,1,0
4885,log_1343_1708942969.xes,0.6,na,['gradual'],1,2,0,1,sudden,[],[],3593,0.1,359,0,0,0
4886,log_1343_1708942969.xes,0.6,na,['gradual'],1,2,0,1,gradual_start,[1900],[],3593,0.1,359,0,0,1
4887,log_1343_1708942969.xes,0.6,na,['gradual'],1,2,0,1,gradual_end,[2215],[],3593,0.1,359,0,0,1
4888,log_1079_1708942969.xes,0.0,na,"['gradual', 'gradual']",2,4,0,2,no_drift,[],[0],5048,0.1,504,0,1,0
4889,log_1079_1708942969.xes,0.0,na,"['gradual', 'gradual']",2,4,0,2,sudden,[],[],5048,0.1,504,0,0,0
4890,log_1079_1708942969.xes,0.0,na,"['gradual', 'gradual']",2,4,0,2,gradual_start,"[1154, 2815]",[],5048,0.1,504,0,0,2
4891,log_1079_1708942969.xes,0.0,na,"['gradual', 'gradual']",2,4,0,2,gradual_end,"[1515, 3173]",[],5048,0.1,504,0,0,2
4892,log_969_1708942968.xes,0.0,na,[],0,0,0,0,no_drift,[0],[0],3408,0.1,340,1,0,1
4893,log_969_1708942968.xes,0.0,na,[],0,0,0,0,sudden,[],[],3408,0.1,340,0,0,0
4894,log_969_1708942968.xes,0.0,na,[],0,0,0,0,gradual_start,[],[],3408,0.1,340,0,0,0
4895,log_969_1708942968.xes,0.0,na,[],0,0,0,0,gradual_end,[],[],3408,0.1,340,0,0,0
4896,log_1304_1708942967.xes,0.6,na,"['sudden', 'gradual']",2,3,1,1,no_drift,[],[],4895,0.1,489,0,0,0
4897,log_1304_1708942967.xes,0.6,na,"['sudden', 'gradual']",2,3,1,1,sudden,[1828],[1801],4895,0.1,489,1,0,1
4898,log_1304_1708942967.xes,0.6,na,"['sudden', 'gradual']",2,3,1,1,gradual_start,[3200],[3193],4895,0.1,489,1,0,1
4899,log_1304_1708942967.xes,0.6,na,"['sudden', 'gradual']",2,3,1,1,gradual_end,[3645],[3673],4895,0.1,489,1,0,1
4900,log_1456_1708942969.xes,0.3,na,['gradual'],1,2,0,1,no_drift,[],[],3394,0.1,339,0,0,0
4901,log_1456_1708942969.xes,0.3,na,['gradual'],1,2,0,1,sudden,[],[],3394,0.1,339,0,0,0
4902,log_1456_1708942969.xes,0.3,na,['gradual'],1,2,0,1,gradual_start,[1881],[1841],3394,0.1,339,1,0,1
4903,log_1456_1708942969.xes,0.3,na,['gradual'],1,2,0,1,gradual_end,[2378],[2385],3394,0.1,339,1,0,1
4904,log_1866_1708942968.xes,0.6,na,['gradual'],1,2,0,1,no_drift,[],[],3818,0.1,381,0,0,0
4905,log_1866_1708942968.xes,0.6,na,['gradual'],1,2,0,1,sudden,[],[],3818,0.1,381,0,0,0
4906,log_1866_1708942968.xes,0.6,na,['gradual'],1,2,0,1,gradual_start,[1459],[1445],3818,0.1,381,1,0,1
4907,log_1866_1708942968.xes,0.6,na,['gradual'],1,2,0,1,gradual_end,[1938],[1939],3818,0.1,381,1,0,1
4908,log_1755_1708942967.xes,0.0,na,[],0,0,0,0,no_drift,[0],[0],5034,0.1,503,1,0,1
4909,log_1755_1708942967.xes,0.0,na,[],0,0,0,0,sudden,[],[],5034,0.1,503,0,0,0
4910,log_1755_1708942967.xes,0.0,na,[],0,0,0,0,gradual_start,[],[],5034,0.1,503,0,0,0
4911,log_1755_1708942967.xes,0.0,na,[],0,0,0,0,gradual_end,[],[],5034,0.1,503,0,0,0
4912,log_1528_1708942968.xes,0.0,na,[],0,0,0,0,no_drift,[0],[0],5172,0.1,517,1,0,1
4913,log_1528_1708942968.xes,0.0,na,[],0,0,0,0,sudden,[],[],5172,0.1,517,0,0,0
4914,log_1528_1708942968.xes,0.0,na,[],0,0,0,0,gradual_start,[],[],5172,0.1,517,0,0,0
4915,log_1528_1708942968.xes,0.0,na,[],0,0,0,0,gradual_end,[],[],5172,0.1,517,0,0,0
4916,log_1344_1708942972.xes,0.0,na,['sudden'],1,1,1,0,no_drift,[],[0],2605,0.1,260,0,1,0
4917,log_1344_1708942972.xes,0.0,na,['sudden'],1,1,1,0,sudden,[1465],[],2605,0.1,260,0,0,1
4918,log_1344_1708942972.xes,0.0,na,['sudden'],1,1,1,0,gradual_start,[],[],2605,0.1,260,0,0,0
4919,log_1344_1708942972.xes,0.0,na,['sudden'],1,1,1,0,gradual_end,[],[],2605,0.1,260,0,0,0
4920,log_1567_1708942969.xes,0.6,na,"['sudden', 'sudden']",2,2,2,0,no_drift,[],[],4843,0.1,484,0,0,0
4921,log_1567_1708942969.xes,0.6,na,"['sudden', 'sudden']",2,2,2,0,sudden,"[1883, 3215]",[1873],4843,0.1,484,1,0,2
4922,log_1567_1708942969.xes,0.6,na,"['sudden', 'sudden']",2,2,2,0,gradual_start,[],[],4843,0.1,484,0,0,0
4923,log_1567_1708942969.xes,0.6,na,"['sudden', 'sudden']",2,2,2,0,gradual_end,[],[],4843,0.1,484,0,0,0
4924,log_1194_1708942965.xes,0.6,na,"['gradual', 'sudden', 'sudden']",3,4,2,1,no_drift,[],[],7215,0.1,721,0,0,0
4925,log_1194_1708942965.xes,0.6,na,"['gradual', 'sudden', 'sudden']",3,4,2,1,sudden,"[4298, 5834]","[4285, 5833]",7215,0.1,721,2,0,2
4926,log_1194_1708942965.xes,0.6,na,"['gradual', 'sudden', 'sudden']",3,4,2,1,gradual_start,[1930],[],7215,0.1,721,0,0,1
4927,log_1194_1708942965.xes,0.6,na,"['gradual', 'sudden', 'sudden']",3,4,2,1,gradual_end,[2474],[],7215,0.1,721,0,0,1
4928,log_1457_1708942972.xes,0.0,na,['sudden'],1,1,1,0,no_drift,[],[],3088,0.1,308,0,0,0
4929,log_1457_1708942972.xes,0.0,na,['sudden'],1,1,1,0,sudden,[1690],[1681],3088,0.1,308,1,0,1
4930,log_1457_1708942972.xes,0.0,na,['sudden'],1,1,1,0,gradual_start,[],[],3088,0.1,308,0,0,0
4931,log_1457_1708942972.xes,0.0,na,['sudden'],1,1,1,0,gradual_end,[],[],3088,0.1,308,0,0,0
4932,log_1681_1708942964.xes,0.6,na,"['gradual', 'gradual']",2,4,0,2,no_drift,[],[],4968,0.1,496,0,0,0
4933,log_1681_1708942964.xes,0.6,na,"['gradual', 'gradual']",2,4,0,2,sudden,[],[],4968,0.1,496,0,0,0
4934,log_1681_1708942964.xes,0.6,na,"['gradual', 'gradual']",2,4,0,2,gradual_start,"[1345, 3043]",[3049],4968,0.1,496,1,0,2
4935,log_1681_1708942964.xes,0.6,na,"['gradual', 'gradual']",2,4,0,2,gradual_end,"[1699, 3519]",[3529],4968,0.1,496,1,0,2
4936,log_1829_1708942967.xes,0.6,na,['gradual'],1,2,0,1,no_drift,[],[],3234,0.1,323,0,0,0
4937,log_1829_1708942967.xes,0.6,na,['gradual'],1,2,0,1,sudden,[],[],3234,0.1,323,0,0,0
4938,log_1829_1708942967.xes,0.6,na,['gradual'],1,2,0,1,gradual_start,[1167],[1153],3234,0.1,323,1,0,1
4939,log_1829_1708942967.xes,0.6,na,['gradual'],1,2,0,1,gradual_end,[1645],[1617],3234,0.1,323,1,0,1
4940,log_1606_1708942974.xes,0.3,na,"['sudden', 'sudden']",2,2,2,0,no_drift,[],[],4023,0.1,402,0,0,0
4941,log_1606_1708942974.xes,0.3,na,"['sudden', 'sudden']",2,2,2,0,sudden,"[1330, 2782]",[2761],4023,0.1,402,1,0,2
4942,log_1606_1708942974.xes,0.3,na,"['sudden', 'sudden']",2,2,2,0,gradual_start,[],[],4023,0.1,402,0,0,0
4943,log_1606_1708942974.xes,0.3,na,"['sudden', 'sudden']",2,2,2,0,gradual_end,[],[],4023,0.1,402,0,0,0
4944,log_1271_1708942967.xes,0.3,na,"['sudden', 'gradual', 'gradual']",3,5,1,2,no_drift,[],[],6300,0.1,630,0,0,0
4945,log_1271_1708942967.xes,0.3,na,"['sudden', 'gradual', 'gradual']",3,5,1,2,sudden,[1465],[1458],6300,0.1,630,1,0,1
4946,log_1271_1708942967.xes,0.3,na,"['sudden', 'gradual', 'gradual']",3,5,1,2,gradual_start,"[2533, 4775]",[4775],6300,0.1,630,1,0,2
4947,log_1271_1708942967.xes,0.3,na,"['sudden', 'gradual', 'gradual']",3,5,1,2,gradual_end,"[2972, 5185]",[5240],6300,0.1,630,1,0,2
4948,log_1233_1708942964.xes,0.0,na,"['gradual', 'gradual', 'gradual']",3,6,0,3,no_drift,[],[],6230,0.1,623,0,0,0
4949,log_1233_1708942964.xes,0.0,na,"['gradual', 'gradual', 'gradual']",3,6,0,3,sudden,[],[],6230,0.1,623,0,0,0
4950,log_1233_1708942964.xes,0.0,na,"['gradual', 'gradual', 'gradual']",3,6,0,3,gradual_start,"[1005, 2623, 4445]",[962],6230,0.1,623,1,0,3
4951,log_1233_1708942964.xes,0.0,na,"['gradual', 'gradual', 'gradual']",3,6,0,3,gradual_end,"[1313, 3092, 4943]",[1303],6230,0.1,623,1,0,3
4952,log_1640_1708942967.xes,0.0,na,"['sudden', 'gradual', 'gradual']",3,5,1,2,no_drift,[],[],7021,0.1,702,0,0,0
4953,log_1640_1708942967.xes,0.0,na,"['sudden', 'gradual', 'gradual']",3,5,1,2,sudden,[1477],[],7021,0.1,702,0,0,1
4954,log_1640_1708942967.xes,0.0,na,"['sudden', 'gradual', 'gradual']",3,5,1,2,gradual_start,"[3015, 5086]","[3011, 5076]",7021,0.1,702,2,0,2
4955,log_1640_1708942967.xes,0.0,na,"['sudden', 'gradual', 'gradual']",3,5,1,2,gradual_end,"[3462, 5524]","[3501, 5461]",7021,0.1,702,2,0,2
4956,log_970_1708942971.xes,0.0,na,[],0,0,0,0,no_drift,[0],[0],4920,0.1,492,1,0,1
4957,log_970_1708942971.xes,0.0,na,[],0,0,0,0,sudden,[],[],4920,0.1,492,0,0,0
4958,log_970_1708942971.xes,0.0,na,[],0,0,0,0,gradual_start,[],[],4920,0.1,492,0,0,0
4959,log_970_1708942971.xes,0.0,na,[],0,0,0,0,gradual_end,[],[],4920,0.1,492,0,0,0
4960,log_1117_1708942971.xes,0.0,na,[],0,0,0,0,no_drift,[0],[0],4196,0.1,419,1,0,1
4961,log_1117_1708942971.xes,0.0,na,[],0,0,0,0,sudden,[],[],4196,0.1,419,0,0,0
4962,log_1117_1708942971.xes,0.0,na,[],0,0,0,0,gradual_start,[],[],4196,0.1,419,0,0,0
4963,log_1117_1708942971.xes,0.0,na,[],0,0,0,0,gradual_end,[],[],4196,0.1,419,0,0,0
4964,log_1605_1708942965.xes,0.3,na,"['gradual', 'sudden']",2,3,1,1,no_drift,[],[],3906,0.1,390,0,0,0
4965,log_1605_1708942965.xes,0.3,na,"['gradual', 'sudden']",2,3,1,1,sudden,[2772],[2756],3906,0.1,390,1,0,1
4966,log_1605_1708942965.xes,0.3,na,"['gradual', 'sudden']",2,3,1,1,gradual_start,[1353],[],3906,0.1,390,0,0,1
4967,log_1605_1708942965.xes,0.3,na,"['gradual', 'sudden']",2,3,1,1,gradual_end,[1748],[],3906,0.1,390,0,0,1
4968,log_1272_1708942973.xes,0.0,na,[],0,0,0,0,no_drift,[0],[0],1512,0.1,151,1,0,1
4969,log_1272_1708942973.xes,0.0,na,[],0,0,0,0,sudden,[],[],1512,0.1,151,0,0,0
4970,log_1272_1708942973.xes,0.0,na,[],0,0,0,0,gradual_start,[],[],1512,0.1,151,0,0,0
4971,log_1272_1708942973.xes,0.0,na,[],0,0,0,0,gradual_end,[],[],1512,0.1,151,0,0,0
4972,log_1641_1708942974.xes,0.0,na,['sudden'],1,1,1,0,no_drift,[],[],2708,0.1,270,0,0,0
4973,log_1641_1708942974.xes,0.0,na,['sudden'],1,1,1,0,sudden,[1664],[1652],2708,0.1,270,1,0,1
4974,log_1641_1708942974.xes,0.0,na,['sudden'],1,1,1,0,gradual_start,[],[],2708,0.1,270,0,0,0
4975,log_1641_1708942974.xes,0.0,na,['sudden'],1,1,1,0,gradual_end,[],[],2708,0.1,270,0,0,0
4976,log_1867_1708942972.xes,0.3,na,"['sudden', 'gradual', 'gradual']",3,5,1,2,no_drift,[],[],6998,0.1,699,0,0,0
4977,log_1867_1708942972.xes,0.3,na,"['sudden', 'gradual', 'gradual']",3,5,1,2,sudden,[1773],[],6998,0.1,699,0,0,1
4978,log_1867_1708942972.xes,0.3,na,"['sudden', 'gradual', 'gradual']",3,5,1,2,gradual_start,"[2905, 5394]",[5373],6998,0.1,699,1,0,2
4979,log_1867_1708942972.xes,0.3,na,"['sudden', 'gradual', 'gradual']",3,5,1,2,gradual_end,"[3417, 5886]",[5849],6998,0.1,699,1,0,2
4980,log_1039_1708942967.xes,0.0,na,"['gradual', 'sudden', 'sudden']",3,4,2,1,no_drift,[],[],6373,0.1,637,0,0,0
4981,log_1039_1708942967.xes,0.0,na,"['gradual', 'sudden', 'sudden']",3,4,2,1,sudden,"[3341, 4390]","[4372, 3318]",6373,0.1,637,2,0,2
4982,log_1039_1708942967.xes,0.0,na,"['gradual', 'sudden', 'sudden']",3,4,2,1,gradual_start,[1620],[],6373,0.1,637,0,0,1
4983,log_1039_1708942967.xes,0.0,na,"['gradual', 'sudden', 'sudden']",3,4,2,1,gradual_end,[1954],[],6373,0.1,637,0,0,1
4984,log_1642_1708942977.xes,0.6,na,[],0,0,0,0,no_drift,[0],[0],2426,0.1,242,1,0,1
4985,log_1642_1708942977.xes,0.6,na,[],0,0,0,0,sudden,[],[],2426,0.1,242,0,0,0
4986,log_1642_1708942977.xes,0.6,na,[],0,0,0,0,gradual_start,[],[],2426,0.1,242,0,0,0
4987,log_1642_1708942977.xes,0.6,na,[],0,0,0,0,gradual_end,[],[],2426,0.1,242,0,0,0
4988,log_1793_1708942969.xes,0.3,na,"['sudden', 'sudden', 'sudden']",3,3,3,0,no_drift,[],[],6604,0.1,660,0,0,0
4989,log_1793_1708942969.xes,0.3,na,"['sudden', 'sudden', 'sudden']",3,3,3,0,sudden,"[1746, 3379, 4846]","[3334, 4819]",6604,0.1,660,2,0,3
4990,log_1793_1708942969.xes,0.3,na,"['sudden', 'sudden', 'sudden']",3,3,3,0,gradual_start,[],[],6604,0.1,660,0,0,0
4991,log_1793_1708942969.xes,0.3,na,"['sudden', 'sudden', 'sudden']",3,3,3,0,gradual_end,[],[],6604,0.1,660,0,0,0
4992,log_1719_1708942971.xes,0.0,na,"['gradual', 'sudden']",2,3,1,1,no_drift,[],[0],5551,0.1,555,0,1,0
4993,log_1719_1708942971.xes,0.0,na,"['gradual', 'sudden']",2,3,1,1,sudden,[3604],[],5551,0.1,555,0,0,1
4994,log_1719_1708942971.xes,0.0,na,"['gradual', 'sudden']",2,3,1,1,gradual_start,[1295],[],5551,0.1,555,0,0,1
4995,log_1719_1708942971.xes,0.0,na,"['gradual', 'sudden']",2,3,1,1,gradual_end,[1682],[],5551,0.1,555,0,0,1
4996,log_1418_1708942977.xes,0.3,na,[],0,0,0,0,no_drift,[0],[0],1119,0.1,111,1,0,1
4997,log_1418_1708942977.xes,0.3,na,[],0,0,0,0,sudden,[],[],1119,0.1,111,0,0,0
4998,log_1418_1708942977.xes,0.3,na,[],0,0,0,0,gradual_start,[],[],1119,0.1,111,0,0,0
4999,log_1418_1708942977.xes,0.3,na,[],0,0,0,0,gradual_end,[],[],1119,0.1,111,0,0,0
5000,log_1345_1708942974.xes,0.0,na,"['gradual', 'gradual']",2,4,0,2,no_drift,[],[0],4415,0.1,441,0,1,0
5001,log_1345_1708942974.xes,0.0,na,"['gradual', 'gradual']",2,4,0,2,sudden,[],[],4415,0.1,441,0,0,0
5002,log_1345_1708942974.xes,0.0,na,"['gradual', 'gradual']",2,4,0,2,gradual_start,"[1084, 2648]",[],4415,0.1,441,0,0,2
5003,log_1345_1708942974.xes,0.0,na,"['gradual', 'gradual']",2,4,0,2,gradual_end,"[1389, 2992]",[],4415,0.1,441,0,0,2
5004,log_1417_1708942959.xes,0.3,na,"['gradual', 'gradual', 'sudden']",3,5,1,2,no_drift,[],[],7261,0.1,726,0,0,0
5005,log_1417_1708942959.xes,0.3,na,"['gradual', 'gradual', 'sudden']",3,5,1,2,sudden,[5695],[5653],7261,0.1,726,1,0,1
5006,log_1417_1708942959.xes,0.3,na,"['gradual', 'gradual', 'sudden']",3,5,1,2,gradual_start,"[1507, 3470]",[1477],7261,0.1,726,1,0,2
5007,log_1417_1708942959.xes,0.3,na,"['gradual', 'gradual', 'sudden']",3,5,1,2,gradual_end,"[1903, 4056]",[1909],7261,0.1,726,1,0,2
5008,log_1568_1708942972.xes,0.0,na,"['sudden', 'sudden']",2,2,2,0,no_drift,[],[],3977,0.1,397,0,0,0
5009,log_1568_1708942972.xes,0.0,na,"['sudden', 'sudden']",2,2,2,0,sudden,"[1153, 2195]","[1141, 2186]",3977,0.1,397,2,0,2
5010,log_1568_1708942972.xes,0.0,na,"['sudden', 'sudden']",2,2,2,0,gradual_start,[],[],3977,0.1,397,0,0,0
5011,log_1568_1708942972.xes,0.0,na,"['sudden', 'sudden']",2,2,2,0,gradual_end,[],[],3977,0.1,397,0,0,0
5012,log_971_1708942975.xes,0.0,na,['sudden'],1,1,1,0,no_drift,[],[],2735,0.1,273,0,0,0
5013,log_971_1708942975.xes,0.0,na,['sudden'],1,1,1,0,sudden,[1204],[1184],2735,0.1,273,1,0,1
5014,log_971_1708942975.xes,0.0,na,['sudden'],1,1,1,0,gradual_start,[],[],2735,0.1,273,0,0,0
5015,log_971_1708942975.xes,0.0,na,['sudden'],1,1,1,0,gradual_end,[],[],2735,0.1,273,0,0,0
5016,log_1756_1708942971.xes,0.6,na,"['sudden', 'gradual']",2,3,1,1,no_drift,[],[],5206,0.1,520,0,0,0
5017,log_1756_1708942971.xes,0.6,na,"['sudden', 'gradual']",2,3,1,1,sudden,[1748],[1717],5206,0.1,520,1,0,1
5018,log_1756_1708942971.xes,0.6,na,"['sudden', 'gradual']",2,3,1,1,gradual_start,[3055],[],5206,0.1,520,0,0,1
5019,log_1756_1708942971.xes,0.6,na,"['sudden', 'gradual']",2,3,1,1,gradual_end,[3374],[],5206,0.1,520,0,0,1
5020,log_1607_1708942976.xes,0.0,na,[],0,0,0,0,no_drift,[0],[0],3544,0.1,354,1,0,1
5021,log_1607_1708942976.xes,0.0,na,[],0,0,0,0,sudden,[],[],3544,0.1,354,0,0,0
5022,log_1607_1708942976.xes,0.0,na,[],0,0,0,0,gradual_start,[],[],3544,0.1,354,0,0,0
5023,log_1607_1708942976.xes,0.0,na,[],0,0,0,0,gradual_end,[],[],3544,0.1,354,0,0,0
5024,log_1682_1708942973.xes,0.0,na,[],0,0,0,0,no_drift,[0],[0],2846,0.1,284,1,0,1
5025,log_1682_1708942973.xes,0.0,na,[],0,0,0,0,sudden,[],[],2846,0.1,284,0,0,0
5026,log_1682_1708942973.xes,0.0,na,[],0,0,0,0,gradual_start,[],[],2846,0.1,284,0,0,0
5027,log_1682_1708942973.xes,0.0,na,[],0,0,0,0,gradual_end,[],[],2846,0.1,284,0,0,0
5028,log_1381_1708942965.xes,0.6,na,"['sudden', 'gradual', 'sudden']",3,4,2,1,no_drift,[],[],6187,0.1,618,0,0,0
5029,log_1381_1708942965.xes,0.6,na,"['sudden', 'gradual', 'sudden']",3,4,2,1,sudden,"[1125, 4699]","[1111, 4681]",6187,0.1,618,2,0,2
5030,log_1381_1708942965.xes,0.6,na,"['sudden', 'gradual', 'sudden']",3,4,2,1,gradual_start,[2528],[2551],6187,0.1,618,1,0,1
5031,log_1381_1708942965.xes,0.6,na,"['sudden', 'gradual', 'sudden']",3,4,2,1,gradual_end,[3043],[3001],6187,0.1,618,1,0,1
5032,log_1195_1708942971.xes,0.6,na,['gradual'],1,2,0,1,no_drift,[],[],3682,0.1,368,0,0,0
5033,log_1195_1708942971.xes,0.6,na,['gradual'],1,2,0,1,sudden,[],[],3682,0.1,368,0,0,0
5034,log_1195_1708942971.xes,0.6,na,['gradual'],1,2,0,1,gradual_start,[1737],[1711],3682,0.1,368,1,0,1
5035,log_1195_1708942971.xes,0.6,na,['gradual'],1,2,0,1,gradual_end,[2102],[2071],3682,0.1,368,1,0,1
5036,log_1273_1708942974.xes,0.3,na,"['gradual', 'gradual']",2,4,0,2,no_drift,[],[],6188,0.1,618,0,0,0
5037,log_1273_1708942974.xes,0.3,na,"['gradual', 'gradual']",2,4,0,2,sudden,[],[],6188,0.1,618,0,0,0
5038,log_1273_1708942974.xes,0.3,na,"['gradual', 'gradual']",2,4,0,2,gradual_start,"[1470, 3650]","[1471, 3631]",6188,0.1,618,2,0,2
5039,log_1273_1708942974.xes,0.3,na,"['gradual', 'gradual']",2,4,0,2,gradual_end,"[2043, 4245]","[2041, 4231]",6188,0.1,618,2,0,2
5040,log_1041_1708942979.xes,0.0,na,['sudden'],1,1,1,0,no_drift,[],[],2607,0.1,260,0,0,0
5041,log_1041_1708942979.xes,0.0,na,['sudden'],1,1,1,0,sudden,[1195],[1171],2607,0.1,260,1,0,1
5042,log_1041_1708942979.xes,0.0,na,['sudden'],1,1,1,0,gradual_start,[],[],2607,0.1,260,0,0,0
5043,log_1041_1708942979.xes,0.0,na,['sudden'],1,1,1,0,gradual_end,[],[],2607,0.1,260,0,0,0
5044,log_1040_1708942977.xes,0.3,na,['sudden'],1,1,1,0,no_drift,[],[],2370,0.1,237,0,0,0
5045,log_1040_1708942977.xes,0.3,na,['sudden'],1,1,1,0,sudden,[1144],[1134],2370,0.1,237,1,0,1
5046,log_1040_1708942977.xes,0.3,na,['sudden'],1,1,1,0,gradual_start,[],[],2370,0.1,237,0,0,0
5047,log_1040_1708942977.xes,0.3,na,['sudden'],1,1,1,0,gradual_end,[],[],2370,0.1,237,0,0,0
5048,log_1234_1708942975.xes,0.0,na,"['sudden', 'gradual', 'gradual']",3,5,1,2,no_drift,[],[],7419,0.1,741,0,0,0
5049,log_1234_1708942975.xes,0.0,na,"['sudden', 'gradual', 'gradual']",3,5,1,2,sudden,[1396],[],7419,0.1,741,0,0,1
5050,log_1234_1708942975.xes,0.0,na,"['sudden', 'gradual', 'gradual']",3,5,1,2,gradual_start,"[3093, 5328]",[3072],7419,0.1,741,1,0,2
5051,log_1234_1708942975.xes,0.0,na,"['sudden', 'gradual', 'gradual']",3,5,1,2,gradual_end,"[3672, 5693]",[3590],7419,0.1,741,1,0,2
5052,log_1494_1708942970.xes,0.3,na,"['sudden', 'sudden']",2,2,2,0,no_drift,[],[],4443,0.1,444,0,0,0
5053,log_1494_1708942970.xes,0.3,na,"['sudden', 'sudden']",2,2,2,0,sudden,"[1432, 2603]","[2575, 1431]",4443,0.1,444,2,0,2
5054,log_1494_1708942970.xes,0.3,na,"['sudden', 'sudden']",2,2,2,0,gradual_start,[],[],4443,0.1,444,0,0,0
5055,log_1494_1708942970.xes,0.3,na,"['sudden', 'sudden']",2,2,2,0,gradual_end,[],[],4443,0.1,444,0,0,0
5056,log_1529_1708942971.xes,0.6,na,"['sudden', 'gradual']",2,3,1,1,no_drift,[],[],4801,0.1,480,0,0,0
5057,log_1529_1708942971.xes,0.6,na,"['sudden', 'gradual']",2,3,1,1,sudden,[1830],[1825],4801,0.1,480,1,0,1
5058,log_1529_1708942971.xes,0.6,na,"['sudden', 'gradual']",2,3,1,1,gradual_start,[2983],[2977],4801,0.1,480,1,0,1
5059,log_1529_1708942971.xes,0.6,na,"['sudden', 'gradual']",2,3,1,1,gradual_end,[3480],[3457],4801,0.1,480,1,0,1
5060,log_1010_1708942967.xes,0.0,na,"['sudden', 'gradual']",2,3,1,1,no_drift,[],[],5537,0.1,553,0,0,0
5061,log_1010_1708942967.xes,0.0,na,"['sudden', 'gradual']",2,3,1,1,sudden,[1429],[],5537,0.1,553,0,0,1
5062,log_1010_1708942967.xes,0.0,na,"['sudden', 'gradual']",2,3,1,1,gradual_start,[3355],[3349],5537,0.1,553,1,0,1
5063,log_1010_1708942967.xes,0.0,na,"['sudden', 'gradual']",2,3,1,1,gradual_end,[3908],[3889],5537,0.1,553,1,0,1
5064,log_1495_1708942978.xes,0.0,na,['gradual'],1,2,0,1,no_drift,[],[0],3235,0.1,323,0,1,0
5065,log_1495_1708942978.xes,0.0,na,['gradual'],1,2,0,1,sudden,[],[],3235,0.1,323,0,0,0
5066,log_1495_1708942978.xes,0.0,na,['gradual'],1,2,0,1,gradual_start,[1299],[],3235,0.1,323,0,0,1
5067,log_1495_1708942978.xes,0.0,na,['gradual'],1,2,0,1,gradual_end,[1835],[],3235,0.1,323,0,0,1
5068,log_1118_1708942975.xes,0.3,na,['gradual'],1,2,0,1,no_drift,[],[],4334,0.1,433,0,0,0
5069,log_1118_1708942975.xes,0.3,na,['gradual'],1,2,0,1,sudden,[],[],4334,0.1,433,0,0,0
5070,log_1118_1708942975.xes,0.3,na,['gradual'],1,2,0,1,gradual_start,[1904],[1849],4334,0.1,433,1,0,1
5071,log_1118_1708942975.xes,0.3,na,['gradual'],1,2,0,1,gradual_end,[2465],[2500],4334,0.1,433,1,0,1
5072,log_1530_1708942977.xes,0.0,na,['sudden'],1,1,1,0,no_drift,[],[],3265,0.1,326,0,0,0
5073,log_1530_1708942977.xes,0.0,na,['sudden'],1,1,1,0,sudden,[1270],[1265],3265,0.1,326,1,0,1
5074,log_1530_1708942977.xes,0.0,na,['sudden'],1,1,1,0,gradual_start,[],[],3265,0.1,326,0,0,0
5075,log_1530_1708942977.xes,0.0,na,['sudden'],1,1,1,0,gradual_end,[],[],3265,0.1,326,0,0,0
5076,log_1868_1708942977.xes,0.3,na,"['gradual', 'sudden', 'gradual']",3,5,1,2,no_drift,[],[0],6817,0.1,681,0,1,0
5077,log_1868_1708942977.xes,0.3,na,"['gradual', 'sudden', 'gradual']",3,5,1,2,sudden,[3611],[],6817,0.1,681,0,0,1
5078,log_1868_1708942977.xes,0.3,na,"['gradual', 'sudden', 'gradual']",3,5,1,2,gradual_start,"[1688, 4802]",[],6817,0.1,681,0,0,2
5079,log_1868_1708942977.xes,0.3,na,"['gradual', 'sudden', 'gradual']",3,5,1,2,gradual_end,"[2233, 5388]",[],6817,0.1,681,0,0,2
5080,log_1794_1708942976.xes,0.3,na,[],0,0,0,0,no_drift,[0],[0],5586,0.1,558,1,0,1
5081,log_1794_1708942976.xes,0.3,na,[],0,0,0,0,sudden,[],[],5586,0.1,558,0,0,0
5082,log_1794_1708942976.xes,0.3,na,[],0,0,0,0,gradual_start,[],[],5586,0.1,558,0,0,0
5083,log_1794_1708942976.xes,0.3,na,[],0,0,0,0,gradual_end,[],[],5586,0.1,558,0,0,0
5084,log_1608_1708942978.xes,0.0,na,"['sudden', 'sudden', 'gradual']",3,4,2,1,no_drift,[],[],6468,0.1,646,0,0,0
5085,log_1608_1708942978.xes,0.0,na,"['sudden', 'sudden', 'gradual']",3,4,2,1,sudden,"[1443, 3200]","[1409, 3169]",6468,0.1,646,2,0,2
5086,log_1608_1708942978.xes,0.0,na,"['sudden', 'sudden', 'gradual']",3,4,2,1,gradual_start,[5121],[],6468,0.1,646,0,0,1
5087,log_1608_1708942978.xes,0.0,na,"['sudden', 'sudden', 'gradual']",3,4,2,1,gradual_end,[5422],[],6468,0.1,646,0,0,1
5088,log_1496_1708942980.xes,0.0,na,[],0,0,0,0,no_drift,[0],[0],1787,0.1,178,1,0,1
5089,log_1496_1708942980.xes,0.0,na,[],0,0,0,0,sudden,[],[],1787,0.1,178,0,0,0
5090,log_1496_1708942980.xes,0.0,na,[],0,0,0,0,gradual_start,[],[],1787,0.1,178,0,0,0
5091,log_1496_1708942980.xes,0.0,na,[],0,0,0,0,gradual_end,[],[],1787,0.1,178,0,0,0
5092,log_1305_1708942971.xes,0.0,na,['gradual'],1,2,0,1,no_drift,[],[],3490,0.1,349,0,0,0
5093,log_1305_1708942971.xes,0.0,na,['gradual'],1,2,0,1,sudden,[],[],3490,0.1,349,0,0,0
5094,log_1305_1708942971.xes,0.0,na,['gradual'],1,2,0,1,gradual_start,[1991],[1990],3490,0.1,349,1,0,1
5095,log_1305_1708942971.xes,0.0,na,['gradual'],1,2,0,1,gradual_end,[2365],[2347],3490,0.1,349,1,0,1
5096,log_1042_1708942980.xes,0.3,na,['sudden'],1,1,1,0,no_drift,[],[],2603,0.1,260,0,0,0
5097,log_1042_1708942980.xes,0.3,na,['sudden'],1,1,1,0,sudden,[1324],[1314],2603,0.1,260,1,0,1
5098,log_1042_1708942980.xes,0.3,na,['sudden'],1,1,1,0,gradual_start,[],[],2603,0.1,260,0,0,0
5099,log_1042_1708942980.xes,0.3,na,['sudden'],1,1,1,0,gradual_end,[],[],2603,0.1,260,0,0,0
5100,log_1757_1708942976.xes,0.0,na,['gradual'],1,2,0,1,no_drift,[],[],3117,0.1,311,0,0,0
5101,log_1757_1708942976.xes,0.0,na,['gradual'],1,2,0,1,sudden,[],[],3117,0.1,311,0,0,0
5102,log_1757_1708942976.xes,0.0,na,['gradual'],1,2,0,1,gradual_start,[1332],[1336],3117,0.1,311,1,0,1
5103,log_1757_1708942976.xes,0.0,na,['gradual'],1,2,0,1,gradual_end,[1695],[1711],3117,0.1,311,1,0,1
5104,log_1157_1708942980.xes,0.0,na,[],0,0,0,0,no_drift,[0],[0],2280,0.1,228,1,0,1
5105,log_1157_1708942980.xes,0.0,na,[],0,0,0,0,sudden,[],[],2280,0.1,228,0,0,0
5106,log_1157_1708942980.xes,0.0,na,[],0,0,0,0,gradual_start,[],[],2280,0.1,228,0,0,0
5107,log_1157_1708942980.xes,0.0,na,[],0,0,0,0,gradual_end,[],[],2280,0.1,228,0,0,0
5108,log_1830_1708942974.xes,0.3,na,['gradual'],1,2,0,1,no_drift,[],[],3660,0.1,366,0,0,0
5109,log_1830_1708942974.xes,0.3,na,['gradual'],1,2,0,1,sudden,[],[],3660,0.1,366,0,0,0
5110,log_1830_1708942974.xes,0.3,na,['gradual'],1,2,0,1,gradual_start,[1983],[1963],3660,0.1,366,1,0,1
5111,log_1830_1708942974.xes,0.3,na,['gradual'],1,2,0,1,gradual_end,[2377],[2359],3660,0.1,366,1,0,1
5112,log_1197_1708942981.xes,0.0,na,['gradual'],1,2,0,1,no_drift,[],[],3084,0.1,308,0,0,0
5113,log_1197_1708942981.xes,0.0,na,['gradual'],1,2,0,1,sudden,[],[],3084,0.1,308,0,0,0
5114,log_1197_1708942981.xes,0.0,na,['gradual'],1,2,0,1,gradual_start,[1378],[1396],3084,0.1,308,1,0,1
5115,log_1197_1708942981.xes,0.0,na,['gradual'],1,2,0,1,gradual_end,[1750],[1756],3084,0.1,308,1,0,1
5116,log_1306_1708942979.xes,0.0,na,['gradual'],1,2,0,1,no_drift,[],[],3539,0.1,353,0,0,0
5117,log_1306_1708942979.xes,0.0,na,['gradual'],1,2,0,1,sudden,[],[],3539,0.1,353,0,0,0
5118,log_1306_1708942979.xes,0.0,na,['gradual'],1,2,0,1,gradual_start,[1779],[1803],3539,0.1,353,1,0,1
5119,log_1306_1708942979.xes,0.0,na,['gradual'],1,2,0,1,gradual_end,[2160],[2160],3539,0.1,353,1,0,1
5120,log_1196_1708942978.xes,0.0,na,"['sudden', 'gradual']",2,3,1,1,no_drift,[],[],5068,0.1,506,0,0,0
5121,log_1196_1708942978.xes,0.0,na,"['sudden', 'gradual']",2,3,1,1,sudden,[1911],[1876],5068,0.1,506,1,0,1
5122,log_1196_1708942978.xes,0.0,na,"['sudden', 'gradual']",2,3,1,1,gradual_start,[3283],[3276],5068,0.1,506,1,0,1
5123,log_1196_1708942978.xes,0.0,na,"['sudden', 'gradual']",2,3,1,1,gradual_end,[3827],[3801],5068,0.1,506,1,0,1
5124,log_1569_1708942977.xes,0.0,na,"['gradual', 'sudden', 'sudden']",3,4,2,1,no_drift,[],[],5891,0.1,589,0,0,0
5125,log_1569_1708942977.xes,0.0,na,"['gradual', 'sudden', 'sudden']",3,4,2,1,sudden,"[3348, 4696]","[3307, 4670]",5891,0.1,589,2,0,2
5126,log_1569_1708942977.xes,0.0,na,"['gradual', 'sudden', 'sudden']",3,4,2,1,gradual_start,[1935],[],5891,0.1,589,0,0,1
5127,log_1569_1708942977.xes,0.0,na,"['gradual', 'sudden', 'sudden']",3,4,2,1,gradual_end,[2322],[],5891,0.1,589,0,0,1
5128,log_972_1708942977.xes,0.0,na,"['sudden', 'sudden', 'gradual']",3,4,2,1,no_drift,[],[],6119,0.1,611,0,0,0
5129,log_972_1708942977.xes,0.0,na,"['sudden', 'sudden', 'gradual']",3,4,2,1,sudden,"[1502, 2532]",[2521],6119,0.1,611,1,0,2
5130,log_972_1708942977.xes,0.0,na,"['sudden', 'sudden', 'gradual']",3,4,2,1,gradual_start,[3921],[3901],6119,0.1,611,1,0,1
5131,log_972_1708942977.xes,0.0,na,"['sudden', 'sudden', 'gradual']",3,4,2,1,gradual_end,[4458],[4441],6119,0.1,611,1,0,1
5132,log_1011_1708942978.xes,0.0,na,"['sudden', 'sudden', 'sudden']",3,3,3,0,no_drift,[],[],6666,0.1,666,0,0,0
5133,log_1011_1708942978.xes,0.0,na,"['sudden', 'sudden', 'sudden']",3,3,3,0,sudden,"[1734, 3470, 4902]","[4885, 3466]",6666,0.1,666,2,0,3
5134,log_1011_1708942978.xes,0.0,na,"['sudden', 'sudden', 'sudden']",3,3,3,0,gradual_start,[],[],6666,0.1,666,0,0,0
5135,log_1011_1708942978.xes,0.0,na,"['sudden', 'sudden', 'sudden']",3,3,3,0,gradual_end,[],[],6666,0.1,666,0,0,0
5136,log_1156_1708942971.xes,0.3,na,"['sudden', 'gradual']",2,3,1,1,no_drift,[],[],5533,0.1,553,0,0,0
5137,log_1156_1708942971.xes,0.3,na,"['sudden', 'gradual']",2,3,1,1,sudden,[1358],[],5533,0.1,553,0,0,1
5138,log_1156_1708942971.xes,0.3,na,"['sudden', 'gradual']",2,3,1,1,gradual_start,[3081],[3079],5533,0.1,553,1,0,1
5139,log_1156_1708942971.xes,0.3,na,"['sudden', 'gradual']",2,3,1,1,gradual_end,[3559],[3592],5533,0.1,553,1,0,1
5140,log_1198_1708942983.xes,0.3,na,[],0,0,0,0,no_drift,[0],[0],2252,0.1,225,1,0,1
5141,log_1198_1708942983.xes,0.3,na,[],0,0,0,0,sudden,[],[],2252,0.1,225,0,0,0
5142,log_1198_1708942983.xes,0.3,na,[],0,0,0,0,gradual_start,[],[],2252,0.1,225,0,0,0
5143,log_1198_1708942983.xes,0.3,na,[],0,0,0,0,gradual_end,[],[],2252,0.1,225,0,0,0
5144,log_1080_1708942973.xes,0.3,na,"['gradual', 'sudden']",2,3,1,1,no_drift,[],[],5329,0.1,532,0,0,0
5145,log_1080_1708942973.xes,0.3,na,"['gradual', 'sudden']",2,3,1,1,sudden,[4181],[4161],5329,0.1,532,1,0,1
5146,log_1080_1708942973.xes,0.3,na,"['gradual', 'sudden']",2,3,1,1,gradual_start,[1891],[1899],5329,0.1,532,1,0,1
5147,log_1080_1708942973.xes,0.3,na,"['gradual', 'sudden']",2,3,1,1,gradual_end,[2208],[2185],5329,0.1,532,1,0,1
5148,log_1643_1708942979.xes,0.0,na,[],0,0,0,0,no_drift,[0],[0],6968,0.1,696,1,0,1
5149,log_1643_1708942979.xes,0.0,na,[],0,0,0,0,sudden,[],[],6968,0.1,696,0,0,0
5150,log_1643_1708942979.xes,0.0,na,[],0,0,0,0,gradual_start,[],[],6968,0.1,696,0,0,0
5151,log_1643_1708942979.xes,0.0,na,[],0,0,0,0,gradual_end,[],[],6968,0.1,696,0,0,0
5152,log_1419_1708942978.xes,0.3,na,"['gradual', 'sudden']",2,3,1,1,no_drift,[],[],4816,0.1,481,0,0,0
5153,log_1419_1708942978.xes,0.3,na,"['gradual', 'sudden']",2,3,1,1,sudden,[3463],[3433],4816,0.1,481,1,0,1
5154,log_1419_1708942978.xes,0.3,na,"['gradual', 'sudden']",2,3,1,1,gradual_start,[1120],[1225],4816,0.1,481,1,0,1
5155,log_1419_1708942978.xes,0.3,na,"['gradual', 'sudden']",2,3,1,1,gradual_end,[1693],[1849],4816,0.1,481,1,0,1
5156,log_1458_1708942974.xes,0.3,na,"['sudden', 'sudden']",2,2,2,0,no_drift,[],[],4467,0.1,446,0,0,0
5157,log_1458_1708942974.xes,0.3,na,"['sudden', 'sudden']",2,2,2,0,sudden,"[1009, 2858]","[2839, 991]",4467,0.1,446,2,0,2
5158,log_1458_1708942974.xes,0.3,na,"['sudden', 'sudden']",2,2,2,0,gradual_start,[],[],4467,0.1,446,0,0,0
5159,log_1458_1708942974.xes,0.3,na,"['sudden', 'sudden']",2,2,2,0,gradual_end,[],[],4467,0.1,446,0,0,0
5160,log_1609_1708942981.xes,0.6,na,['gradual'],1,2,0,1,no_drift,[],[],2924,0.1,292,0,0,0
5161,log_1609_1708942981.xes,0.6,na,['gradual'],1,2,0,1,sudden,[],[],2924,0.1,292,0,0,0
5162,log_1609_1708942981.xes,0.6,na,['gradual'],1,2,0,1,gradual_start,[1118],[1121],2924,0.1,292,1,0,1
5163,log_1609_1708942981.xes,0.6,na,['gradual'],1,2,0,1,gradual_end,[1459],[1513],2924,0.1,292,1,0,1
5164,log_1274_1708942980.xes,0.0,na,['gradual'],1,2,0,1,no_drift,[],[],3148,0.1,314,0,0,0
5165,log_1274_1708942980.xes,0.0,na,['gradual'],1,2,0,1,sudden,[],[],3148,0.1,314,0,0,0
5166,log_1274_1708942980.xes,0.0,na,['gradual'],1,2,0,1,gradual_start,[1653],[1651],3148,0.1,314,1,0,1
5167,log_1274_1708942980.xes,0.0,na,['gradual'],1,2,0,1,gradual_end,[2107],[2086],3148,0.1,314,1,0,1
5168,log_1119_1708942980.xes,0.0,na,"['sudden', 'sudden']",2,2,2,0,no_drift,[],[],3337,0.1,333,0,0,0
5169,log_1119_1708942980.xes,0.0,na,"['sudden', 'sudden']",2,2,2,0,sudden,"[1017, 2064]","[2049, 1009]",3337,0.1,333,2,0,2
5170,log_1119_1708942980.xes,0.0,na,"['sudden', 'sudden']",2,2,2,0,gradual_start,[],[],3337,0.1,333,0,0,0
5171,log_1119_1708942980.xes,0.0,na,"['sudden', 'sudden']",2,2,2,0,gradual_end,[],[],3337,0.1,333,0,0,0
5172,log_1531_1708942979.xes,0.0,na,[],0,0,0,0,no_drift,[0],[0],4554,0.1,455,1,0,1
5173,log_1531_1708942979.xes,0.0,na,[],0,0,0,0,sudden,[],[],4554,0.1,455,0,0,0
5174,log_1531_1708942979.xes,0.0,na,[],0,0,0,0,gradual_start,[],[],4554,0.1,455,0,0,0
5175,log_1531_1708942979.xes,0.0,na,[],0,0,0,0,gradual_end,[],[],4554,0.1,455,0,0,0
5176,log_1831_1708942980.xes,0.6,na,"['gradual', 'sudden']",2,3,1,1,no_drift,[],[],5452,0.1,545,0,0,0
5177,log_1831_1708942980.xes,0.6,na,"['gradual', 'sudden']",2,3,1,1,sudden,[3537],[3538],5452,0.1,545,1,0,1
5178,log_1831_1708942980.xes,0.6,na,"['gradual', 'sudden']",2,3,1,1,gradual_start,[1915],[],5452,0.1,545,0,0,1
5179,log_1831_1708942980.xes,0.6,na,"['gradual', 'sudden']",2,3,1,1,gradual_end,[2349],[],5452,0.1,545,0,0,1
5180,log_1235_1708942979.xes,0.0,na,['sudden'],1,1,1,0,no_drift,[],[0],3444,0.1,344,0,1,0
5181,log_1235_1708942979.xes,0.0,na,['sudden'],1,1,1,0,sudden,[1592],[],3444,0.1,344,0,0,1
5182,log_1235_1708942979.xes,0.0,na,['sudden'],1,1,1,0,gradual_start,[],[],3444,0.1,344,0,0,0
5183,log_1235_1708942979.xes,0.0,na,['sudden'],1,1,1,0,gradual_end,[],[],3444,0.1,344,0,0,0
5184,log_1570_1708942982.xes,0.0,na,"['sudden', 'sudden']",2,2,2,0,no_drift,[],[],4161,0.1,416,0,0,0
5185,log_1570_1708942982.xes,0.0,na,"['sudden', 'sudden']",2,2,2,0,sudden,"[1087, 2418]","[2401, 1061]",4161,0.1,416,2,0,2
5186,log_1570_1708942982.xes,0.0,na,"['sudden', 'sudden']",2,2,2,0,gradual_start,[],[],4161,0.1,416,0,0,0
5187,log_1570_1708942982.xes,0.0,na,"['sudden', 'sudden']",2,2,2,0,gradual_end,[],[],4161,0.1,416,0,0,0
5188,log_1420_1708942983.xes,0.6,na,[],0,0,0,0,no_drift,[0],[0],5912,0.1,591,1,0,1
5189,log_1420_1708942983.xes,0.6,na,[],0,0,0,0,sudden,[],[],5912,0.1,591,0,0,0
5190,log_1420_1708942983.xes,0.6,na,[],0,0,0,0,gradual_start,[],[],5912,0.1,591,0,0,0
5191,log_1420_1708942983.xes,0.6,na,[],0,0,0,0,gradual_end,[],[],5912,0.1,591,0,0,0
5192,log_1795_1708942980.xes,0.0,na,"['sudden', 'gradual', 'gradual']",3,5,1,2,no_drift,[],[],6394,0.1,639,0,0,0
5193,log_1795_1708942980.xes,0.0,na,"['sudden', 'gradual', 'gradual']",3,5,1,2,sudden,[1856],[1830],6394,0.1,639,1,0,1
5194,log_1795_1708942980.xes,0.0,na,"['sudden', 'gradual', 'gradual']",3,5,1,2,gradual_start,"[2949, 4980]","[4961, 2946]",6394,0.1,639,2,0,2
5195,log_1795_1708942980.xes,0.0,na,"['sudden', 'gradual', 'gradual']",3,5,1,2,gradual_end,"[3475, 5305]","[5302, 3473]",6394,0.1,639,2,0,2
5196,log_1158_1708942982.xes,0.6,na,"['gradual', 'gradual']",2,4,0,2,no_drift,[],[],5673,0.1,567,0,0,0
5197,log_1158_1708942982.xes,0.6,na,"['gradual', 'gradual']",2,4,0,2,sudden,[],[],5673,0.1,567,0,0,0
5198,log_1158_1708942982.xes,0.6,na,"['gradual', 'gradual']",2,4,0,2,gradual_start,"[1365, 3282]",[3249],5673,0.1,567,1,0,2
5199,log_1158_1708942982.xes,0.6,na,"['gradual', 'gradual']",2,4,0,2,gradual_end,"[1721, 3875]",[3837],5673,0.1,567,1,0,2
5200,log_1869_1708942981.xes,0.3,na,"['sudden', 'sudden']",2,2,2,0,no_drift,[],[],4985,0.1,498,0,0,0
5201,log_1869_1708942981.xes,0.3,na,"['sudden', 'sudden']",2,2,2,0,sudden,"[1528, 3232]","[1489, 3217]",4985,0.1,498,2,0,2
5202,log_1869_1708942981.xes,0.3,na,"['sudden', 'sudden']",2,2,2,0,gradual_start,[],[],4985,0.1,498,0,0,0
5203,log_1869_1708942981.xes,0.3,na,"['sudden', 'sudden']",2,2,2,0,gradual_end,[],[],4985,0.1,498,0,0,0
5204,log_1497_1708942981.xes,0.0,na,"['gradual', 'gradual']",2,4,0,2,no_drift,[],[],5555,0.1,555,0,0,0
5205,log_1497_1708942981.xes,0.0,na,"['gradual', 'gradual']",2,4,0,2,sudden,[],[],5555,0.1,555,0,0,0
5206,log_1497_1708942981.xes,0.0,na,"['gradual', 'gradual']",2,4,0,2,gradual_start,"[1047, 3203]",[3133],5555,0.1,555,1,0,2
5207,log_1497_1708942981.xes,0.0,na,"['gradual', 'gradual']",2,4,0,2,gradual_end,"[1626, 3663]",[3646],5555,0.1,555,1,0,2
5208,log_1346_1708942978.xes,0.6,na,"['gradual', 'gradual']",2,4,0,2,no_drift,[],[],5318,0.1,531,0,0,0
5209,log_1346_1708942978.xes,0.6,na,"['gradual', 'gradual']",2,4,0,2,sudden,[],[],5318,0.1,531,0,0,0
5210,log_1346_1708942978.xes,0.6,na,"['gradual', 'gradual']",2,4,0,2,gradual_start,"[1460, 3572]",[1509],5318,0.1,531,1,0,2
5211,log_1346_1708942978.xes,0.6,na,"['gradual', 'gradual']",2,4,0,2,gradual_end,"[1935, 3935]",[1977],5318,0.1,531,1,0,2
5212,log_1610_1708942983.xes,0.3,na,"['sudden', 'sudden', 'sudden']",3,3,3,0,no_drift,[],[],6045,0.1,604,0,0,0
5213,log_1610_1708942983.xes,0.3,na,"['sudden', 'sudden', 'sudden']",3,3,3,0,sudden,"[1117, 3042, 4972]","[4921, 1081]",6045,0.1,604,2,0,3
5214,log_1610_1708942983.xes,0.3,na,"['sudden', 'sudden', 'sudden']",3,3,3,0,gradual_start,[],[],6045,0.1,604,0,0,0
5215,log_1610_1708942983.xes,0.3,na,"['sudden', 'sudden', 'sudden']",3,3,3,0,gradual_end,[],[],6045,0.1,604,0,0,0
5216,log_1347_1708942984.xes,0.0,na,"['sudden', 'sudden']",2,2,2,0,no_drift,[],[],3903,0.1,390,0,0,0
5217,log_1347_1708942984.xes,0.0,na,"['sudden', 'sudden']",2,2,2,0,sudden,"[1294, 2600]",[2604],3903,0.1,390,1,0,2
5218,log_1347_1708942984.xes,0.0,na,"['sudden', 'sudden']",2,2,2,0,gradual_start,[],[],3903,0.1,390,0,0,0
5219,log_1347_1708942984.xes,0.0,na,"['sudden', 'sudden']",2,2,2,0,gradual_end,[],[],3903,0.1,390,0,0,0
5220,log_1307_1708942982.xes,0.3,na,['gradual'],1,2,0,1,no_drift,[],[],3743,0.1,374,0,0,0
5221,log_1307_1708942982.xes,0.3,na,['gradual'],1,2,0,1,sudden,[],[],3743,0.1,374,0,0,0
5222,log_1307_1708942982.xes,0.3,na,['gradual'],1,2,0,1,gradual_start,[1615],[1567],3743,0.1,374,1,0,1
5223,log_1307_1708942982.xes,0.3,na,['gradual'],1,2,0,1,gradual_end,[1953],[1981],3743,0.1,374,1,0,1
5224,log_1644_1708942983.xes,0.6,na,[],0,0,0,0,no_drift,[0],[0],3918,0.1,391,1,0,1
5225,log_1644_1708942983.xes,0.6,na,[],0,0,0,0,sudden,[],[],3918,0.1,391,0,0,0
5226,log_1644_1708942983.xes,0.6,na,[],0,0,0,0,gradual_start,[],[],3918,0.1,391,0,0,0
5227,log_1644_1708942983.xes,0.6,na,[],0,0,0,0,gradual_end,[],[],3918,0.1,391,0,0,0
5228,log_1382_1708942977.xes,0.6,na,[],0,0,0,0,no_drift,[0],[0],5612,0.1,561,1,0,1
5229,log_1382_1708942977.xes,0.6,na,[],0,0,0,0,sudden,[],[],5612,0.1,561,0,0,0
5230,log_1382_1708942977.xes,0.6,na,[],0,0,0,0,gradual_start,[],[],5612,0.1,561,0,0,0
5231,log_1382_1708942977.xes,0.6,na,[],0,0,0,0,gradual_end,[],[],5612,0.1,561,0,0,0
5232,log_1683_1708942977.xes,0.6,na,"['gradual', 'gradual']",2,4,0,2,no_drift,[],[0],5872,0.1,587,0,1,0
5233,log_1683_1708942977.xes,0.6,na,"['gradual', 'gradual']",2,4,0,2,sudden,[],[],5872,0.1,587,0,0,0
5234,log_1683_1708942977.xes,0.6,na,"['gradual', 'gradual']",2,4,0,2,gradual_start,"[1997, 3982]",[],5872,0.1,587,0,0,2
5235,log_1683_1708942977.xes,0.6,na,"['gradual', 'gradual']",2,4,0,2,gradual_end,"[2372, 4363]",[],5872,0.1,587,0,0,2
5236,log_1460_1708942988.xes,0.0,na,['sudden'],1,1,1,0,no_drift,[],[],2465,0.1,246,0,0,0
5237,log_1460_1708942988.xes,0.0,na,['sudden'],1,1,1,0,sudden,[1014],[1009],2465,0.1,246,1,0,1
5238,log_1460_1708942988.xes,0.0,na,['sudden'],1,1,1,0,gradual_start,[],[],2465,0.1,246,0,0,0
5239,log_1460_1708942988.xes,0.0,na,['sudden'],1,1,1,0,gradual_end,[],[],2465,0.1,246,0,0,0
5240,log_1532_1708942983.xes,0.0,na,"['gradual', 'sudden']",2,3,1,1,no_drift,[],[],5800,0.1,580,0,0,0
5241,log_1532_1708942983.xes,0.0,na,"['gradual', 'sudden']",2,3,1,1,sudden,[3942],[3916],5800,0.1,580,1,0,1
5242,log_1532_1708942983.xes,0.0,na,"['gradual', 'sudden']",2,3,1,1,gradual_start,[1733],[1741],5800,0.1,580,1,0,1
5243,log_1532_1708942983.xes,0.0,na,"['gradual', 'sudden']",2,3,1,1,gradual_end,[2225],[2321],5800,0.1,580,1,0,1
5244,log_1421_1708942985.xes,0.3,na,"['gradual', 'sudden']",2,3,1,1,no_drift,[],[],4338,0.1,433,0,0,0
5245,log_1421_1708942985.xes,0.3,na,"['gradual', 'sudden']",2,3,1,1,sudden,[2925],[2899],4338,0.1,433,1,0,1
5246,log_1421_1708942985.xes,0.3,na,"['gradual', 'sudden']",2,3,1,1,gradual_start,[1068],[1072],4338,0.1,433,1,0,1
5247,log_1421_1708942985.xes,0.3,na,"['gradual', 'sudden']",2,3,1,1,gradual_end,[1581],[1576],4338,0.1,433,1,0,1
5248,log_1459_1708942983.xes,0.0,na,"['gradual', 'gradual', 'sudden']",3,5,1,2,no_drift,[],[],6320,0.1,632,0,0,0
5249,log_1459_1708942983.xes,0.0,na,"['gradual', 'gradual', 'sudden']",3,5,1,2,sudden,[5230],[5209],6320,0.1,632,1,0,1
5250,log_1459_1708942983.xes,0.0,na,"['gradual', 'gradual', 'sudden']",3,5,1,2,gradual_start,"[1515, 3157]",[3132],6320,0.1,632,1,0,2
5251,log_1459_1708942983.xes,0.0,na,"['gradual', 'gradual', 'sudden']",3,5,1,2,gradual_end,"[1992, 3483]",[3473],6320,0.1,632,1,0,2
5252,log_1832_1708942983.xes,0.0,na,"['gradual', 'gradual']",2,4,0,2,no_drift,[],[],5625,0.1,562,0,0,0
5253,log_1832_1708942983.xes,0.0,na,"['gradual', 'gradual']",2,4,0,2,sudden,[],[],5625,0.1,562,0,0,0
5254,log_1832_1708942983.xes,0.0,na,"['gradual', 'gradual']",2,4,0,2,gradual_start,"[1967, 3753]","[3725, 1961]",5625,0.1,562,2,0,2
5255,log_1832_1708942983.xes,0.0,na,"['gradual', 'gradual']",2,4,0,2,gradual_end,"[2314, 4262]","[4257, 2269]",5625,0.1,562,2,0,2
5256,log_1081_1708942983.xes,0.6,na,['sudden'],1,1,1,0,no_drift,[],[],3691,0.1,369,0,0,0
5257,log_1081_1708942983.xes,0.6,na,['sudden'],1,1,1,0,sudden,[1865],[1855],3691,0.1,369,1,0,1
5258,log_1081_1708942983.xes,0.6,na,['sudden'],1,1,1,0,gradual_start,[],[],3691,0.1,369,0,0,0
5259,log_1081_1708942983.xes,0.6,na,['sudden'],1,1,1,0,gradual_end,[],[],3691,0.1,369,0,0,0
5260,log_1120_1708942985.xes,0.3,na,"['gradual', 'sudden']",2,3,1,1,no_drift,[],[],5244,0.1,524,0,0,0
5261,log_1120_1708942985.xes,0.3,na,"['gradual', 'sudden']",2,3,1,1,sudden,[3560],[3537],5244,0.1,524,1,0,1
5262,log_1120_1708942985.xes,0.3,na,"['gradual', 'sudden']",2,3,1,1,gradual_start,[1647],[1613],5244,0.1,524,1,0,1
5263,log_1120_1708942985.xes,0.3,na,"['gradual', 'sudden']",2,3,1,1,gradual_end,[2090],[2133],5244,0.1,524,1,0,1
5264,log_1383_1708942985.xes,0.0,na,[],0,0,0,0,no_drift,[0],[0],4794,0.1,479,1,0,1
5265,log_1383_1708942985.xes,0.0,na,[],0,0,0,0,sudden,[],[],4794,0.1,479,0,0,0
5266,log_1383_1708942985.xes,0.0,na,[],0,0,0,0,gradual_start,[],[],4794,0.1,479,0,0,0
5267,log_1383_1708942985.xes,0.0,na,[],0,0,0,0,gradual_end,[],[],4794,0.1,479,0,0,0
5268,log_1348_1708942986.xes,0.0,na,['sudden'],1,1,1,0,no_drift,[],[0],2599,0.1,259,0,1,0
5269,log_1348_1708942986.xes,0.0,na,['sudden'],1,1,1,0,sudden,[1160],[],2599,0.1,259,0,0,1
5270,log_1348_1708942986.xes,0.0,na,['sudden'],1,1,1,0,gradual_start,[],[],2599,0.1,259,0,0,0
5271,log_1348_1708942986.xes,0.0,na,['sudden'],1,1,1,0,gradual_end,[],[],2599,0.1,259,0,0,0
5272,log_1498_1708942985.xes,0.6,na,['sudden'],1,1,1,0,no_drift,[],[0],3280,0.1,328,0,1,0
5273,log_1498_1708942985.xes,0.6,na,['sudden'],1,1,1,0,sudden,[1494],[],3280,0.1,328,0,0,1
5274,log_1498_1708942985.xes,0.6,na,['sudden'],1,1,1,0,gradual_start,[],[],3280,0.1,328,0,0,0
5275,log_1498_1708942985.xes,0.6,na,['sudden'],1,1,1,0,gradual_end,[],[],3280,0.1,328,0,0,0
5276,log_1533_1708942987.xes,0.6,na,"['gradual', 'sudden']",2,3,1,1,no_drift,[],[],4278,0.1,427,0,0,0
5277,log_1533_1708942987.xes,0.6,na,"['gradual', 'sudden']",2,3,1,1,sudden,[2893],[],4278,0.1,427,0,0,1
5278,log_1533_1708942987.xes,0.6,na,"['gradual', 'sudden']",2,3,1,1,gradual_start,[1167],[1177],4278,0.1,427,1,0,1
5279,log_1533_1708942987.xes,0.6,na,"['gradual', 'sudden']",2,3,1,1,gradual_end,[1713],[1681],4278,0.1,427,1,0,1
5280,log_1758_1708942982.xes,0.3,na,"['sudden', 'sudden', 'gradual']",3,4,2,1,no_drift,[],[],7246,0.1,724,0,0,0
5281,log_1758_1708942982.xes,0.3,na,"['sudden', 'sudden', 'gradual']",3,4,2,1,sudden,"[1704, 3299]","[3277, 1657]",7246,0.1,724,2,0,2
5282,log_1758_1708942982.xes,0.3,na,"['sudden', 'sudden', 'gradual']",3,4,2,1,gradual_start,[5055],[],7246,0.1,724,0,0,1
5283,log_1758_1708942982.xes,0.3,na,"['sudden', 'sudden', 'gradual']",3,4,2,1,gradual_end,[5392],[],7246,0.1,724,0,0,1
5284,log_1236_1708942984.xes,0.0,na,"['gradual', 'sudden', 'sudden']",3,4,2,1,no_drift,[],[],6100,0.1,610,0,0,0
5285,log_1236_1708942984.xes,0.0,na,"['gradual', 'sudden', 'sudden']",3,4,2,1,sudden,"[2611, 4502]","[4471, 2611]",6100,0.1,610,2,0,2
5286,log_1236_1708942984.xes,0.0,na,"['gradual', 'sudden', 'sudden']",3,4,2,1,gradual_start,[1272],[],6100,0.1,610,0,0,1
5287,log_1236_1708942984.xes,0.0,na,"['gradual', 'sudden', 'sudden']",3,4,2,1,gradual_end,[1586],[],6100,0.1,610,0,0,1
5288,log_1043_1708942982.xes,0.3,na,['sudden'],1,1,1,0,no_drift,[],[],3295,0.1,329,0,0,0
5289,log_1043_1708942982.xes,0.3,na,['sudden'],1,1,1,0,sudden,[1822],[1825],3295,0.1,329,1,0,1
5290,log_1043_1708942982.xes,0.3,na,['sudden'],1,1,1,0,gradual_start,[],[],3295,0.1,329,0,0,0
5291,log_1043_1708942982.xes,0.3,na,['sudden'],1,1,1,0,gradual_end,[],[],3295,0.1,329,0,0,0
5292,log_1611_1708942987.xes,0.6,na,[],0,0,0,0,no_drift,[0],[0],3171,0.1,317,1,0,1
5293,log_1611_1708942987.xes,0.6,na,[],0,0,0,0,sudden,[],[],3171,0.1,317,0,0,0
5294,log_1611_1708942987.xes,0.6,na,[],0,0,0,0,gradual_start,[],[],3171,0.1,317,0,0,0
5295,log_1611_1708942987.xes,0.6,na,[],0,0,0,0,gradual_end,[],[],3171,0.1,317,0,0,0
5296,log_1012_1708942983.xes,0.3,na,"['sudden', 'sudden']",2,2,2,0,no_drift,[],[],4477,0.1,447,0,0,0
5297,log_1012_1708942983.xes,0.3,na,"['sudden', 'sudden']",2,2,2,0,sudden,"[1661, 3049]","[3037, 1629]",4477,0.1,447,2,0,2
5298,log_1012_1708942983.xes,0.3,na,"['sudden', 'sudden']",2,2,2,0,gradual_start,[],[],4477,0.1,447,0,0,0
5299,log_1012_1708942983.xes,0.3,na,"['sudden', 'sudden']",2,2,2,0,gradual_end,[],[],4477,0.1,447,0,0,0
5300,log_1870_1708942985.xes,0.3,na,[],0,0,0,0,no_drift,[0],[0],4167,0.1,416,1,0,1
5301,log_1870_1708942985.xes,0.3,na,[],0,0,0,0,sudden,[],[],4167,0.1,416,0,0,0
5302,log_1870_1708942985.xes,0.3,na,[],0,0,0,0,gradual_start,[],[],4167,0.1,416,0,0,0
5303,log_1870_1708942985.xes,0.3,na,[],0,0,0,0,gradual_end,[],[],4167,0.1,416,0,0,0
5304,log_1720_1708942976.xes,0.0,na,"['gradual', 'gradual', 'gradual']",3,6,0,3,no_drift,[],[],7863,0.1,786,0,0,0
5305,log_1720_1708942976.xes,0.0,na,"['gradual', 'gradual', 'gradual']",3,6,0,3,sudden,[],[],7863,0.1,786,0,0,0
5306,log_1720_1708942976.xes,0.0,na,"['gradual', 'gradual', 'gradual']",3,6,0,3,gradual_start,"[1978, 4394, 5722]","[4330, 5695, 1951]",7863,0.1,786,3,0,3
5307,log_1720_1708942976.xes,0.0,na,"['gradual', 'gradual', 'gradual']",3,6,0,3,gradual_end,"[2463, 4718, 6077]","[4720, 6085, 2419]",7863,0.1,786,3,0,3
5308,log_1349_1708942988.xes,0.0,na,['gradual'],1,2,0,1,no_drift,[],[],3154,0.1,315,0,0,0
5309,log_1349_1708942988.xes,0.0,na,['gradual'],1,2,0,1,sudden,[],[],3154,0.1,315,0,0,0
5310,log_1349_1708942988.xes,0.0,na,['gradual'],1,2,0,1,gradual_start,[1597],[1576],3154,0.1,315,1,0,1
5311,log_1349_1708942988.xes,0.0,na,['gradual'],1,2,0,1,gradual_end,[2062],[2071],3154,0.1,315,1,0,1
5312,log_1796_1708942985.xes,0.3,na,"['sudden', 'gradual']",2,3,1,1,no_drift,[],[],5492,0.1,549,0,0,0
5313,log_1796_1708942985.xes,0.3,na,"['sudden', 'gradual']",2,3,1,1,sudden,[1887],[3268],5492,0.1,549,0,1,1
5314,log_1796_1708942985.xes,0.3,na,"['sudden', 'gradual']",2,3,1,1,gradual_start,[3282],[],5492,0.1,549,0,0,1
5315,log_1796_1708942985.xes,0.3,na,"['sudden', 'gradual']",2,3,1,1,gradual_end,[3871],[],5492,0.1,549,0,0,1
5316,log_1044_1708942989.xes,0.3,na,['gradual'],1,2,0,1,no_drift,[],[],3443,0.1,344,0,0,0
5317,log_1044_1708942989.xes,0.3,na,['gradual'],1,2,0,1,sudden,[],[],3443,0.1,344,0,0,0
5318,log_1044_1708942989.xes,0.3,na,['gradual'],1,2,0,1,gradual_start,[1041],[1004],3443,0.1,344,1,0,1
5319,log_1044_1708942989.xes,0.3,na,['gradual'],1,2,0,1,gradual_end,[1612],[1633],3443,0.1,344,1,0,1
5320,log_1499_1708942988.xes,0.6,na,['sudden'],1,1,1,0,no_drift,[],[],3004,0.1,300,0,0,0
5321,log_1499_1708942988.xes,0.6,na,['sudden'],1,1,1,0,sudden,[1285],[1276],3004,0.1,300,1,0,1
5322,log_1499_1708942988.xes,0.6,na,['sudden'],1,1,1,0,gradual_start,[],[],3004,0.1,300,0,0,0
5323,log_1499_1708942988.xes,0.6,na,['sudden'],1,1,1,0,gradual_end,[],[],3004,0.1,300,0,0,0
5324,log_1833_1708942988.xes,0.0,na,[],0,0,0,0,no_drift,[0],[0],4359,0.1,435,1,0,1
5325,log_1833_1708942988.xes,0.0,na,[],0,0,0,0,sudden,[],[],4359,0.1,435,0,0,0
5326,log_1833_1708942988.xes,0.0,na,[],0,0,0,0,gradual_start,[],[],4359,0.1,435,0,0,0
5327,log_1833_1708942988.xes,0.0,na,[],0,0,0,0,gradual_end,[],[],4359,0.1,435,0,0,0
5328,log_1121_1708942987.xes,0.3,na,[],0,0,0,0,no_drift,[0],[0],4113,0.1,411,1,0,1
5329,log_1121_1708942987.xes,0.3,na,[],0,0,0,0,sudden,[],[],4113,0.1,411,0,0,0
5330,log_1121_1708942987.xes,0.3,na,[],0,0,0,0,gradual_start,[],[],4113,0.1,411,0,0,0
5331,log_1121_1708942987.xes,0.3,na,[],0,0,0,0,gradual_end,[],[],4113,0.1,411,0,0,0
5332,log_1275_1708942984.xes,0.0,na,"['gradual', 'sudden', 'gradual']",3,5,1,2,no_drift,[],[],6622,0.1,662,0,0,0
5333,log_1275_1708942984.xes,0.0,na,"['gradual', 'sudden', 'gradual']",3,5,1,2,sudden,[4113],[4060],6622,0.1,662,1,0,1
5334,log_1275_1708942984.xes,0.0,na,"['gradual', 'sudden', 'gradual']",3,5,1,2,gradual_start,"[1960, 5241]",[1915],6622,0.1,662,1,0,2
5335,log_1275_1708942984.xes,0.0,na,"['gradual', 'sudden', 'gradual']",3,5,1,2,gradual_end,"[2355, 5609]",[2344],6622,0.1,662,1,0,2
5336,log_1013_1708942989.xes,0.3,na,[],0,0,0,0,no_drift,[0],[0],4056,0.1,405,1,0,1
5337,log_1013_1708942989.xes,0.3,na,[],0,0,0,0,sudden,[],[],4056,0.1,405,0,0,0
5338,log_1013_1708942989.xes,0.3,na,[],0,0,0,0,gradual_start,[],[],4056,0.1,405,0,0,0
5339,log_1013_1708942989.xes,0.3,na,[],0,0,0,0,gradual_end,[],[],4056,0.1,405,0,0,0
5340,log_1422_1708942989.xes,0.0,na,['sudden'],1,1,1,0,no_drift,[],[],2825,0.1,282,0,0,0
5341,log_1422_1708942989.xes,0.0,na,['sudden'],1,1,1,0,sudden,[1077],[1051],2825,0.1,282,1,0,1
5342,log_1422_1708942989.xes,0.0,na,['sudden'],1,1,1,0,gradual_start,[],[],2825,0.1,282,0,0,0
5343,log_1422_1708942989.xes,0.0,na,['sudden'],1,1,1,0,gradual_end,[],[],2825,0.1,282,0,0,0
5344,log_1159_1708942985.xes,0.0,na,"['gradual', 'sudden', 'gradual']",3,5,1,2,no_drift,[],[],6432,0.1,643,0,0,0
5345,log_1159_1708942985.xes,0.0,na,"['gradual', 'sudden', 'gradual']",3,5,1,2,sudden,[2913],[2881],6432,0.1,643,1,0,1
5346,log_1159_1708942985.xes,0.0,na,"['gradual', 'sudden', 'gradual']",3,5,1,2,gradual_start,"[1034, 4652]","[1025, 4641]",6432,0.1,643,2,0,2
5347,log_1159_1708942985.xes,0.0,na,"['gradual', 'sudden', 'gradual']",3,5,1,2,gradual_end,"[1618, 5157]","[1601, 5089]",6432,0.1,643,2,0,2
5348,log_1534_1708942989.xes,0.3,na,['sudden'],1,1,1,0,no_drift,[],[],2997,0.1,299,0,0,0
5349,log_1534_1708942989.xes,0.3,na,['sudden'],1,1,1,0,sudden,[1803],[1793],2997,0.1,299,1,0,1
5350,log_1534_1708942989.xes,0.3,na,['sudden'],1,1,1,0,gradual_start,[],[],2997,0.1,299,0,0,0
5351,log_1534_1708942989.xes,0.3,na,['sudden'],1,1,1,0,gradual_end,[],[],2997,0.1,299,0,0,0
5352,log_1721_1708942988.xes,0.6,na,"['sudden', 'sudden']",2,2,2,0,no_drift,[],[],4738,0.1,473,0,0,0
5353,log_1721_1708942988.xes,0.6,na,"['sudden', 'sudden']",2,2,2,0,sudden,"[1495, 2973]","[2968, 1473]",4738,0.1,473,2,0,2
5354,log_1721_1708942988.xes,0.6,na,"['sudden', 'sudden']",2,2,2,0,gradual_start,[],[],4738,0.1,473,0,0,0
5355,log_1721_1708942988.xes,0.6,na,"['sudden', 'sudden']",2,2,2,0,gradual_end,[],[],4738,0.1,473,0,0,0
5356,log_1834_1708942990.xes,0.0,na,['sudden'],1,1,1,0,no_drift,[],[],2735,0.1,273,0,0,0
5357,log_1834_1708942990.xes,0.0,na,['sudden'],1,1,1,0,sudden,[1078],[1067],2735,0.1,273,1,0,1
5358,log_1834_1708942990.xes,0.0,na,['sudden'],1,1,1,0,gradual_start,[],[],2735,0.1,273,0,0,0
5359,log_1834_1708942990.xes,0.0,na,['sudden'],1,1,1,0,gradual_end,[],[],2735,0.1,273,0,0,0
5360,log_1384_1708942989.xes,0.0,na,"['sudden', 'sudden']",2,2,2,0,no_drift,[],[],4988,0.1,498,0,0,0
5361,log_1384_1708942989.xes,0.0,na,"['sudden', 'sudden']",2,2,2,0,sudden,"[1468, 3176]","[3169, 1465]",4988,0.1,498,2,0,2
5362,log_1384_1708942989.xes,0.0,na,"['sudden', 'sudden']",2,2,2,0,gradual_start,[],[],4988,0.1,498,0,0,0
5363,log_1384_1708942989.xes,0.0,na,"['sudden', 'sudden']",2,2,2,0,gradual_end,[],[],4988,0.1,498,0,0,0
5364,log_1871_1708942989.xes,0.0,na,[],0,0,0,0,no_drift,[0],[0],6612,0.1,661,1,0,1
5365,log_1871_1708942989.xes,0.0,na,[],0,0,0,0,sudden,[],[],6612,0.1,661,0,0,0
5366,log_1871_1708942989.xes,0.0,na,[],0,0,0,0,gradual_start,[],[],6612,0.1,661,0,0,0
5367,log_1871_1708942989.xes,0.0,na,[],0,0,0,0,gradual_end,[],[],6612,0.1,661,0,0,0
5368,log_1612_1708942990.xes,0.0,na,['gradual'],1,2,0,1,no_drift,[],[],3619,0.1,361,0,0,0
5369,log_1612_1708942990.xes,0.0,na,['gradual'],1,2,0,1,sudden,[],[],3619,0.1,361,0,0,0
5370,log_1612_1708942990.xes,0.0,na,['gradual'],1,2,0,1,gradual_start,[1520],[1495],3619,0.1,361,1,0,1
5371,log_1612_1708942990.xes,0.0,na,['gradual'],1,2,0,1,gradual_end,[1980],[1945],3619,0.1,361,1,0,1
5372,log_1237_1708942988.xes,0.0,na,"['gradual', 'gradual']",2,4,0,2,no_drift,[],[],5001,0.1,500,0,0,0
5373,log_1237_1708942988.xes,0.0,na,"['gradual', 'gradual']",2,4,0,2,sudden,[],[],5001,0.1,500,0,0,0
5374,log_1237_1708942988.xes,0.0,na,"['gradual', 'gradual']",2,4,0,2,gradual_start,"[1484, 2886]",[2901],5001,0.1,500,1,0,2
5375,log_1237_1708942988.xes,0.0,na,"['gradual', 'gradual']",2,4,0,2,gradual_end,"[1834, 3399]",[3401],5001,0.1,500,1,0,2
5376,log_1350_1708942990.xes,0.3,na,"['sudden', 'gradual', 'sudden']",3,4,2,1,no_drift,[],[],7033,0.1,703,0,0,0
5377,log_1350_1708942990.xes,0.3,na,"['sudden', 'gradual', 'sudden']",3,4,2,1,sudden,"[1615, 5074]","[3186, 1576, 5041]",7033,0.1,703,2,1,2
5378,log_1350_1708942990.xes,0.3,na,"['sudden', 'gradual', 'sudden']",3,4,2,1,gradual_start,[3147],[],7033,0.1,703,0,0,1
5379,log_1350_1708942990.xes,0.3,na,"['sudden', 'gradual', 'sudden']",3,4,2,1,gradual_end,[3458],[],7033,0.1,703,0,0,1
5380,log_1571_1708942987.xes,0.3,na,"['gradual', 'sudden', 'sudden']",3,4,2,1,no_drift,[],[],6127,0.1,612,0,0,0
5381,log_1571_1708942987.xes,0.3,na,"['gradual', 'sudden', 'sudden']",3,4,2,1,sudden,"[3209, 4811]",[4771],6127,0.1,612,1,0,2
5382,log_1571_1708942987.xes,0.3,na,"['gradual', 'sudden', 'sudden']",3,4,2,1,gradual_start,[1222],[],6127,0.1,612,0,0,1
5383,log_1571_1708942987.xes,0.3,na,"['gradual', 'sudden', 'sudden']",3,4,2,1,gradual_end,[1715],[],6127,0.1,612,0,0,1
5384,log_1160_1708942991.xes,0.0,na,"['sudden', 'sudden', 'sudden']",3,3,3,0,no_drift,[],[],5860,0.1,586,0,0,0
5385,log_1160_1708942991.xes,0.0,na,"['sudden', 'sudden', 'sudden']",3,3,3,0,sudden,"[1768, 2982, 4642]","[4612, 1770]",5860,0.1,586,2,0,3
5386,log_1160_1708942991.xes,0.0,na,"['sudden', 'sudden', 'sudden']",3,3,3,0,gradual_start,[],[],5860,0.1,586,0,0,0
5387,log_1160_1708942991.xes,0.0,na,"['sudden', 'sudden', 'sudden']",3,3,3,0,gradual_end,[],[],5860,0.1,586,0,0,0
5388,log_1759_1708942988.xes,0.0,na,"['gradual', 'sudden']",2,3,1,1,no_drift,[],[],5029,0.1,502,0,0,0
5389,log_1759_1708942988.xes,0.0,na,"['gradual', 'sudden']",2,3,1,1,sudden,[3186],[3151],5029,0.1,502,1,0,1
5390,log_1759_1708942988.xes,0.0,na,"['gradual', 'sudden']",2,3,1,1,gradual_start,[1469],[],5029,0.1,502,0,0,1
5391,log_1759_1708942988.xes,0.0,na,"['gradual', 'sudden']",2,3,1,1,gradual_end,[1943],[],5029,0.1,502,0,0,1
5392,log_1797_1708942990.xes,0.0,na,"['gradual', 'sudden', 'gradual']",3,5,1,2,no_drift,[],[],7386,0.1,738,0,0,0
5393,log_1797_1708942990.xes,0.0,na,"['gradual', 'sudden', 'gradual']",3,5,1,2,sudden,[3799],[3781],7386,0.1,738,1,0,1
5394,log_1797_1708942990.xes,0.0,na,"['gradual', 'sudden', 'gradual']",3,5,1,2,gradual_start,"[1920, 5737]",[1873],7386,0.1,738,1,0,2
5395,log_1797_1708942990.xes,0.0,na,"['gradual', 'sudden', 'gradual']",3,5,1,2,gradual_end,"[2514, 6135]",[2521],7386,0.1,738,1,0,2
5396,log_1535_1708942991.xes,0.0,na,"['gradual', 'sudden', 'gradual']",3,5,1,2,no_drift,[],[],6460,0.1,646,0,0,0
5397,log_1535_1708942991.xes,0.0,na,"['gradual', 'sudden', 'gradual']",3,5,1,2,sudden,[3986],[],6460,0.1,646,0,0,1
5398,log_1535_1708942991.xes,0.0,na,"['gradual', 'sudden', 'gradual']",3,5,1,2,gradual_start,"[1860, 5089]",[1857],6460,0.1,646,1,0,2
5399,log_1535_1708942991.xes,0.0,na,"['gradual', 'sudden', 'gradual']",3,5,1,2,gradual_end,"[2409, 5414]",[2433],6460,0.1,646,1,0,2
5400,log_973_1708942983.xes,0.3,na,"['sudden', 'sudden', 'gradual']",3,4,2,1,no_drift,[],[],6561,0.1,656,0,0,0
5401,log_973_1708942983.xes,0.3,na,"['sudden', 'sudden', 'gradual']",3,4,2,1,sudden,"[1400, 2409]","[2401, 1377]",6561,0.1,656,2,0,2
5402,log_973_1708942983.xes,0.3,na,"['sudden', 'sudden', 'gradual']",3,4,2,1,gradual_start,[4352],[4353],6561,0.1,656,1,0,1
5403,log_973_1708942983.xes,0.3,na,"['sudden', 'sudden', 'gradual']",3,4,2,1,gradual_end,[4713],[4705],6561,0.1,656,1,0,1
5404,log_1760_1708942993.xes,0.6,na,['sudden'],1,1,1,0,no_drift,[],[0],2963,0.1,296,0,1,0
5405,log_1760_1708942993.xes,0.6,na,['sudden'],1,1,1,0,sudden,[1376],[],2963,0.1,296,0,0,1
5406,log_1760_1708942993.xes,0.6,na,['sudden'],1,1,1,0,gradual_start,[],[],2963,0.1,296,0,0,0
5407,log_1760_1708942993.xes,0.6,na,['sudden'],1,1,1,0,gradual_end,[],[],2963,0.1,296,0,0,0
5408,log_1423_1708942991.xes,0.3,na,['sudden'],1,1,1,0,no_drift,[],[0],3028,0.1,302,0,1,0
5409,log_1423_1708942991.xes,0.3,na,['sudden'],1,1,1,0,sudden,[1875],[],3028,0.1,302,0,0,1
5410,log_1423_1708942991.xes,0.3,na,['sudden'],1,1,1,0,gradual_start,[],[],3028,0.1,302,0,0,0
5411,log_1423_1708942991.xes,0.3,na,['sudden'],1,1,1,0,gradual_end,[],[],3028,0.1,302,0,0,0
5412,log_1722_1708942992.xes,0.6,na,['sudden'],1,1,1,0,no_drift,[],[],3324,0.1,332,0,0,0
5413,log_1722_1708942992.xes,0.6,na,['sudden'],1,1,1,0,sudden,[1759],[1745],3324,0.1,332,1,0,1
5414,log_1722_1708942992.xes,0.6,na,['sudden'],1,1,1,0,gradual_start,[],[],3324,0.1,332,0,0,0
5415,log_1722_1708942992.xes,0.6,na,['sudden'],1,1,1,0,gradual_end,[],[],3324,0.1,332,0,0,0
5416,log_1308_1708942986.xes,0.0,na,"['gradual', 'gradual', 'gradual']",3,6,0,3,no_drift,[],[],7111,0.1,711,0,0,0
5417,log_1308_1708942986.xes,0.0,na,"['gradual', 'gradual', 'gradual']",3,6,0,3,sudden,[],[],7111,0.1,711,0,0,0
5418,log_1308_1708942986.xes,0.0,na,"['gradual', 'gradual', 'gradual']",3,6,0,3,gradual_start,"[1914, 3599, 5114]","[5111, 1856]",7111,0.1,711,2,0,3
5419,log_1308_1708942986.xes,0.0,na,"['gradual', 'gradual', 'gradual']",3,6,0,3,gradual_end,"[2253, 4085, 5625]","[5566, 2241]",7111,0.1,711,2,0,3
5420,log_1238_1708942992.xes,0.6,na,['gradual'],1,2,0,1,no_drift,[],[],3294,0.1,329,0,0,0
5421,log_1238_1708942992.xes,0.6,na,['gradual'],1,2,0,1,sudden,[],[],3294,0.1,329,0,0,0
5422,log_1238_1708942992.xes,0.6,na,['gradual'],1,2,0,1,gradual_start,[1025],[1025],3294,0.1,329,1,0,1
5423,log_1238_1708942992.xes,0.6,na,['gradual'],1,2,0,1,gradual_end,[1334],[1329],3294,0.1,329,1,0,1
5424,log_1161_1708942993.xes,0.0,na,['gradual'],1,2,0,1,no_drift,[],[],3915,0.1,391,0,0,0
5425,log_1161_1708942993.xes,0.0,na,['gradual'],1,2,0,1,sudden,[],[],3915,0.1,391,0,0,0
5426,log_1161_1708942993.xes,0.0,na,['gradual'],1,2,0,1,gradual_start,[1752],[1730],3915,0.1,391,1,0,1
5427,log_1161_1708942993.xes,0.0,na,['gradual'],1,2,0,1,gradual_end,[2166],[2167],3915,0.1,391,1,0,1
5428,log_1645_1708942987.xes,0.6,na,"['sudden', 'sudden']",2,2,2,0,no_drift,[],[],4517,0.1,451,0,0,0
5429,log_1645_1708942987.xes,0.6,na,"['sudden', 'sudden']",2,2,2,0,sudden,"[1357, 3182]","[1321, 3147]",4517,0.1,451,2,0,2
5430,log_1645_1708942987.xes,0.6,na,"['sudden', 'sudden']",2,2,2,0,gradual_start,[],[],4517,0.1,451,0,0,0
5431,log_1645_1708942987.xes,0.6,na,"['sudden', 'sudden']",2,2,2,0,gradual_end,[],[],4517,0.1,451,0,0,0
5432,log_1461_1708942990.xes,0.3,na,"['sudden', 'gradual']",2,3,1,1,no_drift,[],[],5976,0.1,597,0,0,0
5433,log_1461_1708942990.xes,0.3,na,"['sudden', 'gradual']",2,3,1,1,sudden,[1941],[1915],5976,0.1,597,1,0,1
5434,log_1461_1708942990.xes,0.3,na,"['sudden', 'gradual']",2,3,1,1,gradual_start,[3737],[],5976,0.1,597,0,0,1
5435,log_1461_1708942990.xes,0.3,na,"['sudden', 'gradual']",2,3,1,1,gradual_end,[4133],[],5976,0.1,597,0,0,1
5436,log_1500_1708942991.xes,0.3,na,"['sudden', 'gradual']",2,3,1,1,no_drift,[],[],4874,0.1,487,0,0,0
5437,log_1500_1708942991.xes,0.3,na,"['sudden', 'gradual']",2,3,1,1,sudden,[1438],[1417],4874,0.1,487,1,0,1
5438,log_1500_1708942991.xes,0.3,na,"['sudden', 'gradual']",2,3,1,1,gradual_start,[3168],[],4874,0.1,487,0,0,1
5439,log_1500_1708942991.xes,0.3,na,"['sudden', 'gradual']",2,3,1,1,gradual_end,[3490],[],4874,0.1,487,0,0,1
5440,log_1082_1708942988.xes,0.0,na,"['sudden', 'gradual', 'gradual']",3,5,1,2,no_drift,[],[],6601,0.1,660,0,0,0
5441,log_1082_1708942988.xes,0.0,na,"['sudden', 'gradual', 'gradual']",3,5,1,2,sudden,[1750],[],6601,0.1,660,0,0,1
5442,log_1082_1708942988.xes,0.0,na,"['sudden', 'gradual', 'gradual']",3,5,1,2,gradual_start,"[2896, 4871]",[2872],6601,0.1,660,1,0,2
5443,log_1082_1708942988.xes,0.0,na,"['sudden', 'gradual', 'gradual']",3,5,1,2,gradual_end,"[3478, 5194]",[3466],6601,0.1,660,1,0,2
5444,log_1798_1708942994.xes,0.6,na,['sudden'],1,1,1,0,no_drift,[],[],2251,0.1,225,0,0,0
5445,log_1798_1708942994.xes,0.6,na,['sudden'],1,1,1,0,sudden,[1040],[1035],2251,0.1,225,1,0,1
5446,log_1798_1708942994.xes,0.6,na,['sudden'],1,1,1,0,gradual_start,[],[],2251,0.1,225,0,0,0
5447,log_1798_1708942994.xes,0.6,na,['sudden'],1,1,1,0,gradual_end,[],[],2251,0.1,225,0,0,0
5448,log_1424_1708942995.xes,0.0,na,"['sudden', 'sudden', 'sudden']",3,3,3,0,no_drift,[],[],4875,0.1,487,0,0,0
5449,log_1424_1708942995.xes,0.0,na,"['sudden', 'sudden', 'sudden']",3,3,3,0,sudden,"[1275, 2714, 3780]","[3745, 2689, 1225]",4875,0.1,487,3,0,3
5450,log_1424_1708942995.xes,0.0,na,"['sudden', 'sudden', 'sudden']",3,3,3,0,gradual_start,[],[],4875,0.1,487,0,0,0
5451,log_1424_1708942995.xes,0.0,na,"['sudden', 'sudden', 'sudden']",3,3,3,0,gradual_end,[],[],4875,0.1,487,0,0,0
5452,log_1385_1708942992.xes,0.0,na,"['sudden', 'sudden', 'sudden']",3,3,3,0,no_drift,[],[],5830,0.1,583,0,0,0
5453,log_1385_1708942992.xes,0.0,na,"['sudden', 'sudden', 'sudden']",3,3,3,0,sudden,"[1365, 2725, 3916]","[3887, 2698]",5830,0.1,583,2,0,3
5454,log_1385_1708942992.xes,0.0,na,"['sudden', 'sudden', 'sudden']",3,3,3,0,gradual_start,[],[],5830,0.1,583,0,0,0
5455,log_1385_1708942992.xes,0.0,na,"['sudden', 'sudden', 'sudden']",3,3,3,0,gradual_end,[],[],5830,0.1,583,0,0,0
5456,log_1045_1708942991.xes,0.6,na,"['gradual', 'gradual']",2,4,0,2,no_drift,[],[],4638,0.1,463,0,0,0
5457,log_1045_1708942991.xes,0.6,na,"['gradual', 'gradual']",2,4,0,2,sudden,[],[],4638,0.1,463,0,0,0
5458,log_1045_1708942991.xes,0.6,na,"['gradual', 'gradual']",2,4,0,2,gradual_start,"[1162, 2708]",[1197],4638,0.1,463,1,0,2
5459,log_1045_1708942991.xes,0.6,na,"['gradual', 'gradual']",2,4,0,2,gradual_end,"[1596, 3098]",[1565],4638,0.1,463,1,0,2
5460,log_1872_1708942993.xes,0.3,na,"['gradual', 'gradual']",2,4,0,2,no_drift,[],[],5103,0.1,510,0,0,0
5461,log_1872_1708942993.xes,0.3,na,"['gradual', 'gradual']",2,4,0,2,sudden,[],[],5103,0.1,510,0,0,0
5462,log_1872_1708942993.xes,0.3,na,"['gradual', 'gradual']",2,4,0,2,gradual_start,"[1539, 3422]",[1526],5103,0.1,510,1,0,2
5463,log_1872_1708942993.xes,0.3,na,"['gradual', 'gradual']",2,4,0,2,gradual_end,"[2025, 3773]",[2051],5103,0.1,510,1,0,2
5464,log_1046_1708942996.xes,0.6,na,[],0,0,0,0,no_drift,[0],[0],1658,0.1,165,1,0,1
5465,log_1046_1708942996.xes,0.6,na,[],0,0,0,0,sudden,[],[],1658,0.1,165,0,0,0
5466,log_1046_1708942996.xes,0.6,na,[],0,0,0,0,gradual_start,[],[],1658,0.1,165,0,0,0
5467,log_1046_1708942996.xes,0.6,na,[],0,0,0,0,gradual_end,[],[],1658,0.1,165,0,0,0
5468,log_1572_1708942993.xes,0.6,na,['gradual'],1,2,0,1,no_drift,[],[],3595,0.1,359,0,0,0
5469,log_1572_1708942993.xes,0.6,na,['gradual'],1,2,0,1,sudden,[],[],3595,0.1,359,0,0,0
5470,log_1572_1708942993.xes,0.6,na,['gradual'],1,2,0,1,gradual_start,[1459],[1446],3595,0.1,359,1,0,1
5471,log_1572_1708942993.xes,0.6,na,['gradual'],1,2,0,1,gradual_end,[1962],[1956],3595,0.1,359,1,0,1
5472,log_1122_1708942992.xes,0.0,na,['sudden'],1,1,1,0,no_drift,[],[],2826,0.1,282,0,0,0
5473,log_1122_1708942992.xes,0.0,na,['sudden'],1,1,1,0,sudden,[1338],[1317],2826,0.1,282,1,0,1
5474,log_1122_1708942992.xes,0.0,na,['sudden'],1,1,1,0,gradual_start,[],[],2826,0.1,282,0,0,0
5475,log_1122_1708942992.xes,0.0,na,['sudden'],1,1,1,0,gradual_end,[],[],2826,0.1,282,0,0,0
5476,log_1199_1708942984.xes,0.0,na,"['sudden', 'gradual', 'sudden']",3,4,2,1,no_drift,[],[],5235,0.1,523,0,0,0
5477,log_1199_1708942984.xes,0.0,na,"['sudden', 'gradual', 'sudden']",3,4,2,1,sudden,"[1054, 4122]",[4109],5235,0.1,523,1,0,2
5478,log_1199_1708942984.xes,0.0,na,"['sudden', 'gradual', 'sudden']",3,4,2,1,gradual_start,[2532],[2549],5235,0.1,523,1,0,1
5479,log_1199_1708942984.xes,0.0,na,"['sudden', 'gradual', 'sudden']",3,4,2,1,gradual_end,[2877],[2835],5235,0.1,523,1,0,1
5480,log_1239_1708942996.xes,0.0,na,[],0,0,0,0,no_drift,[0],[0],5649,0.1,564,1,0,1
5481,log_1239_1708942996.xes,0.0,na,[],0,0,0,0,sudden,[],[],5649,0.1,564,0,0,0
5482,log_1239_1708942996.xes,0.0,na,[],0,0,0,0,gradual_start,[],[],5649,0.1,564,0,0,0
5483,log_1239_1708942996.xes,0.0,na,[],0,0,0,0,gradual_end,[],[],5649,0.1,564,0,0,0
5484,log_1646_1708942995.xes,0.6,na,[],0,0,0,0,no_drift,[0],[0],3762,0.1,376,1,0,1
5485,log_1646_1708942995.xes,0.6,na,[],0,0,0,0,sudden,[],[],3762,0.1,376,0,0,0
5486,log_1646_1708942995.xes,0.6,na,[],0,0,0,0,gradual_start,[],[],3762,0.1,376,0,0,0
5487,log_1646_1708942995.xes,0.6,na,[],0,0,0,0,gradual_end,[],[],3762,0.1,376,0,0,0
5488,log_1386_1708942996.xes,0.6,na,[],0,0,0,0,no_drift,[0],[0],5481,0.1,548,1,0,1
5489,log_1386_1708942996.xes,0.6,na,[],0,0,0,0,sudden,[],[],5481,0.1,548,0,0,0
5490,log_1386_1708942996.xes,0.6,na,[],0,0,0,0,gradual_start,[],[],5481,0.1,548,0,0,0
5491,log_1386_1708942996.xes,0.6,na,[],0,0,0,0,gradual_end,[],[],5481,0.1,548,0,0,0
5492,log_1799_1708942996.xes,0.0,na,[],0,0,0,0,no_drift,[0],[0],2588,0.1,258,1,0,1
5493,log_1799_1708942996.xes,0.0,na,[],0,0,0,0,sudden,[],[],2588,0.1,258,0,0,0
5494,log_1799_1708942996.xes,0.0,na,[],0,0,0,0,gradual_start,[],[],2588,0.1,258,0,0,0
5495,log_1799_1708942996.xes,0.0,na,[],0,0,0,0,gradual_end,[],[],2588,0.1,258,0,0,0
5496,log_1835_1708942992.xes,0.6,na,"['sudden', 'sudden', 'gradual']",3,4,2,1,no_drift,[],[],7113,0.1,711,0,0,0
5497,log_1835_1708942992.xes,0.6,na,"['sudden', 'sudden', 'gradual']",3,4,2,1,sudden,"[1240, 2998]",[2976],7113,0.1,711,1,0,2
5498,log_1835_1708942992.xes,0.6,na,"['sudden', 'sudden', 'gradual']",3,4,2,1,gradual_start,[4988],[5006],7113,0.1,711,1,0,1
5499,log_1835_1708942992.xes,0.6,na,"['sudden', 'sudden', 'gradual']",3,4,2,1,gradual_end,[5341],[5356],7113,0.1,711,1,0,1
5500,log_1277_1708942997.xes,0.3,na,[],0,0,0,0,no_drift,[0],[0],1731,0.1,173,1,0,1
5501,log_1277_1708942997.xes,0.3,na,[],0,0,0,0,sudden,[],[],1731,0.1,173,0,0,0
5502,log_1277_1708942997.xes,0.3,na,[],0,0,0,0,gradual_start,[],[],1731,0.1,173,0,0,0
5503,log_1277_1708942997.xes,0.3,na,[],0,0,0,0,gradual_end,[],[],1731,0.1,173,0,0,0
5504,log_1200_1708942996.xes,0.0,na,[],0,0,0,0,no_drift,[0],[0],5220,0.1,522,1,0,1
5505,log_1200_1708942996.xes,0.0,na,[],0,0,0,0,sudden,[],[],5220,0.1,522,0,0,0
5506,log_1200_1708942996.xes,0.0,na,[],0,0,0,0,gradual_start,[],[],5220,0.1,522,0,0,0
5507,log_1200_1708942996.xes,0.0,na,[],0,0,0,0,gradual_end,[],[],5220,0.1,522,0,0,0
5508,log_1276_1708942990.xes,0.6,na,[],0,0,0,0,no_drift,[0],[0],3036,0.1,303,1,0,1
5509,log_1276_1708942990.xes,0.6,na,[],0,0,0,0,sudden,[],[],3036,0.1,303,0,0,0
5510,log_1276_1708942990.xes,0.6,na,[],0,0,0,0,gradual_start,[],[],3036,0.1,303,0,0,0
5511,log_1276_1708942990.xes,0.6,na,[],0,0,0,0,gradual_end,[],[],3036,0.1,303,0,0,0
5512,log_1123_1708942997.xes,0.3,na,['gradual'],1,2,0,1,no_drift,[],[],3735,0.1,373,0,0,0
5513,log_1123_1708942997.xes,0.3,na,['gradual'],1,2,0,1,sudden,[],[],3735,0.1,373,0,0,0
5514,log_1123_1708942997.xes,0.3,na,['gradual'],1,2,0,1,gradual_start,[1781],[1729],3735,0.1,373,1,0,1
5515,log_1123_1708942997.xes,0.3,na,['gradual'],1,2,0,1,gradual_end,[2109],[2107],3735,0.1,373,1,0,1
5516,log_1309_1708942996.xes,0.0,na,"['sudden', 'gradual']",2,3,1,1,no_drift,[],[0],4710,0.1,471,0,1,0
5517,log_1309_1708942996.xes,0.0,na,"['sudden', 'gradual']",2,3,1,1,sudden,[1644],[],4710,0.1,471,0,0,1
5518,log_1309_1708942996.xes,0.0,na,"['sudden', 'gradual']",2,3,1,1,gradual_start,[2762],[],4710,0.1,471,0,0,1
5519,log_1309_1708942996.xes,0.0,na,"['sudden', 'gradual']",2,3,1,1,gradual_end,[3152],[],4710,0.1,471,0,0,1
5520,log_1462_1708942996.xes,0.0,na,"['gradual', 'sudden', 'gradual']",3,5,1,2,no_drift,[],[],7548,0.1,754,0,0,0
5521,log_1462_1708942996.xes,0.0,na,"['gradual', 'sudden', 'gradual']",3,5,1,2,sudden,[4021],[],7548,0.1,754,0,0,1
5522,log_1462_1708942996.xes,0.0,na,"['gradual', 'sudden', 'gradual']",3,5,1,2,gradual_start,"[1855, 5770]",[5773],7548,0.1,754,1,0,2
5523,log_1462_1708942996.xes,0.0,na,"['gradual', 'sudden', 'gradual']",3,5,1,2,gradual_end,"[2223, 6085]",[6143],7548,0.1,754,1,0,2
5524,log_1015_1708942999.xes,0.6,na,['gradual'],1,2,0,1,no_drift,[],[],3218,0.1,321,0,0,0
5525,log_1015_1708942999.xes,0.6,na,['gradual'],1,2,0,1,sudden,[],[],3218,0.1,321,0,0,0
5526,log_1015_1708942999.xes,0.6,na,['gradual'],1,2,0,1,gradual_start,[1481],[1457],3218,0.1,321,1,0,1
5527,log_1015_1708942999.xes,0.6,na,['gradual'],1,2,0,1,gradual_end,[1932],[1969],3218,0.1,321,1,0,1
5528,log_1240_1708942999.xes,0.0,na,['gradual'],1,2,0,1,no_drift,[],[],4305,0.1,430,0,0,0
5529,log_1240_1708942999.xes,0.0,na,['gradual'],1,2,0,1,sudden,[],[],4305,0.1,430,0,0,0
5530,log_1240_1708942999.xes,0.0,na,['gradual'],1,2,0,1,gradual_start,[1886],[1912],4305,0.1,430,1,0,1
5531,log_1240_1708942999.xes,0.0,na,['gradual'],1,2,0,1,gradual_end,[2361],[2395],4305,0.1,430,1,0,1
5532,log_1463_1708943000.xes,0.0,na,"['gradual', 'gradual']",2,4,0,2,no_drift,[],[],5907,0.1,590,0,0,0
5533,log_1463_1708943000.xes,0.0,na,"['gradual', 'gradual']",2,4,0,2,sudden,[],[],5907,0.1,590,0,0,0
5534,log_1463_1708943000.xes,0.0,na,"['gradual', 'gradual']",2,4,0,2,gradual_start,"[1967, 4155]",[4119],5907,0.1,590,1,0,2
5535,log_1463_1708943000.xes,0.0,na,"['gradual', 'gradual']",2,4,0,2,gradual_end,"[2294, 4712]",[4728],5907,0.1,590,1,0,2
5536,log_1723_1708942995.xes,0.6,na,"['sudden', 'gradual']",2,3,1,1,no_drift,[],[],5089,0.1,508,0,0,0
5537,log_1723_1708942995.xes,0.6,na,"['sudden', 'gradual']",2,3,1,1,sudden,[1228],[1201],5089,0.1,508,1,0,1
5538,log_1723_1708942995.xes,0.6,na,"['sudden', 'gradual']",2,3,1,1,gradual_start,[3033],[],5089,0.1,508,0,0,1
5539,log_1723_1708942995.xes,0.6,na,"['sudden', 'gradual']",2,3,1,1,gradual_end,[3391],[],5089,0.1,508,0,0,1
5540,log_1014_1708942991.xes,0.6,na,"['gradual', 'sudden']",2,3,1,1,no_drift,[],[],5716,0.1,571,0,0,0
5541,log_1014_1708942991.xes,0.6,na,"['gradual', 'sudden']",2,3,1,1,sudden,[3861],[3809],5716,0.1,571,1,0,1
5542,log_1014_1708942991.xes,0.6,na,"['gradual', 'sudden']",2,3,1,1,gradual_start,[1905],[1849],5716,0.1,571,1,0,1
5543,log_1014_1708942991.xes,0.6,na,"['gradual', 'sudden']",2,3,1,1,gradual_end,[2463],[2465],5716,0.1,571,1,0,1
5544,log_1311_1708943002.xes,0.0,na,[],0,0,0,0,no_drift,[0],[0],1757,0.1,175,1,0,1
5545,log_1311_1708943002.xes,0.0,na,[],0,0,0,0,sudden,[],[],1757,0.1,175,0,0,0
5546,log_1311_1708943002.xes,0.0,na,[],0,0,0,0,gradual_start,[],[],1757,0.1,175,0,0,0
5547,log_1311_1708943002.xes,0.0,na,[],0,0,0,0,gradual_end,[],[],1757,0.1,175,0,0,0
5548,log_1310_1708942999.xes,0.6,na,['sudden'],1,1,1,0,no_drift,[],[],2688,0.1,268,0,0,0
5549,log_1310_1708942999.xes,0.6,na,['sudden'],1,1,1,0,sudden,[1015],[1015],2688,0.1,268,1,0,1
5550,log_1310_1708942999.xes,0.6,na,['sudden'],1,1,1,0,gradual_start,[],[],2688,0.1,268,0,0,0
5551,log_1310_1708942999.xes,0.6,na,['sudden'],1,1,1,0,gradual_end,[],[],2688,0.1,268,0,0,0
5552,log_1425_1708942997.xes,0.0,na,"['gradual', 'gradual', 'sudden']",3,5,1,2,no_drift,[],[],7753,0.1,775,0,0,0
5553,log_1425_1708942997.xes,0.0,na,"['gradual', 'gradual', 'sudden']",3,5,1,2,sudden,[6161],[6119],7753,0.1,775,1,0,1
5554,log_1425_1708942997.xes,0.0,na,"['gradual', 'gradual', 'sudden']",3,5,1,2,gradual_start,"[1883, 3914]",[1825],7753,0.1,775,1,0,2
5555,log_1425_1708942997.xes,0.0,na,"['gradual', 'gradual', 'sudden']",3,5,1,2,gradual_end,"[2194, 4222]",[2243],7753,0.1,775,1,0,2
5556,log_1574_1708943001.xes,0.6,na,['sudden'],1,1,1,0,no_drift,[],[],3219,0.1,321,0,0,0
5557,log_1574_1708943001.xes,0.6,na,['sudden'],1,1,1,0,sudden,[1530],[1521],3219,0.1,321,1,0,1
5558,log_1574_1708943001.xes,0.6,na,['sudden'],1,1,1,0,gradual_start,[],[],3219,0.1,321,0,0,0
5559,log_1574_1708943001.xes,0.6,na,['sudden'],1,1,1,0,gradual_end,[],[],3219,0.1,321,0,0,0
5560,log_1083_1708942995.xes,0.6,na,"['gradual', 'sudden', 'sudden']",3,4,2,1,no_drift,[],[],6280,0.1,628,0,0,0
5561,log_1083_1708942995.xes,0.6,na,"['gradual', 'sudden', 'sudden']",3,4,2,1,sudden,"[3317, 5036]","[3287, 5023]",6280,0.1,628,2,0,2
5562,log_1083_1708942995.xes,0.6,na,"['gradual', 'sudden', 'sudden']",3,4,2,1,gradual_start,[1408],[1396],6280,0.1,628,1,0,1
5563,log_1083_1708942995.xes,0.6,na,"['gradual', 'sudden', 'sudden']",3,4,2,1,gradual_end,[1957],[1954],6280,0.1,628,1,0,1
5564,log_1278_1708942999.xes,0.6,na,['gradual'],1,2,0,1,no_drift,[],[],3703,0.1,370,0,0,0
5565,log_1278_1708942999.xes,0.6,na,['gradual'],1,2,0,1,sudden,[],[],3703,0.1,370,0,0,0
5566,log_1278_1708942999.xes,0.6,na,['gradual'],1,2,0,1,gradual_start,[1962],[1927],3703,0.1,370,1,0,1
5567,log_1278_1708942999.xes,0.6,na,['gradual'],1,2,0,1,gradual_end,[2370],[2341],3703,0.1,370,1,0,1
5568,log_1573_1708942996.xes,0.0,na,"['sudden', 'sudden', 'gradual']",3,4,2,1,no_drift,[],[],6130,0.1,613,0,0,0
5569,log_1573_1708942996.xes,0.0,na,"['sudden', 'sudden', 'gradual']",3,4,2,1,sudden,"[1290, 2338]",[2341],6130,0.1,613,1,0,2
5570,log_1573_1708942996.xes,0.0,na,"['sudden', 'sudden', 'gradual']",3,4,2,1,gradual_start,[3687],[3661],6130,0.1,613,1,0,1
5571,log_1573_1708942996.xes,0.0,na,"['sudden', 'sudden', 'gradual']",3,4,2,1,gradual_end,[4156],[4141],6130,0.1,613,1,0,1
5572,log_1351_1708942994.xes,0.3,na,"['sudden', 'sudden', 'sudden']",3,3,3,0,no_drift,[],[],7150,0.1,715,0,0,0
5573,log_1351_1708942994.xes,0.3,na,"['sudden', 'sudden', 'sudden']",3,3,3,0,sudden,"[1515, 3286, 5254]",[5216],7150,0.1,715,1,0,3
5574,log_1351_1708942994.xes,0.3,na,"['sudden', 'sudden', 'sudden']",3,3,3,0,gradual_start,[],[],7150,0.1,715,0,0,0
5575,log_1351_1708942994.xes,0.3,na,"['sudden', 'sudden', 'sudden']",3,3,3,0,gradual_end,[],[],7150,0.1,715,0,0,0
5576,log_1536_1708942996.xes,0.0,na,"['gradual', 'sudden', 'gradual']",3,5,1,2,no_drift,[],[],5917,0.1,591,0,0,0
5577,log_1536_1708942996.xes,0.0,na,"['gradual', 'sudden', 'gradual']",3,5,1,2,sudden,[2890],[2872],5917,0.1,591,1,0,1
5578,log_1536_1708942996.xes,0.0,na,"['gradual', 'sudden', 'gradual']",3,5,1,2,gradual_start,"[1467, 4052]",[1480],5917,0.1,591,1,0,2
5579,log_1536_1708942996.xes,0.0,na,"['gradual', 'sudden', 'gradual']",3,5,1,2,gradual_end,"[1779, 4447]",[1799],5917,0.1,591,1,0,2
5580,log_1501_1708942996.xes,0.0,na,"['gradual', 'sudden']",2,3,1,1,no_drift,[],[],5101,0.1,510,0,0,0
5581,log_1501_1708942996.xes,0.0,na,"['gradual', 'sudden']",2,3,1,1,sudden,[3249],[3226],5101,0.1,510,1,0,1
5582,log_1501_1708942996.xes,0.0,na,"['gradual', 'sudden']",2,3,1,1,gradual_start,[1849],[],5101,0.1,510,0,0,1
5583,log_1501_1708942996.xes,0.0,na,"['gradual', 'sudden']",2,3,1,1,gradual_end,[2154],[],5101,0.1,510,0,0,1
5584,log_1352_1708943000.xes,0.0,na,"['gradual', 'gradual']",2,4,0,2,no_drift,[],[],4751,0.1,475,0,0,0
5585,log_1352_1708943000.xes,0.0,na,"['gradual', 'gradual']",2,4,0,2,sudden,[],[],4751,0.1,475,0,0,0
5586,log_1352_1708943000.xes,0.0,na,"['gradual', 'gradual']",2,4,0,2,gradual_start,"[1293, 3182]","[1266, 3175]",4751,0.1,475,2,0,2
5587,log_1352_1708943000.xes,0.0,na,"['gradual', 'gradual']",2,4,0,2,gradual_end,"[1767, 3646]","[1749, 3635]",4751,0.1,475,2,0,2
5588,log_1162_1708942996.xes,0.0,na,"['sudden', 'sudden', 'sudden']",3,3,3,0,no_drift,[],[],5853,0.1,585,0,0,0
5589,log_1162_1708942996.xes,0.0,na,"['sudden', 'sudden', 'sudden']",3,3,3,0,sudden,"[1376, 2909, 4462]","[4438, 2901, 1335]",5853,0.1,585,3,0,3
5590,log_1162_1708942996.xes,0.0,na,"['sudden', 'sudden', 'sudden']",3,3,3,0,gradual_start,[],[],5853,0.1,585,0,0,0
5591,log_1162_1708942996.xes,0.0,na,"['sudden', 'sudden', 'sudden']",3,3,3,0,gradual_end,[],[],5853,0.1,585,0,0,0
5592,log_1873_1708942997.xes,0.3,na,"['gradual', 'sudden', 'sudden']",3,4,2,1,no_drift,[],[],6685,0.1,668,0,0,0
5593,log_1873_1708942997.xes,0.3,na,"['gradual', 'sudden', 'sudden']",3,4,2,1,sudden,"[4061, 5468]","[4027, 5413]",6685,0.1,668,2,0,2
5594,log_1873_1708942997.xes,0.3,na,"['gradual', 'sudden', 'sudden']",3,4,2,1,gradual_start,[1606],[],6685,0.1,668,0,0,1
5595,log_1873_1708942997.xes,0.3,na,"['gradual', 'sudden', 'sudden']",3,4,2,1,gradual_end,[2102],[],6685,0.1,668,0,0,1
5596,log_1163_1708943003.xes,0.3,na,['gradual'],1,2,0,1,no_drift,[],[],3299,0.1,329,0,0,0
5597,log_1163_1708943003.xes,0.3,na,['gradual'],1,2,0,1,sudden,[],[],3299,0.1,329,0,0,0
5598,log_1163_1708943003.xes,0.3,na,['gradual'],1,2,0,1,gradual_start,[1773],[1825],3299,0.1,329,1,0,1
5599,log_1163_1708943003.xes,0.3,na,['gradual'],1,2,0,1,gradual_end,[2218],[2257],3299,0.1,329,1,0,1
5600,log_1684_1708942988.xes,0.0,na,"['sudden', 'gradual']",2,3,1,1,no_drift,[],[],5180,0.1,518,0,0,0
5601,log_1684_1708942988.xes,0.0,na,"['sudden', 'gradual']",2,3,1,1,sudden,[1439],[],5180,0.1,518,0,0,1
5602,log_1684_1708942988.xes,0.0,na,"['sudden', 'gradual']",2,3,1,1,gradual_start,[3397],[3401],5180,0.1,518,1,0,1
5603,log_1684_1708942988.xes,0.0,na,"['sudden', 'gradual']",2,3,1,1,gradual_end,[3878],[3876],5180,0.1,518,1,0,1
5604,log_1084_1708943001.xes,0.0,na,[],0,0,0,0,no_drift,[0],[0],4492,0.1,449,1,0,1
5605,log_1084_1708943001.xes,0.0,na,[],0,0,0,0,sudden,[],[],4492,0.1,449,0,0,0
5606,log_1084_1708943001.xes,0.0,na,[],0,0,0,0,gradual_start,[],[],4492,0.1,449,0,0,0
5607,log_1084_1708943001.xes,0.0,na,[],0,0,0,0,gradual_end,[],[],4492,0.1,449,0,0,0
5608,log_1647_1708942998.xes,0.3,na,"['gradual', 'gradual']",2,4,0,2,no_drift,[],[],4793,0.1,479,0,0,0
5609,log_1647_1708942998.xes,0.3,na,"['gradual', 'gradual']",2,4,0,2,sudden,[],[],4793,0.1,479,0,0,0
5610,log_1647_1708942998.xes,0.3,na,"['gradual', 'gradual']",2,4,0,2,gradual_start,"[1820, 3154]","[3129, 1795]",4793,0.1,479,2,0,2
5611,log_1647_1708942998.xes,0.3,na,"['gradual', 'gradual']",2,4,0,2,gradual_end,"[2131, 3580]","[3566, 2163]",4793,0.1,479,2,0,2
5612,log_1241_1708943001.xes,0.6,na,[],0,0,0,0,no_drift,[0],[0],3310,0.1,331,1,0,1
5613,log_1241_1708943001.xes,0.6,na,[],0,0,0,0,sudden,[],[],3310,0.1,331,0,0,0
5614,log_1241_1708943001.xes,0.6,na,[],0,0,0,0,gradual_start,[],[],3310,0.1,331,0,0,0
5615,log_1241_1708943001.xes,0.6,na,[],0,0,0,0,gradual_end,[],[],3310,0.1,331,0,0,0
5616,log_1648_1708943003.xes,0.0,na,[],0,0,0,0,no_drift,[0],[0],2446,0.1,244,1,0,1
5617,log_1648_1708943003.xes,0.0,na,[],0,0,0,0,sudden,[],[],2446,0.1,244,0,0,0
5618,log_1648_1708943003.xes,0.0,na,[],0,0,0,0,gradual_start,[],[],2446,0.1,244,0,0,0
5619,log_1648_1708943003.xes,0.0,na,[],0,0,0,0,gradual_end,[],[],2446,0.1,244,0,0,0
5620,log_1575_1708943004.xes,0.6,na,['sudden'],1,1,1,0,no_drift,[],[],2698,0.1,269,0,0,0
5621,log_1575_1708943004.xes,0.6,na,['sudden'],1,1,1,0,sudden,[1281],[1262],2698,0.1,269,1,0,1
5622,log_1575_1708943004.xes,0.6,na,['sudden'],1,1,1,0,gradual_start,[],[],2698,0.1,269,0,0,0
5623,log_1575_1708943004.xes,0.6,na,['sudden'],1,1,1,0,gradual_end,[],[],2698,0.1,269,0,0,0
5624,log_1125_1708943005.xes,0.0,na,[],0,0,0,0,no_drift,[0],[0],2722,0.1,272,1,0,1
5625,log_1125_1708943005.xes,0.0,na,[],0,0,0,0,sudden,[],[],2722,0.1,272,0,0,0
5626,log_1125_1708943005.xes,0.0,na,[],0,0,0,0,gradual_start,[],[],2722,0.1,272,0,0,0
5627,log_1125_1708943005.xes,0.0,na,[],0,0,0,0,gradual_end,[],[],2722,0.1,272,0,0,0
5628,log_1124_1708942999.xes,0.0,na,"['sudden', 'gradual']",2,3,1,1,no_drift,[],[],4599,0.1,459,0,0,0
5629,log_1124_1708942999.xes,0.0,na,"['sudden', 'gradual']",2,3,1,1,sudden,[1960],[1937],4599,0.1,459,1,0,1
5630,log_1124_1708942999.xes,0.0,na,"['sudden', 'gradual']",2,3,1,1,gradual_start,[3018],[],4599,0.1,459,0,0,1
5631,log_1124_1708942999.xes,0.0,na,"['sudden', 'gradual']",2,3,1,1,gradual_end,[3323],[],4599,0.1,459,0,0,1
5632,log_974_1708942993.xes,0.0,na,"['sudden', 'gradual', 'sudden']",3,4,2,1,no_drift,[],[],5980,0.1,598,0,0,0
5633,log_974_1708942993.xes,0.0,na,"['sudden', 'gradual', 'sudden']",3,4,2,1,sudden,"[1137, 4687]","[4641, 1103]",5980,0.1,598,2,0,2
5634,log_974_1708942993.xes,0.0,na,"['sudden', 'gradual', 'sudden']",3,4,2,1,gradual_start,[2561],[],5980,0.1,598,0,0,1
5635,log_974_1708942993.xes,0.0,na,"['sudden', 'gradual', 'sudden']",3,4,2,1,gradual_end,[2928],[],5980,0.1,598,0,0,1
5636,log_975_1708943005.xes,0.0,na,['gradual'],1,2,0,1,no_drift,[],[],3572,0.1,357,0,0,0
5637,log_975_1708943005.xes,0.0,na,['gradual'],1,2,0,1,sudden,[],[],3572,0.1,357,0,0,0
5638,log_975_1708943005.xes,0.0,na,['gradual'],1,2,0,1,gradual_start,[1820],[1786],3572,0.1,357,1,0,1
5639,log_975_1708943005.xes,0.0,na,['gradual'],1,2,0,1,gradual_end,[2297],[2279],3572,0.1,357,1,0,1
5640,log_1502_1708943003.xes,0.3,na,['gradual'],1,2,0,1,no_drift,[],[],3720,0.1,372,0,0,0
5641,log_1502_1708943003.xes,0.3,na,['gradual'],1,2,0,1,sudden,[],[],3720,0.1,372,0,0,0
5642,log_1502_1708943003.xes,0.3,na,['gradual'],1,2,0,1,gradual_start,[1252],[1225],3720,0.1,372,1,0,1
5643,log_1502_1708943003.xes,0.3,na,['gradual'],1,2,0,1,gradual_end,[1837],[1837],3720,0.1,372,1,0,1
5644,log_1312_1708943003.xes,0.6,na,"['gradual', 'sudden']",2,3,1,1,no_drift,[],[],4281,0.1,428,0,0,0
5645,log_1312_1708943003.xes,0.6,na,"['gradual', 'sudden']",2,3,1,1,sudden,[3281],[],4281,0.1,428,0,0,1
5646,log_1312_1708943003.xes,0.6,na,"['gradual', 'sudden']",2,3,1,1,gradual_start,[1641],[1618],4281,0.1,428,1,0,1
5647,log_1312_1708943003.xes,0.6,na,"['gradual', 'sudden']",2,3,1,1,gradual_end,[2220],[2185],4281,0.1,428,1,0,1
5648,log_1724_1708943001.xes,0.6,na,['gradual'],1,2,0,1,no_drift,[],[],4055,0.1,405,0,0,0
5649,log_1724_1708943001.xes,0.6,na,['gradual'],1,2,0,1,sudden,[],[],4055,0.1,405,0,0,0
5650,log_1724_1708943001.xes,0.6,na,['gradual'],1,2,0,1,gradual_start,[1606],[1601],4055,0.1,405,1,0,1
5651,log_1724_1708943001.xes,0.6,na,['gradual'],1,2,0,1,gradual_end,[2186],[2241],4055,0.1,405,1,0,1
5652,log_1387_1708942999.xes,0.6,na,"['gradual', 'sudden']",2,3,1,1,no_drift,[],[],4070,0.1,407,0,0,0
5653,log_1387_1708942999.xes,0.6,na,"['gradual', 'sudden']",2,3,1,1,sudden,[3038],[3021],4070,0.1,407,1,0,1
5654,log_1387_1708942999.xes,0.6,na,"['gradual', 'sudden']",2,3,1,1,gradual_start,[1328],[1381],4070,0.1,407,1,0,1
5655,log_1387_1708942999.xes,0.6,na,"['gradual', 'sudden']",2,3,1,1,gradual_end,[1803],[1801],4070,0.1,407,1,0,1
5656,log_1353_1708943004.xes,0.0,na,"['gradual', 'sudden']",2,3,1,1,no_drift,[],[],4927,0.1,492,0,0,0
5657,log_1353_1708943004.xes,0.0,na,"['gradual', 'sudden']",2,3,1,1,sudden,[3499],[3481],4927,0.1,492,1,0,1
5658,log_1353_1708943004.xes,0.0,na,"['gradual', 'sudden']",2,3,1,1,gradual_start,[1739],[1729],4927,0.1,492,1,0,1
5659,log_1353_1708943004.xes,0.0,na,"['gradual', 'sudden']",2,3,1,1,gradual_end,[2293],[2281],4927,0.1,492,1,0,1
5660,log_1016_1708943001.xes,0.0,na,"['sudden', 'sudden', 'sudden']",3,3,3,0,no_drift,[],[],5705,0.1,570,0,0,0
5661,log_1016_1708943001.xes,0.0,na,"['sudden', 'sudden', 'sudden']",3,3,3,0,sudden,"[1229, 3050, 4213]","[4201, 1205]",5705,0.1,570,2,0,3
5662,log_1016_1708943001.xes,0.0,na,"['sudden', 'sudden', 'sudden']",3,3,3,0,gradual_start,[],[],5705,0.1,570,0,0,0
5663,log_1016_1708943001.xes,0.0,na,"['sudden', 'sudden', 'sudden']",3,3,3,0,gradual_end,[],[],5705,0.1,570,0,0,0
5664,log_1279_1708943002.xes,0.3,na,[],0,0,0,0,no_drift,[0],[0],3006,0.1,300,1,0,1
5665,log_1279_1708943002.xes,0.3,na,[],0,0,0,0,sudden,[],[],3006,0.1,300,0,0,0
5666,log_1279_1708943002.xes,0.3,na,[],0,0,0,0,gradual_start,[],[],3006,0.1,300,0,0,0
5667,log_1279_1708943002.xes,0.3,na,[],0,0,0,0,gradual_end,[],[],3006,0.1,300,0,0,0
5668,log_1613_1708942992.xes,0.0,na,"['gradual', 'gradual', 'gradual']",3,6,0,3,no_drift,[],[],7279,0.1,727,0,0,0
5669,log_1613_1708942992.xes,0.0,na,"['gradual', 'gradual', 'gradual']",3,6,0,3,sudden,[],[],7279,0.1,727,0,0,0
5670,log_1613_1708942992.xes,0.0,na,"['gradual', 'gradual', 'gradual']",3,6,0,3,gradual_start,"[1675, 3731, 5367]","[1657, 5365]",7279,0.1,727,2,0,3
5671,log_1613_1708942992.xes,0.0,na,"['gradual', 'gradual', 'gradual']",3,6,0,3,gradual_end,"[2267, 4131, 5809]","[2269, 5761]",7279,0.1,727,2,0,3
5672,log_976_1708943006.xes,0.0,na,[],0,0,0,0,no_drift,[0],[0],1330,0.1,133,1,0,1
5673,log_976_1708943006.xes,0.0,na,[],0,0,0,0,sudden,[],[],1330,0.1,133,0,0,0
5674,log_976_1708943006.xes,0.0,na,[],0,0,0,0,gradual_start,[],[],1330,0.1,133,0,0,0
5675,log_976_1708943006.xes,0.0,na,[],0,0,0,0,gradual_end,[],[],1330,0.1,133,0,0,0
5676,log_1047_1708942998.xes,0.3,na,"['sudden', 'sudden']",2,2,2,0,no_drift,[],[],4803,0.1,480,0,0,0
5677,log_1047_1708942998.xes,0.3,na,"['sudden', 'sudden']",2,2,2,0,sudden,"[1236, 3109]","[3097, 1225]",4803,0.1,480,2,0,2
5678,log_1047_1708942998.xes,0.3,na,"['sudden', 'sudden']",2,2,2,0,gradual_start,[],[],4803,0.1,480,0,0,0
5679,log_1047_1708942998.xes,0.3,na,"['sudden', 'sudden']",2,2,2,0,gradual_end,[],[],4803,0.1,480,0,0,0
5680,log_1280_1708943007.xes,0.0,na,[],0,0,0,0,no_drift,[0],[0],3206,0.1,320,1,0,1
5681,log_1280_1708943007.xes,0.0,na,[],0,0,0,0,sudden,[],[],3206,0.1,320,0,0,0
5682,log_1280_1708943007.xes,0.0,na,[],0,0,0,0,gradual_start,[],[],3206,0.1,320,0,0,0
5683,log_1280_1708943007.xes,0.0,na,[],0,0,0,0,gradual_end,[],[],3206,0.1,320,0,0,0
5684,log_1201_1708943000.xes,0.3,na,"['gradual', 'sudden', 'sudden']",3,4,2,1,no_drift,[],[],6484,0.1,648,0,0,0
5685,log_1201_1708943000.xes,0.3,na,"['gradual', 'sudden', 'sudden']",3,4,2,1,sudden,"[3283, 4572]",[4545],6484,0.1,648,1,0,2
5686,log_1201_1708943000.xes,0.3,na,"['gradual', 'sudden', 'sudden']",3,4,2,1,gradual_start,[1796],[],6484,0.1,648,0,0,1
5687,log_1201_1708943000.xes,0.3,na,"['gradual', 'sudden', 'sudden']",3,4,2,1,gradual_end,[2173],[],6484,0.1,648,0,0,1
5688,log_1537_1708943004.xes,0.6,na,['sudden'],1,1,1,0,no_drift,[],[],2847,0.1,284,0,0,0
5689,log_1537_1708943004.xes,0.6,na,['sudden'],1,1,1,0,sudden,[1545],[1527],2847,0.1,284,1,0,1
5690,log_1537_1708943004.xes,0.6,na,['sudden'],1,1,1,0,gradual_start,[],[],2847,0.1,284,0,0,0
5691,log_1537_1708943004.xes,0.6,na,['sudden'],1,1,1,0,gradual_end,[],[],2847,0.1,284,0,0,0
5692,log_1202_1708943006.xes,0.3,na,"['sudden', 'gradual', 'sudden']",3,4,2,1,no_drift,[],[],6495,0.1,649,0,0,0
5693,log_1202_1708943006.xes,0.3,na,"['sudden', 'gradual', 'sudden']",3,4,2,1,sudden,"[1195, 4545]",[4513],6495,0.1,649,1,0,2
5694,log_1202_1708943006.xes,0.3,na,"['sudden', 'gradual', 'sudden']",3,4,2,1,gradual_start,[2955],[2913],6495,0.1,649,1,0,1
5695,log_1202_1708943006.xes,0.3,na,"['sudden', 'gradual', 'sudden']",3,4,2,1,gradual_end,[3314],[3297],6495,0.1,649,1,0,1
5696,log_1874_1708943004.xes,0.6,na,[],0,0,0,0,no_drift,[0],[0],5232,0.1,523,1,0,1
5697,log_1874_1708943004.xes,0.6,na,[],0,0,0,0,sudden,[],[],5232,0.1,523,0,0,0
5698,log_1874_1708943004.xes,0.6,na,[],0,0,0,0,gradual_start,[],[],5232,0.1,523,0,0,0
5699,log_1874_1708943004.xes,0.6,na,[],0,0,0,0,gradual_end,[],[],5232,0.1,523,0,0,0
5700,log_1164_1708943005.xes,0.3,na,[],0,0,0,0,no_drift,[0],[0],5349,0.1,534,1,0,1
5701,log_1164_1708943005.xes,0.3,na,[],0,0,0,0,sudden,[],[],5349,0.1,534,0,0,0
5702,log_1164_1708943005.xes,0.3,na,[],0,0,0,0,gradual_start,[],[],5349,0.1,534,0,0,0
5703,log_1164_1708943005.xes,0.3,na,[],0,0,0,0,gradual_end,[],[],5349,0.1,534,0,0,0
5704,log_1649_1708943004.xes,0.3,na,['sudden'],1,1,1,0,no_drift,[],[0],2819,0.1,281,0,1,0
5705,log_1649_1708943004.xes,0.3,na,['sudden'],1,1,1,0,sudden,[1519],[],2819,0.1,281,0,0,1
5706,log_1649_1708943004.xes,0.3,na,['sudden'],1,1,1,0,gradual_start,[],[],2819,0.1,281,0,0,0
5707,log_1649_1708943004.xes,0.3,na,['sudden'],1,1,1,0,gradual_end,[],[],2819,0.1,281,0,0,0
5708,log_1126_1708943006.xes,0.0,na,[],0,0,0,0,no_drift,[0],[0],3408,0.1,340,1,0,1
5709,log_1126_1708943006.xes,0.0,na,[],0,0,0,0,sudden,[],[],3408,0.1,340,0,0,0
5710,log_1126_1708943006.xes,0.0,na,[],0,0,0,0,gradual_start,[],[],3408,0.1,340,0,0,0
5711,log_1126_1708943006.xes,0.0,na,[],0,0,0,0,gradual_end,[],[],3408,0.1,340,0,0,0
5712,log_1800_1708942997.xes,0.3,na,"['sudden', 'gradual', 'gradual']",3,5,1,2,no_drift,[],[],6454,0.1,645,0,0,0
5713,log_1800_1708942997.xes,0.3,na,"['sudden', 'gradual', 'gradual']",3,5,1,2,sudden,[1038],[993],6454,0.1,645,1,0,1
5714,log_1800_1708942997.xes,0.3,na,"['sudden', 'gradual', 'gradual']",3,5,1,2,gradual_start,"[2256, 4707]","[4705, 2241]",6454,0.1,645,2,0,2
5715,log_1800_1708942997.xes,0.3,na,"['sudden', 'gradual', 'gradual']",3,5,1,2,gradual_end,"[2763, 5115]","[5089, 2689]",6454,0.1,645,2,0,2
5716,log_1242_1708943004.xes,0.3,na,"['sudden', 'sudden', 'sudden']",3,3,3,0,no_drift,[],[],7034,0.1,703,0,0,0
5717,log_1242_1708943004.xes,0.3,na,"['sudden', 'sudden', 'sudden']",3,3,3,0,sudden,"[1870, 3246, 5118]","[3221, 5076, 1856]",7034,0.1,703,3,0,3
5718,log_1242_1708943004.xes,0.3,na,"['sudden', 'sudden', 'sudden']",3,3,3,0,gradual_start,[],[],7034,0.1,703,0,0,0
5719,log_1242_1708943004.xes,0.3,na,"['sudden', 'sudden', 'sudden']",3,3,3,0,gradual_end,[],[],7034,0.1,703,0,0,0
5720,log_1761_1708942995.xes,0.6,na,"['sudden', 'gradual']",2,3,1,1,no_drift,[],[],5023,0.1,502,0,0,0
5721,log_1761_1708942995.xes,0.6,na,"['sudden', 'gradual']",2,3,1,1,sudden,[1096],[1101],5023,0.1,502,1,0,1
5722,log_1761_1708942995.xes,0.6,na,"['sudden', 'gradual']",2,3,1,1,gradual_start,[2725],[2726],5023,0.1,502,1,0,1
5723,log_1761_1708942995.xes,0.6,na,"['sudden', 'gradual']",2,3,1,1,gradual_end,[3178],[3176],5023,0.1,502,1,0,1
5724,log_1313_1708943007.xes,0.0,na,"['sudden', 'sudden']",2,2,2,0,no_drift,[],[],4213,0.1,421,0,0,0
5725,log_1313_1708943007.xes,0.0,na,"['sudden', 'sudden']",2,2,2,0,sudden,"[1949, 3163]","[3130, 1912]",4213,0.1,421,2,0,2
5726,log_1313_1708943007.xes,0.0,na,"['sudden', 'sudden']",2,2,2,0,gradual_start,[],[],4213,0.1,421,0,0,0
5727,log_1313_1708943007.xes,0.0,na,"['sudden', 'sudden']",2,2,2,0,gradual_end,[],[],4213,0.1,421,0,0,0
5728,log_1314_1708943010.xes,0.0,na,['gradual'],1,2,0,1,no_drift,[],[],2685,0.1,268,0,0,0
5729,log_1314_1708943010.xes,0.0,na,['gradual'],1,2,0,1,sudden,[],[],2685,0.1,268,0,0,0
5730,log_1314_1708943010.xes,0.0,na,['gradual'],1,2,0,1,gradual_start,[1070],[1054],2685,0.1,268,1,0,1
5731,log_1314_1708943010.xes,0.0,na,['gradual'],1,2,0,1,gradual_end,[1501],[1496],2685,0.1,268,1,0,1
5732,log_1203_1708943010.xes,0.3,na,[],0,0,0,0,no_drift,[0],[0],1442,0.1,144,1,0,1
5733,log_1203_1708943010.xes,0.3,na,[],0,0,0,0,sudden,[],[],1442,0.1,144,0,0,0
5734,log_1203_1708943010.xes,0.3,na,[],0,0,0,0,gradual_start,[],[],1442,0.1,144,0,0,0
5735,log_1203_1708943010.xes,0.3,na,[],0,0,0,0,gradual_end,[],[],1442,0.1,144,0,0,0
5736,log_1085_1708943004.xes,0.6,na,"['gradual', 'sudden']",2,3,1,1,no_drift,[],[],4829,0.1,482,0,0,0
5737,log_1085_1708943004.xes,0.6,na,"['gradual', 'sudden']",2,3,1,1,sudden,[3102],[3073],4829,0.1,482,1,0,1
5738,log_1085_1708943004.xes,0.6,na,"['gradual', 'sudden']",2,3,1,1,gradual_start,[1255],[1177],4829,0.1,482,1,0,1
5739,log_1085_1708943004.xes,0.6,na,"['gradual', 'sudden']",2,3,1,1,gradual_end,[1844],[1825],4829,0.1,482,1,0,1
5740,log_1762_1708943008.xes,0.3,na,['sudden'],1,1,1,0,no_drift,[],[0],3075,0.1,307,0,1,0
5741,log_1762_1708943008.xes,0.3,na,['sudden'],1,1,1,0,sudden,[1427],[],3075,0.1,307,0,0,1
5742,log_1762_1708943008.xes,0.3,na,['sudden'],1,1,1,0,gradual_start,[],[],3075,0.1,307,0,0,0
5743,log_1762_1708943008.xes,0.3,na,['sudden'],1,1,1,0,gradual_end,[],[],3075,0.1,307,0,0,0
5744,log_978_1708943010.xes,0.0,na,['sudden'],1,1,1,0,no_drift,[],[0],2127,0.1,212,0,1,0
5745,log_978_1708943010.xes,0.0,na,['sudden'],1,1,1,0,sudden,[1062],[],2127,0.1,212,0,0,1
5746,log_978_1708943010.xes,0.0,na,['sudden'],1,1,1,0,gradual_start,[],[],2127,0.1,212,0,0,0
5747,log_978_1708943010.xes,0.0,na,['sudden'],1,1,1,0,gradual_end,[],[],2127,0.1,212,0,0,0
5748,log_977_1708943007.xes,0.0,na,"['gradual', 'gradual']",2,4,0,2,no_drift,[],[0],5935,0.1,593,0,1,0
5749,log_977_1708943007.xes,0.0,na,"['gradual', 'gradual']",2,4,0,2,sudden,[],[],5935,0.1,593,0,0,0
5750,log_977_1708943007.xes,0.0,na,"['gradual', 'gradual']",2,4,0,2,gradual_start,"[1682, 3685]",[],5935,0.1,593,0,0,2
5751,log_977_1708943007.xes,0.0,na,"['gradual', 'gradual']",2,4,0,2,gradual_end,"[2271, 4040]",[],5935,0.1,593,0,0,2
5752,log_1388_1708943005.xes,0.0,na,"['gradual', 'gradual']",2,4,0,2,no_drift,[],[],5164,0.1,516,0,0,0
5753,log_1388_1708943005.xes,0.0,na,"['gradual', 'gradual']",2,4,0,2,sudden,[],[],5164,0.1,516,0,0,0
5754,log_1388_1708943005.xes,0.0,na,"['gradual', 'gradual']",2,4,0,2,gradual_start,"[1171, 3421]","[3401, 1151]",5164,0.1,516,2,0,2
5755,log_1388_1708943005.xes,0.0,na,"['gradual', 'gradual']",2,4,0,2,gradual_end,"[1526, 3861]","[3851, 1501]",5164,0.1,516,2,0,2
5756,log_1128_1708943011.xes,0.6,na,['sudden'],1,1,1,0,no_drift,[],[],2889,0.1,288,0,0,0
5757,log_1128_1708943011.xes,0.6,na,['sudden'],1,1,1,0,sudden,[1332],[1317],2889,0.1,288,1,0,1
5758,log_1128_1708943011.xes,0.6,na,['sudden'],1,1,1,0,gradual_start,[],[],2889,0.1,288,0,0,0
5759,log_1128_1708943011.xes,0.6,na,['sudden'],1,1,1,0,gradual_end,[],[],2889,0.1,288,0,0,0
5760,log_1650_1708943009.xes,0.3,na,['gradual'],1,2,0,1,no_drift,[],[],3562,0.1,356,0,0,0
5761,log_1650_1708943009.xes,0.3,na,['gradual'],1,2,0,1,sudden,[],[],3562,0.1,356,0,0,0
5762,log_1650_1708943009.xes,0.3,na,['gradual'],1,2,0,1,gradual_start,[1219],[1191],3562,0.1,356,1,0,1
5763,log_1650_1708943009.xes,0.3,na,['gradual'],1,2,0,1,gradual_end,[1591],[1633],3562,0.1,356,1,0,1
5764,log_1017_1708943006.xes,0.3,na,"['gradual', 'sudden']",2,3,1,1,no_drift,[],[],5978,0.1,597,0,0,0
5765,log_1017_1708943006.xes,0.3,na,"['gradual', 'sudden']",2,3,1,1,sudden,[4142],[4119],5978,0.1,597,1,0,1
5766,log_1017_1708943006.xes,0.3,na,"['gradual', 'sudden']",2,3,1,1,gradual_start,[1970],[1944],5978,0.1,597,1,0,1
5767,log_1017_1708943006.xes,0.3,na,"['gradual', 'sudden']",2,3,1,1,gradual_end,[2537],[2524],5978,0.1,597,1,0,1
5768,log_1127_1708943009.xes,0.6,na,[],0,0,0,0,no_drift,[0],[0],4608,0.1,460,1,0,1
5769,log_1127_1708943009.xes,0.6,na,[],0,0,0,0,sudden,[],[],4608,0.1,460,0,0,0
5770,log_1127_1708943009.xes,0.6,na,[],0,0,0,0,gradual_start,[],[],4608,0.1,460,0,0,0
5771,log_1127_1708943009.xes,0.6,na,[],0,0,0,0,gradual_end,[],[],4608,0.1,460,0,0,0
5772,log_1165_1708943010.xes,0.0,na,['sudden'],1,1,1,0,no_drift,[],[0],3367,0.1,336,0,1,0
5773,log_1165_1708943010.xes,0.0,na,['sudden'],1,1,1,0,sudden,[1697],[],3367,0.1,336,0,0,1
5774,log_1165_1708943010.xes,0.0,na,['sudden'],1,1,1,0,gradual_start,[],[],3367,0.1,336,0,0,0
5775,log_1165_1708943010.xes,0.0,na,['sudden'],1,1,1,0,gradual_end,[],[],3367,0.1,336,0,0,0
5776,log_1576_1708943006.xes,0.0,na,"['sudden', 'gradual', 'sudden']",3,4,2,1,no_drift,[],[],6714,0.1,671,0,0,0
5777,log_1576_1708943006.xes,0.0,na,"['sudden', 'gradual', 'sudden']",3,4,2,1,sudden,"[1451, 4930]","[1453, 4918]",6714,0.1,671,2,0,2
5778,log_1576_1708943006.xes,0.0,na,"['sudden', 'gradual', 'sudden']",3,4,2,1,gradual_start,[3153],[],6714,0.1,671,0,0,1
5779,log_1576_1708943006.xes,0.0,na,"['sudden', 'gradual', 'sudden']",3,4,2,1,gradual_end,[3550],[],6714,0.1,671,0,0,1
5780,log_1048_1708943006.xes,0.0,na,[],0,0,0,0,no_drift,[0],[0],5116,0.1,511,1,0,1
5781,log_1048_1708943006.xes,0.0,na,[],0,0,0,0,sudden,[],[],5116,0.1,511,0,0,0
5782,log_1048_1708943006.xes,0.0,na,[],0,0,0,0,gradual_start,[],[],5116,0.1,511,0,0,0
5783,log_1048_1708943006.xes,0.0,na,[],0,0,0,0,gradual_end,[],[],5116,0.1,511,0,0,0
5784,log_1281_1708943009.xes,0.6,na,['gradual'],1,2,0,1,no_drift,[],[0],3414,0.1,341,0,1,0
5785,log_1281_1708943009.xes,0.6,na,['gradual'],1,2,0,1,sudden,[],[],3414,0.1,341,0,0,0
5786,log_1281_1708943009.xes,0.6,na,['gradual'],1,2,0,1,gradual_start,[1798],[],3414,0.1,341,0,0,1
5787,log_1281_1708943009.xes,0.6,na,['gradual'],1,2,0,1,gradual_end,[2165],[],3414,0.1,341,0,0,1
5788,log_1049_1708943012.xes,0.3,na,['gradual'],1,2,0,1,no_drift,[],[],3562,0.1,356,0,0,0
5789,log_1049_1708943012.xes,0.3,na,['gradual'],1,2,0,1,sudden,[],[],3562,0.1,356,0,0,0
5790,log_1049_1708943012.xes,0.3,na,['gradual'],1,2,0,1,gradual_start,[1620],[1548],3562,0.1,356,1,0,1
5791,log_1049_1708943012.xes,0.3,na,['gradual'],1,2,0,1,gradual_end,[2069],[2058],3562,0.1,356,1,0,1
5792,log_1464_1708943003.xes,0.0,na,"['sudden', 'gradual', 'gradual']",3,5,1,2,no_drift,[],[],5997,0.1,599,0,0,0
5793,log_1464_1708943003.xes,0.0,na,"['sudden', 'gradual', 'gradual']",3,5,1,2,sudden,[1015],[],5997,0.1,599,0,0,1
5794,log_1464_1708943003.xes,0.0,na,"['sudden', 'gradual', 'gradual']",3,5,1,2,gradual_start,"[2469, 4236]","[4235, 2466]",5997,0.1,599,2,0,2
5795,log_1464_1708943003.xes,0.0,na,"['sudden', 'gradual', 'gradual']",3,5,1,2,gradual_end,"[3035, 4794]","[4786, 3046]",5997,0.1,599,2,0,2
5796,log_1243_1708943009.xes,0.3,na,"['gradual', 'sudden']",2,3,1,1,no_drift,[],[],4592,0.1,459,0,0,0
5797,log_1243_1708943009.xes,0.3,na,"['gradual', 'sudden']",2,3,1,1,sudden,[3408],[3367],4592,0.1,459,1,0,1
5798,log_1243_1708943009.xes,0.3,na,"['gradual', 'sudden']",2,3,1,1,gradual_start,[1960],[1981],4592,0.1,459,1,0,1
5799,log_1243_1708943009.xes,0.3,na,"['gradual', 'sudden']",2,3,1,1,gradual_end,[2313],[2267],4592,0.1,459,1,0,1
5800,log_1354_1708943008.xes,0.0,na,"['gradual', 'gradual', 'sudden']",3,5,1,2,no_drift,[],[],6442,0.1,644,0,0,0
5801,log_1354_1708943008.xes,0.0,na,"['gradual', 'gradual', 'sudden']",3,5,1,2,sudden,[5228],[5217],6442,0.1,644,1,0,1
5802,log_1354_1708943008.xes,0.0,na,"['gradual', 'gradual', 'sudden']",3,5,1,2,gradual_start,"[1640, 3890]",[3873],6442,0.1,644,1,0,2
5803,log_1354_1708943008.xes,0.0,na,"['gradual', 'gradual', 'sudden']",3,5,1,2,gradual_end,"[2185, 4221]",[4225],6442,0.1,644,1,0,2
5804,log_1018_1708943011.xes,0.6,na,[],0,0,0,0,no_drift,[0],[0],5148,0.1,514,1,0,1
5805,log_1018_1708943011.xes,0.6,na,[],0,0,0,0,sudden,[],[],5148,0.1,514,0,0,0
5806,log_1018_1708943011.xes,0.6,na,[],0,0,0,0,gradual_start,[],[],5148,0.1,514,0,0,0
5807,log_1018_1708943011.xes,0.6,na,[],0,0,0,0,gradual_end,[],[],5148,0.1,514,0,0,0
5808,log_1685_1708943003.xes,0.3,na,"['sudden', 'gradual']",2,3,1,1,no_drift,[],[],4472,0.1,447,0,0,0
5809,log_1685_1708943003.xes,0.3,na,"['sudden', 'gradual']",2,3,1,1,sudden,[1674],[1651],4472,0.1,447,1,0,1
5810,log_1685_1708943003.xes,0.3,na,"['sudden', 'gradual']",2,3,1,1,gradual_start,[2930],[],4472,0.1,447,0,0,1
5811,log_1685_1708943003.xes,0.3,na,"['sudden', 'gradual']",2,3,1,1,gradual_end,[3286],[],4472,0.1,447,0,0,1
5812,log_1389_1708943011.xes,0.0,na,"['gradual', 'sudden']",2,3,1,1,no_drift,[],[],4491,0.1,449,0,0,0
5813,log_1389_1708943011.xes,0.0,na,"['gradual', 'sudden']",2,3,1,1,sudden,[3004],[2993],4491,0.1,449,1,0,1
5814,log_1389_1708943011.xes,0.0,na,"['gradual', 'sudden']",2,3,1,1,gradual_start,[1349],[1321],4491,0.1,449,1,0,1
5815,log_1389_1708943011.xes,0.0,na,"['gradual', 'sudden']",2,3,1,1,gradual_end,[1826],[1805],4491,0.1,449,1,0,1
5816,log_1614_1708943003.xes,0.6,na,"['gradual', 'sudden']",2,3,1,1,no_drift,[],[],4694,0.1,469,0,0,0
5817,log_1614_1708943003.xes,0.6,na,"['gradual', 'sudden']",2,3,1,1,sudden,[3194],[3175],4694,0.1,469,1,0,1
5818,log_1614_1708943003.xes,0.6,na,"['gradual', 'sudden']",2,3,1,1,gradual_start,[1585],[1565],4694,0.1,469,1,0,1
5819,log_1614_1708943003.xes,0.6,na,"['gradual', 'sudden']",2,3,1,1,gradual_end,[2023],[2025],4694,0.1,469,1,0,1
5820,log_1355_1708943013.xes,0.6,na,[],0,0,0,0,no_drift,[0],[0],3490,0.1,349,1,0,1
5821,log_1355_1708943013.xes,0.6,na,[],0,0,0,0,sudden,[],[],3490,0.1,349,0,0,0
5822,log_1355_1708943013.xes,0.6,na,[],0,0,0,0,gradual_start,[],[],3490,0.1,349,0,0,0
5823,log_1355_1708943013.xes,0.6,na,[],0,0,0,0,gradual_end,[],[],3490,0.1,349,0,0,0
5824,log_1465_1708943012.xes,0.0,na,['sudden'],1,1,1,0,no_drift,[],[],3231,0.1,323,0,0,0
5825,log_1465_1708943012.xes,0.0,na,['sudden'],1,1,1,0,sudden,[1888],[1857],3231,0.1,323,1,0,1
5826,log_1465_1708943012.xes,0.0,na,['sudden'],1,1,1,0,gradual_start,[],[],3231,0.1,323,0,0,0
5827,log_1465_1708943012.xes,0.0,na,['sudden'],1,1,1,0,gradual_end,[],[],3231,0.1,323,0,0,0
5828,log_1166_1708943014.xes,0.6,na,[],0,0,0,0,no_drift,[0],[0],1156,0.1,115,1,0,1
5829,log_1166_1708943014.xes,0.6,na,[],0,0,0,0,sudden,[],[],1156,0.1,115,0,0,0
5830,log_1166_1708943014.xes,0.6,na,[],0,0,0,0,gradual_start,[],[],1156,0.1,115,0,0,0
5831,log_1166_1708943014.xes,0.6,na,[],0,0,0,0,gradual_end,[],[],1156,0.1,115,0,0,0
5832,log_1686_1708943013.xes,0.0,na,"['gradual', 'sudden']",2,3,1,1,no_drift,[],[],4490,0.1,449,0,0,0
5833,log_1686_1708943013.xes,0.0,na,"['gradual', 'sudden']",2,3,1,1,sudden,[3296],[],4490,0.1,449,0,0,1
5834,log_1686_1708943013.xes,0.0,na,"['gradual', 'sudden']",2,3,1,1,gradual_start,[1722],[1717],4490,0.1,449,1,0,1
5835,log_1686_1708943013.xes,0.0,na,"['gradual', 'sudden']",2,3,1,1,gradual_end,[2095],[2091],4490,0.1,449,1,0,1
5836,log_1615_1708943013.xes,0.3,na,['sudden'],1,1,1,0,no_drift,[],[],3383,0.1,338,0,0,0
5837,log_1615_1708943013.xes,0.3,na,['sudden'],1,1,1,0,sudden,[1866],[1857],3383,0.1,338,1,0,1
5838,log_1615_1708943013.xes,0.3,na,['sudden'],1,1,1,0,gradual_start,[],[],3383,0.1,338,0,0,0
5839,log_1615_1708943013.xes,0.3,na,['sudden'],1,1,1,0,gradual_end,[],[],3383,0.1,338,0,0,0
5840,log_979_1708943013.xes,0.3,na,"['sudden', 'sudden']",2,2,2,0,no_drift,[],[],4235,0.1,423,0,0,0
5841,log_979_1708943013.xes,0.3,na,"['sudden', 'sudden']",2,2,2,0,sudden,"[1175, 2283]",[1156],4235,0.1,423,1,0,2
5842,log_979_1708943013.xes,0.3,na,"['sudden', 'sudden']",2,2,2,0,gradual_start,[],[],4235,0.1,423,0,0,0
5843,log_979_1708943013.xes,0.3,na,"['sudden', 'sudden']",2,2,2,0,gradual_end,[],[],4235,0.1,423,0,0,0
5844,log_1876_1708943017.xes,0.6,na,[],0,0,0,0,no_drift,[0],[0],1362,0.1,136,1,0,1
5845,log_1876_1708943017.xes,0.6,na,[],0,0,0,0,sudden,[],[],1362,0.1,136,0,0,0
5846,log_1876_1708943017.xes,0.6,na,[],0,0,0,0,gradual_start,[],[],1362,0.1,136,0,0,0
5847,log_1876_1708943017.xes,0.6,na,[],0,0,0,0,gradual_end,[],[],1362,0.1,136,0,0,0
5848,log_1129_1708943014.xes,0.0,na,[],0,0,0,0,no_drift,[0],[0],5967,0.1,596,1,0,1
5849,log_1129_1708943014.xes,0.0,na,[],0,0,0,0,sudden,[],[],5967,0.1,596,0,0,0
5850,log_1129_1708943014.xes,0.0,na,[],0,0,0,0,gradual_start,[],[],5967,0.1,596,0,0,0
5851,log_1129_1708943014.xes,0.0,na,[],0,0,0,0,gradual_end,[],[],5967,0.1,596,0,0,0
5852,log_1503_1708943006.xes,0.0,na,"['sudden', 'gradual', 'gradual']",3,5,1,2,no_drift,[],[],7413,0.1,741,0,0,0
5853,log_1503_1708943006.xes,0.0,na,"['sudden', 'gradual', 'gradual']",3,5,1,2,sudden,[1453],[1407],7413,0.1,741,1,0,1
5854,log_1503_1708943006.xes,0.0,na,"['sudden', 'gradual', 'gradual']",3,5,1,2,gradual_start,"[3264, 5022]",[],7413,0.1,741,0,0,2
5855,log_1503_1708943006.xes,0.0,na,"['sudden', 'gradual', 'gradual']",3,5,1,2,gradual_end,"[3690, 5570]",[],7413,0.1,741,0,0,2
5856,log_1836_1708942998.xes,0.6,na,"['sudden', 'gradual', 'gradual']",3,5,1,2,no_drift,[],[0],7358,0.1,735,0,1,0
5857,log_1836_1708942998.xes,0.6,na,"['sudden', 'gradual', 'gradual']",3,5,1,2,sudden,[1503],[],7358,0.1,735,0,0,1
5858,log_1836_1708942998.xes,0.6,na,"['sudden', 'gradual', 'gradual']",3,5,1,2,gradual_start,"[2859, 5163]",[],7358,0.1,735,0,0,2
5859,log_1836_1708942998.xes,0.6,na,"['sudden', 'gradual', 'gradual']",3,5,1,2,gradual_end,"[3296, 5684]",[],7358,0.1,735,0,0,2
5860,log_1205_1708943016.xes,0.0,na,['gradual'],1,2,0,1,no_drift,[],[],3602,0.1,360,0,0,0
5861,log_1205_1708943016.xes,0.0,na,['gradual'],1,2,0,1,sudden,[],[],3602,0.1,360,0,0,0
5862,log_1205_1708943016.xes,0.0,na,['gradual'],1,2,0,1,gradual_start,[1458],[1423],3602,0.1,360,1,0,1
5863,log_1205_1708943016.xes,0.0,na,['gradual'],1,2,0,1,gradual_end,[1905],[1873],3602,0.1,360,1,0,1
5864,log_1204_1708943011.xes,0.3,na,['sudden'],1,1,1,0,no_drift,[],[],3399,0.1,339,0,0,0
5865,log_1204_1708943011.xes,0.3,na,['sudden'],1,1,1,0,sudden,[1800],[1777],3399,0.1,339,1,0,1
5866,log_1204_1708943011.xes,0.3,na,['sudden'],1,1,1,0,gradual_start,[],[],3399,0.1,339,0,0,0
5867,log_1204_1708943011.xes,0.3,na,['sudden'],1,1,1,0,gradual_end,[],[],3399,0.1,339,0,0,0
5868,log_1356_1708943015.xes,0.0,na,"['sudden', 'sudden']",2,2,2,0,no_drift,[],[],4143,0.1,414,0,0,0
5869,log_1356_1708943015.xes,0.0,na,"['sudden', 'sudden']",2,2,2,0,sudden,"[1597, 3074]","[3061, 1581]",4143,0.1,414,2,0,2
5870,log_1356_1708943015.xes,0.0,na,"['sudden', 'sudden']",2,2,2,0,gradual_start,[],[],4143,0.1,414,0,0,0
5871,log_1356_1708943015.xes,0.0,na,"['sudden', 'sudden']",2,2,2,0,gradual_end,[],[],4143,0.1,414,0,0,0
5872,log_1539_1708943018.xes,0.3,na,[],0,0,0,0,no_drift,[0],[0],3327,0.1,332,1,0,1
5873,log_1539_1708943018.xes,0.3,na,[],0,0,0,0,sudden,[],[],3327,0.1,332,0,0,0
5874,log_1539_1708943018.xes,0.3,na,[],0,0,0,0,gradual_start,[],[],3327,0.1,332,0,0,0
5875,log_1539_1708943018.xes,0.3,na,[],0,0,0,0,gradual_end,[],[],3327,0.1,332,0,0,0
5876,log_1390_1708943014.xes,0.0,na,['sudden'],1,1,1,0,no_drift,[],[],2815,0.1,281,0,0,0
5877,log_1390_1708943014.xes,0.0,na,['sudden'],1,1,1,0,sudden,[1287],[1275],2815,0.1,281,1,0,1
5878,log_1390_1708943014.xes,0.0,na,['sudden'],1,1,1,0,gradual_start,[],[],2815,0.1,281,0,0,0
5879,log_1390_1708943014.xes,0.0,na,['sudden'],1,1,1,0,gradual_end,[],[],2815,0.1,281,0,0,0
5880,log_1282_1708943013.xes,0.0,na,"['sudden', 'gradual', 'sudden']",3,4,2,1,no_drift,[],[],6849,0.1,684,0,0,0
5881,log_1282_1708943013.xes,0.0,na,"['sudden', 'gradual', 'sudden']",3,4,2,1,sudden,"[1318, 5250]","[5203, 1293]",6849,0.1,684,2,0,2
5882,log_1282_1708943013.xes,0.0,na,"['sudden', 'gradual', 'sudden']",3,4,2,1,gradual_start,[3309],[3299],6849,0.1,684,1,0,1
5883,log_1282_1708943013.xes,0.0,na,"['sudden', 'gradual', 'sudden']",3,4,2,1,gradual_end,[3774],[3809],6849,0.1,684,1,0,1
5884,log_1086_1708943011.xes,0.6,na,['gradual'],1,2,0,1,no_drift,[],[],4002,0.1,400,0,0,0
5885,log_1086_1708943011.xes,0.6,na,['gradual'],1,2,0,1,sudden,[],[],4002,0.1,400,0,0,0
5886,log_1086_1708943011.xes,0.6,na,['gradual'],1,2,0,1,gradual_start,[1871],[1901],4002,0.1,400,1,0,1
5887,log_1086_1708943011.xes,0.6,na,['gradual'],1,2,0,1,gradual_end,[2380],[2381],4002,0.1,400,1,0,1
5888,log_1875_1708943008.xes,0.6,na,"['gradual', 'gradual']",2,4,0,2,no_drift,[],[],6449,0.1,644,0,0,0
5889,log_1875_1708943008.xes,0.6,na,"['gradual', 'gradual']",2,4,0,2,sudden,[],[],6449,0.1,644,0,0,0
5890,log_1875_1708943008.xes,0.6,na,"['gradual', 'gradual']",2,4,0,2,gradual_start,"[1907, 4122]","[1857, 4097]",6449,0.1,644,2,0,2
5891,log_1875_1708943008.xes,0.6,na,"['gradual', 'gradual']",2,4,0,2,gradual_end,"[2309, 4563]","[2305, 4609]",6449,0.1,644,2,0,2
5892,log_1504_1708943016.xes,0.0,na,[],0,0,0,0,no_drift,[0],[0],3402,0.1,340,1,0,1
5893,log_1504_1708943016.xes,0.0,na,[],0,0,0,0,sudden,[],[],3402,0.1,340,0,0,0
5894,log_1504_1708943016.xes,0.0,na,[],0,0,0,0,gradual_start,[],[],3402,0.1,340,0,0,0
5895,log_1504_1708943016.xes,0.0,na,[],0,0,0,0,gradual_end,[],[],3402,0.1,340,0,0,0
5896,log_1538_1708943008.xes,0.6,na,"['gradual', 'gradual']",2,4,0,2,no_drift,[],[],5594,0.1,559,0,0,0
5897,log_1538_1708943008.xes,0.6,na,"['gradual', 'gradual']",2,4,0,2,sudden,[],[],5594,0.1,559,0,0,0
5898,log_1538_1708943008.xes,0.6,na,"['gradual', 'gradual']",2,4,0,2,gradual_start,"[1670, 3282]","[1648, 3268]",5594,0.1,559,2,0,2
5899,log_1538_1708943008.xes,0.6,na,"['gradual', 'gradual']",2,4,0,2,gradual_end,"[2261, 3771]","[2215, 3727]",5594,0.1,559,2,0,2
5900,log_1019_1708943014.xes,0.0,na,"['gradual', 'gradual']",2,4,0,2,no_drift,[],[],5603,0.1,560,0,0,0
5901,log_1019_1708943014.xes,0.0,na,"['gradual', 'gradual']",2,4,0,2,sudden,[],[],5603,0.1,560,0,0,0
5902,log_1019_1708943014.xes,0.0,na,"['gradual', 'gradual']",2,4,0,2,gradual_start,"[1434, 3340]",[1429],5603,0.1,560,1,0,2
5903,log_1019_1708943014.xes,0.0,na,"['gradual', 'gradual']",2,4,0,2,gradual_end,"[1744, 3827]",[1737],5603,0.1,560,1,0,2
5904,log_1616_1708943016.xes,0.3,na,"['sudden', 'gradual', 'gradual']",3,5,1,2,no_drift,[],[],6904,0.1,690,0,0,0
5905,log_1616_1708943016.xes,0.3,na,"['sudden', 'gradual', 'gradual']",3,5,1,2,sudden,[1454],[],6904,0.1,690,0,0,1
5906,log_1616_1708943016.xes,0.3,na,"['sudden', 'gradual', 'gradual']",3,5,1,2,gradual_start,"[3142, 4966]",[3129],6904,0.1,690,1,0,2
5907,log_1616_1708943016.xes,0.3,na,"['sudden', 'gradual', 'gradual']",3,5,1,2,gradual_end,"[3602, 5321]",[3605],6904,0.1,690,1,0,2
5908,log_1357_1708943018.xes,0.3,na,[],0,0,0,0,no_drift,[0],[0],4809,0.1,480,1,0,1
5909,log_1357_1708943018.xes,0.3,na,[],0,0,0,0,sudden,[],[],4809,0.1,480,0,0,0
5910,log_1357_1708943018.xes,0.3,na,[],0,0,0,0,gradual_start,[],[],4809,0.1,480,0,0,0
5911,log_1357_1708943018.xes,0.3,na,[],0,0,0,0,gradual_end,[],[],4809,0.1,480,0,0,0
5912,log_1687_1708943017.xes,0.0,na,['sudden'],1,1,1,0,no_drift,[],[],2432,0.1,243,0,0,0
5913,log_1687_1708943017.xes,0.0,na,['sudden'],1,1,1,0,sudden,[1103],[1093],2432,0.1,243,1,0,1
5914,log_1687_1708943017.xes,0.0,na,['sudden'],1,1,1,0,gradual_start,[],[],2432,0.1,243,0,0,0
5915,log_1687_1708943017.xes,0.0,na,['sudden'],1,1,1,0,gradual_end,[],[],2432,0.1,243,0,0,0
5916,log_1651_1708943014.xes,0.3,na,"['gradual', 'sudden']",2,3,1,1,no_drift,[],[],5783,0.1,578,0,0,0
5917,log_1651_1708943014.xes,0.3,na,"['gradual', 'sudden']",2,3,1,1,sudden,[3802],[3781],5783,0.1,578,1,0,1
5918,log_1651_1708943014.xes,0.3,na,"['gradual', 'sudden']",2,3,1,1,gradual_start,[1671],[],5783,0.1,578,0,0,1
5919,log_1651_1708943014.xes,0.3,na,"['gradual', 'sudden']",2,3,1,1,gradual_end,[2127],[],5783,0.1,578,0,0,1
5920,log_1577_1708943012.xes,0.6,na,[],0,0,0,0,no_drift,[0],[0],7960,0.1,796,1,0,1
5921,log_1577_1708943012.xes,0.6,na,[],0,0,0,0,sudden,[],[],7960,0.1,796,0,0,0
5922,log_1577_1708943012.xes,0.6,na,[],0,0,0,0,gradual_start,[],[],7960,0.1,796,0,0,0
5923,log_1577_1708943012.xes,0.6,na,[],0,0,0,0,gradual_end,[],[],7960,0.1,796,0,0,0
5924,log_980_1708943018.xes,0.3,na,['sudden'],1,1,1,0,no_drift,[],[],3153,0.1,315,0,0,0
5925,log_980_1708943018.xes,0.3,na,['sudden'],1,1,1,0,sudden,[1327],[1291],3153,0.1,315,1,0,1
5926,log_980_1708943018.xes,0.3,na,['sudden'],1,1,1,0,gradual_start,[],[],3153,0.1,315,0,0,0
5927,log_980_1708943018.xes,0.3,na,['sudden'],1,1,1,0,gradual_end,[],[],3153,0.1,315,0,0,0
5928,log_1206_1708943018.xes,0.3,na,['gradual'],1,2,0,1,no_drift,[],[],3275,0.1,327,0,0,0
5929,log_1206_1708943018.xes,0.3,na,['gradual'],1,2,0,1,sudden,[],[],3275,0.1,327,0,0,0
5930,log_1206_1708943018.xes,0.3,na,['gradual'],1,2,0,1,gradual_start,[1276],[1249],3275,0.1,327,1,0,1
5931,log_1206_1708943018.xes,0.3,na,['gradual'],1,2,0,1,gradual_end,[1650],[1633],3275,0.1,327,1,0,1
5932,log_1466_1708943015.xes,0.0,na,"['sudden', 'gradual', 'sudden']",3,4,2,1,no_drift,[],[],6305,0.1,630,0,0,0
5933,log_1466_1708943015.xes,0.0,na,"['sudden', 'gradual', 'sudden']",3,4,2,1,sudden,"[1664, 5127]","[5085, 1644]",6305,0.1,630,2,0,2
5934,log_1466_1708943015.xes,0.0,na,"['sudden', 'gradual', 'sudden']",3,4,2,1,gradual_start,[2891],[],6305,0.1,630,0,0,1
5935,log_1466_1708943015.xes,0.0,na,"['sudden', 'gradual', 'sudden']",3,4,2,1,gradual_end,[3368],[],6305,0.1,630,0,0,1
5936,log_1283_1708943018.xes,0.6,na,['sudden'],1,1,1,0,no_drift,[],[],3323,0.1,332,0,0,0
5937,log_1283_1708943018.xes,0.6,na,['sudden'],1,1,1,0,sudden,[1957],[1953],3323,0.1,332,1,0,1
5938,log_1283_1708943018.xes,0.6,na,['sudden'],1,1,1,0,gradual_start,[],[],3323,0.1,332,0,0,0
5939,log_1283_1708943018.xes,0.6,na,['sudden'],1,1,1,0,gradual_end,[],[],3323,0.1,332,0,0,0
5940,log_1392_1708943021.xes,0.0,na,[],0,0,0,0,no_drift,[0],[0],1543,0.1,154,1,0,1
5941,log_1392_1708943021.xes,0.0,na,[],0,0,0,0,sudden,[],[],1543,0.1,154,0,0,0
5942,log_1392_1708943021.xes,0.0,na,[],0,0,0,0,gradual_start,[],[],1543,0.1,154,0,0,0
5943,log_1392_1708943021.xes,0.0,na,[],0,0,0,0,gradual_end,[],[],1543,0.1,154,0,0,0
5944,log_1391_1708943018.xes,0.3,na,['gradual'],1,2,0,1,no_drift,[],[],3271,0.1,327,0,0,0
5945,log_1391_1708943018.xes,0.3,na,['gradual'],1,2,0,1,sudden,[],[],3271,0.1,327,0,0,0
5946,log_1391_1708943018.xes,0.3,na,['gradual'],1,2,0,1,gradual_start,[1058],[1057],3271,0.1,327,1,0,1
5947,log_1391_1708943018.xes,0.3,na,['gradual'],1,2,0,1,gradual_end,[1618],[1617],3271,0.1,327,1,0,1
5948,log_1505_1708943019.xes,0.3,na,[],0,0,0,0,no_drift,[0],[0],3150,0.1,315,1,0,1
5949,log_1505_1708943019.xes,0.3,na,[],0,0,0,0,sudden,[],[],3150,0.1,315,0,0,0
5950,log_1505_1708943019.xes,0.3,na,[],0,0,0,0,gradual_start,[],[],3150,0.1,315,0,0,0
5951,log_1505_1708943019.xes,0.3,na,[],0,0,0,0,gradual_end,[],[],3150,0.1,315,0,0,0
5952,log_1803_1708943024.xes,0.6,na,[],0,0,0,0,no_drift,[0],[0],1002,0.1,100,1,0,1
5953,log_1803_1708943024.xes,0.6,na,[],0,0,0,0,sudden,[],[],1002,0.1,100,0,0,0
5954,log_1803_1708943024.xes,0.6,na,[],0,0,0,0,gradual_start,[],[],1002,0.1,100,0,0,0
5955,log_1803_1708943024.xes,0.6,na,[],0,0,0,0,gradual_end,[],[],1002,0.1,100,0,0,0
5956,log_1020_1708943018.xes,0.6,na,[],0,0,0,0,no_drift,[0],[0],7112,0.1,711,1,0,1
5957,log_1020_1708943018.xes,0.6,na,[],0,0,0,0,sudden,[],[],7112,0.1,711,0,0,0
5958,log_1020_1708943018.xes,0.6,na,[],0,0,0,0,gradual_start,[],[],7112,0.1,711,0,0,0
5959,log_1020_1708943018.xes,0.6,na,[],0,0,0,0,gradual_end,[],[],7112,0.1,711,0,0,0
5960,log_1087_1708943018.xes,0.0,na,[],0,0,0,0,no_drift,[0],[0],5748,0.1,574,1,0,1
5961,log_1087_1708943018.xes,0.0,na,[],0,0,0,0,sudden,[],[],5748,0.1,574,0,0,0
5962,log_1087_1708943018.xes,0.0,na,[],0,0,0,0,gradual_start,[],[],5748,0.1,574,0,0,0
5963,log_1087_1708943018.xes,0.0,na,[],0,0,0,0,gradual_end,[],[],5748,0.1,574,0,0,0
5964,log_1801_1708943007.xes,0.0,na,"['sudden', 'gradual', 'gradual']",3,5,1,2,no_drift,[],[],6793,0.1,679,0,0,0
5965,log_1801_1708943007.xes,0.0,na,"['sudden', 'gradual', 'gradual']",3,5,1,2,sudden,[1057],[1024],6793,0.1,679,1,0,1
5966,log_1801_1708943007.xes,0.0,na,"['sudden', 'gradual', 'gradual']",3,5,1,2,gradual_start,"[2791, 4773]","[2773, 4786]",6793,0.1,679,2,0,2
5967,log_1801_1708943007.xes,0.0,na,"['sudden', 'gradual', 'gradual']",3,5,1,2,gradual_end,"[3211, 5089]","[3169, 5083]",6793,0.1,679,2,0,2
5968,log_1763_1708943011.xes,0.0,na,"['sudden', 'gradual', 'sudden']",3,4,2,1,no_drift,[],[],5749,0.1,574,0,0,0
5969,log_1763_1708943011.xes,0.0,na,"['sudden', 'gradual', 'sudden']",3,4,2,1,sudden,"[1263, 4121]","[4117, 1233]",5749,0.1,574,2,0,2
5970,log_1763_1708943011.xes,0.0,na,"['sudden', 'gradual', 'sudden']",3,4,2,1,gradual_start,[2711],[2689],5749,0.1,574,1,0,1
5971,log_1763_1708943011.xes,0.0,na,"['sudden', 'gradual', 'sudden']",3,4,2,1,gradual_end,[3066],[3025],5749,0.1,574,1,0,1
5972,log_1315_1708943013.xes,0.3,na,"['sudden', 'gradual']",2,3,1,1,no_drift,[],[],4331,0.1,433,0,0,0
5973,log_1315_1708943013.xes,0.3,na,"['sudden', 'gradual']",2,3,1,1,sudden,[1002],[988],4331,0.1,433,1,0,1
5974,log_1315_1708943013.xes,0.3,na,"['sudden', 'gradual']",2,3,1,1,gradual_start,[2875],[2857],4331,0.1,433,1,0,1
5975,log_1315_1708943013.xes,0.3,na,"['sudden', 'gradual']",2,3,1,1,gradual_end,[3287],[3256],4331,0.1,433,1,0,1
5976,log_1540_1708943020.xes,0.3,na,['sudden'],1,1,1,0,no_drift,[],[],3269,0.1,326,0,0,0
5977,log_1540_1708943020.xes,0.3,na,['sudden'],1,1,1,0,sudden,[1981],[1969],3269,0.1,326,1,0,1
5978,log_1540_1708943020.xes,0.3,na,['sudden'],1,1,1,0,gradual_start,[],[],3269,0.1,326,0,0,0
5979,log_1540_1708943020.xes,0.3,na,['sudden'],1,1,1,0,gradual_end,[],[],3269,0.1,326,0,0,0
5980,log_1426_1708943001.xes,0.3,na,"['sudden', 'sudden', 'sudden']",3,3,3,0,no_drift,[],[],7343,0.1,734,0,0,0
5981,log_1426_1708943001.xes,0.3,na,"['sudden', 'sudden', 'sudden']",3,3,3,0,sudden,"[1959, 3883, 5687]","[5653, 3853]",7343,0.1,734,2,0,3
5982,log_1426_1708943001.xes,0.3,na,"['sudden', 'sudden', 'sudden']",3,3,3,0,gradual_start,[],[],7343,0.1,734,0,0,0
5983,log_1426_1708943001.xes,0.3,na,"['sudden', 'sudden', 'sudden']",3,3,3,0,gradual_end,[],[],7343,0.1,734,0,0,0
5984,log_1130_1708943017.xes,0.6,na,"['gradual', 'gradual', 'sudden']",3,5,1,2,no_drift,[],[],6498,0.1,649,0,0,0
5985,log_1130_1708943017.xes,0.6,na,"['gradual', 'gradual', 'sudden']",3,5,1,2,sudden,[5412],[5377],6498,0.1,649,1,0,1
5986,log_1130_1708943017.xes,0.6,na,"['gradual', 'gradual', 'sudden']",3,5,1,2,gradual_start,"[1757, 3524]",[1761],6498,0.1,649,1,0,2
5987,log_1130_1708943017.xes,0.6,na,"['gradual', 'gradual', 'sudden']",3,5,1,2,gradual_end,"[2088, 3979]",[2081],6498,0.1,649,1,0,2
5988,log_1244_1708943014.xes,0.0,na,[],0,0,0,0,no_drift,[0],[0],5424,0.1,542,1,0,1
5989,log_1244_1708943014.xes,0.0,na,[],0,0,0,0,sudden,[],[],5424,0.1,542,0,0,0
5990,log_1244_1708943014.xes,0.0,na,[],0,0,0,0,gradual_start,[],[],5424,0.1,542,0,0,0
5991,log_1244_1708943014.xes,0.0,na,[],0,0,0,0,gradual_end,[],[],5424,0.1,542,0,0,0
5992,log_1427_1708943018.xes,0.0,na,"['gradual', 'gradual']",2,4,0,2,no_drift,[],[0],6324,0.1,632,0,1,0
5993,log_1427_1708943018.xes,0.0,na,"['gradual', 'gradual']",2,4,0,2,sudden,[],[],6324,0.1,632,0,0,0
5994,log_1427_1708943018.xes,0.0,na,"['gradual', 'gradual']",2,4,0,2,gradual_start,"[1909, 4061]",[],6324,0.1,632,0,0,2
5995,log_1427_1708943018.xes,0.0,na,"['gradual', 'gradual']",2,4,0,2,gradual_end,"[2393, 4420]",[],6324,0.1,632,0,0,2
5996,log_1428_1708943024.xes,0.3,na,[],0,0,0,0,no_drift,[0],[0],3954,0.1,395,1,0,1
5997,log_1428_1708943024.xes,0.3,na,[],0,0,0,0,sudden,[],[],3954,0.1,395,0,0,0
5998,log_1428_1708943024.xes,0.3,na,[],0,0,0,0,gradual_start,[],[],3954,0.1,395,0,0,0
5999,log_1428_1708943024.xes,0.3,na,[],0,0,0,0,gradual_end,[],[],3954,0.1,395,0,0,0
6000,log_1802_1708943020.xes,0.0,na,"['sudden', 'gradual']",2,3,1,1,no_drift,[],[],5654,0.1,565,0,0,0
6001,log_1802_1708943020.xes,0.0,na,"['sudden', 'gradual']",2,3,1,1,sudden,[1817],[1793],5654,0.1,565,1,0,1
6002,log_1802_1708943020.xes,0.0,na,"['sudden', 'gradual']",2,3,1,1,gradual_start,[3504],[],5654,0.1,565,0,0,1
6003,log_1802_1708943020.xes,0.0,na,"['sudden', 'gradual']",2,3,1,1,gradual_end,[3841],[],5654,0.1,565,0,0,1
6004,log_1506_1708943021.xes,0.0,na,[],0,0,0,0,no_drift,[0],[0],5956,0.1,595,1,0,1
6005,log_1506_1708943021.xes,0.0,na,[],0,0,0,0,sudden,[],[],5956,0.1,595,0,0,0
6006,log_1506_1708943021.xes,0.0,na,[],0,0,0,0,gradual_start,[],[],5956,0.1,595,0,0,0
6007,log_1506_1708943021.xes,0.0,na,[],0,0,0,0,gradual_end,[],[],5956,0.1,595,0,0,0
6008,log_1284_1708943022.xes,0.6,na,"['sudden', 'sudden', 'gradual']",3,4,2,1,no_drift,[],[0],6643,0.1,664,0,1,0
6009,log_1284_1708943022.xes,0.6,na,"['sudden', 'sudden', 'gradual']",3,4,2,1,sudden,"[1982, 3173]",[],6643,0.1,664,0,0,2
6010,log_1284_1708943022.xes,0.6,na,"['sudden', 'sudden', 'gradual']",3,4,2,1,gradual_start,[4936],[],6643,0.1,664,0,0,1
6011,log_1284_1708943022.xes,0.6,na,"['sudden', 'sudden', 'gradual']",3,4,2,1,gradual_end,[5356],[],6643,0.1,664,0,0,1
6012,log_1652_1708943020.xes,0.0,na,"['sudden', 'gradual', 'sudden']",3,4,2,1,no_drift,[],[],7102,0.1,710,0,0,0
6013,log_1652_1708943020.xes,0.0,na,"['sudden', 'gradual', 'sudden']",3,4,2,1,sudden,"[1578, 5629]","[5601, 1541]",7102,0.1,710,2,0,2
6014,log_1652_1708943020.xes,0.0,na,"['sudden', 'gradual', 'sudden']",3,4,2,1,gradual_start,[3364],[3361],7102,0.1,710,1,0,1
6015,log_1652_1708943020.xes,0.0,na,"['sudden', 'gradual', 'sudden']",3,4,2,1,gradual_end,[3735],[3711],7102,0.1,710,1,0,1
6016,log_981_1708943020.xes,0.3,na,"['sudden', 'sudden', 'gradual']",3,4,2,1,no_drift,[],[],5789,0.1,578,0,0,0
6017,log_981_1708943020.xes,0.3,na,"['sudden', 'sudden', 'gradual']",3,4,2,1,sudden,"[1277, 2361]",[2325],5789,0.1,578,1,0,2
6018,log_981_1708943020.xes,0.3,na,"['sudden', 'sudden', 'gradual']",3,4,2,1,gradual_start,[3684],[],5789,0.1,578,0,0,1
6019,log_981_1708943020.xes,0.3,na,"['sudden', 'sudden', 'gradual']",3,4,2,1,gradual_end,[4051],[],5789,0.1,578,0,0,1
6020,log_1021_1708943024.xes,0.3,na,[],0,0,0,0,no_drift,[0],[0],1243,0.1,124,1,0,1
6021,log_1021_1708943024.xes,0.3,na,[],0,0,0,0,sudden,[],[],1243,0.1,124,0,0,0
6022,log_1021_1708943024.xes,0.3,na,[],0,0,0,0,gradual_start,[],[],1243,0.1,124,0,0,0
6023,log_1021_1708943024.xes,0.3,na,[],0,0,0,0,gradual_end,[],[],1243,0.1,124,0,0,0
6024,log_1725_1708943005.xes,0.6,na,"['sudden', 'gradual', 'sudden']",3,4,2,1,no_drift,[],[],6055,0.1,605,0,0,0
6025,log_1725_1708943005.xes,0.6,na,"['sudden', 'gradual', 'sudden']",3,4,2,1,sudden,"[1813, 4822]","[4801, 1801]",6055,0.1,605,2,0,2
6026,log_1725_1708943005.xes,0.6,na,"['sudden', 'gradual', 'sudden']",3,4,2,1,gradual_start,[3026],[3031],6055,0.1,605,1,0,1
6027,log_1725_1708943005.xes,0.6,na,"['sudden', 'gradual', 'sudden']",3,4,2,1,gradual_end,[3552],[3541],6055,0.1,605,1,0,1
6028,log_1837_1708943014.xes,0.0,na,"['gradual', 'gradual', 'gradual']",3,6,0,3,no_drift,[],[],6527,0.1,652,0,0,0
6029,log_1837_1708943014.xes,0.0,na,"['gradual', 'gradual', 'gradual']",3,6,0,3,sudden,[],[],6527,0.1,652,0,0,0
6030,log_1837_1708943014.xes,0.0,na,"['gradual', 'gradual', 'gradual']",3,6,0,3,gradual_start,"[1148, 2868, 4709]",[4705],6527,0.1,652,1,0,3
6031,log_1837_1708943014.xes,0.0,na,"['gradual', 'gradual', 'gradual']",3,6,0,3,gradual_end,"[1542, 3318, 5177]",[5185],6527,0.1,652,1,0,3
6032,log_1207_1708943021.xes,0.0,na,"['gradual', 'gradual', 'sudden']",3,5,1,2,no_drift,[],[],7504,0.1,750,0,0,0
6033,log_1207_1708943021.xes,0.0,na,"['gradual', 'gradual', 'sudden']",3,5,1,2,sudden,[5538],[5514],7504,0.1,750,1,0,1
6034,log_1207_1708943021.xes,0.0,na,"['gradual', 'gradual', 'sudden']",3,5,1,2,gradual_start,"[1729, 3974]","[1703, 3960]",7504,0.1,750,2,0,2
6035,log_1207_1708943021.xes,0.0,na,"['gradual', 'gradual', 'sudden']",3,5,1,2,gradual_end,"[2029, 4446]","[2073, 4404]",7504,0.1,750,2,0,2
6036,log_1541_1708943023.xes,0.6,na,[],0,0,0,0,no_drift,[0],[0],5103,0.1,510,1,0,1
6037,log_1541_1708943023.xes,0.6,na,[],0,0,0,0,sudden,[],[],5103,0.1,510,0,0,0
6038,log_1541_1708943023.xes,0.6,na,[],0,0,0,0,gradual_start,[],[],5103,0.1,510,0,0,0
6039,log_1541_1708943023.xes,0.6,na,[],0,0,0,0,gradual_end,[],[],5103,0.1,510,0,0,0
6040,log_1429_1708943026.xes,0.0,na,['sudden'],1,1,1,0,no_drift,[],[],2603,0.1,260,0,0,0
6041,log_1429_1708943026.xes,0.0,na,['sudden'],1,1,1,0,sudden,[1130],[1132],2603,0.1,260,1,0,1
6042,log_1429_1708943026.xes,0.0,na,['sudden'],1,1,1,0,gradual_start,[],[],2603,0.1,260,0,0,0
6043,log_1429_1708943026.xes,0.0,na,['sudden'],1,1,1,0,gradual_end,[],[],2603,0.1,260,0,0,0
6044,log_1653_1708943026.xes,0.0,na,['sudden'],1,1,1,0,no_drift,[],[],2610,0.1,261,0,0,0
6045,log_1653_1708943026.xes,0.0,na,['sudden'],1,1,1,0,sudden,[1492],[1470],2610,0.1,261,1,0,1
6046,log_1653_1708943026.xes,0.0,na,['sudden'],1,1,1,0,gradual_start,[],[],2610,0.1,261,0,0,0
6047,log_1653_1708943026.xes,0.0,na,['sudden'],1,1,1,0,gradual_end,[],[],2610,0.1,261,0,0,0
6048,log_1804_1708943025.xes,0.6,na,['sudden'],1,1,1,0,no_drift,[],[],3255,0.1,325,0,0,0
6049,log_1804_1708943025.xes,0.6,na,['sudden'],1,1,1,0,sudden,[1914],[1905],3255,0.1,325,1,0,1
6050,log_1804_1708943025.xes,0.6,na,['sudden'],1,1,1,0,gradual_start,[],[],3255,0.1,325,0,0,0
6051,log_1804_1708943025.xes,0.6,na,['sudden'],1,1,1,0,gradual_end,[],[],3255,0.1,325,0,0,0
6052,log_1507_1708943024.xes,0.6,na,"['sudden', 'sudden']",2,2,2,0,no_drift,[],[0],4264,0.1,426,0,1,0
6053,log_1507_1708943024.xes,0.6,na,"['sudden', 'sudden']",2,2,2,0,sudden,"[1109, 3013]",[],4264,0.1,426,0,0,2
6054,log_1507_1708943024.xes,0.6,na,"['sudden', 'sudden']",2,2,2,0,gradual_start,[],[],4264,0.1,426,0,0,0
6055,log_1507_1708943024.xes,0.6,na,"['sudden', 'sudden']",2,2,2,0,gradual_end,[],[],4264,0.1,426,0,0,0
6056,log_1542_1708943026.xes,0.0,na,['sudden'],1,1,1,0,no_drift,[],[0],2939,0.1,293,0,1,0
6057,log_1542_1708943026.xes,0.0,na,['sudden'],1,1,1,0,sudden,[1170],[],2939,0.1,293,0,0,1
6058,log_1542_1708943026.xes,0.0,na,['sudden'],1,1,1,0,gradual_start,[],[],2939,0.1,293,0,0,0
6059,log_1542_1708943026.xes,0.0,na,['sudden'],1,1,1,0,gradual_end,[],[],2939,0.1,293,0,0,0
6060,log_1726_1708943024.xes,0.0,na,[],0,0,0,0,no_drift,[0],[0],4560,0.1,456,1,0,1
6061,log_1726_1708943024.xes,0.0,na,[],0,0,0,0,sudden,[],[],4560,0.1,456,0,0,0
6062,log_1726_1708943024.xes,0.0,na,[],0,0,0,0,gradual_start,[],[],4560,0.1,456,0,0,0
6063,log_1726_1708943024.xes,0.0,na,[],0,0,0,0,gradual_end,[],[],4560,0.1,456,0,0,0
6064,log_1358_1708943020.xes,0.6,na,"['gradual', 'gradual']",2,4,0,2,no_drift,[],[],6146,0.1,614,0,0,0
6065,log_1358_1708943020.xes,0.6,na,"['gradual', 'gradual']",2,4,0,2,sudden,[],[],6146,0.1,614,0,0,0
6066,log_1358_1708943020.xes,0.6,na,"['gradual', 'gradual']",2,4,0,2,gradual_start,"[1883, 4276]","[4261, 1861]",6146,0.1,614,2,0,2
6067,log_1358_1708943020.xes,0.6,na,"['gradual', 'gradual']",2,4,0,2,gradual_end,"[2454, 4853]","[4891, 2491]",6146,0.1,614,2,0,2
6068,log_1316_1708943021.xes,0.3,na,"['gradual', 'gradual', 'gradual']",3,6,0,3,no_drift,[],[],6429,0.1,642,0,0,0
6069,log_1316_1708943021.xes,0.3,na,"['gradual', 'gradual', 'gradual']",3,6,0,3,sudden,[],[],6429,0.1,642,0,0,0
6070,log_1316_1708943021.xes,0.3,na,"['gradual', 'gradual', 'gradual']",3,6,0,3,gradual_start,"[1052, 2513, 4473]","[4449, 2497]",6429,0.1,642,2,0,3
6071,log_1316_1708943021.xes,0.3,na,"['gradual', 'gradual', 'gradual']",3,6,0,3,gradual_end,"[1469, 3101, 5038]","[5025, 3105]",6429,0.1,642,2,0,3
6072,log_1688_1708943019.xes,0.0,na,"['sudden', 'sudden', 'sudden']",3,3,3,0,no_drift,[],[],6202,0.1,620,0,0,0
6073,log_1688_1708943019.xes,0.0,na,"['sudden', 'sudden', 'sudden']",3,3,3,0,sudden,"[1282, 2737, 4258]","[2698, 4248]",6202,0.1,620,2,0,3
6074,log_1688_1708943019.xes,0.0,na,"['sudden', 'sudden', 'sudden']",3,3,3,0,gradual_start,[],[],6202,0.1,620,0,0,0
6075,log_1688_1708943019.xes,0.0,na,"['sudden', 'sudden', 'sudden']",3,3,3,0,gradual_end,[],[],6202,0.1,620,0,0,0
6076,log_1208_1708943027.xes,0.6,na,['gradual'],1,2,0,1,no_drift,[],[],2513,0.1,251,0,0,0
6077,log_1208_1708943027.xes,0.6,na,['gradual'],1,2,0,1,sudden,[],[],2513,0.1,251,0,0,0
6078,log_1208_1708943027.xes,0.6,na,['gradual'],1,2,0,1,gradual_start,[1002],[1009],2513,0.1,251,1,0,1
6079,log_1208_1708943027.xes,0.6,na,['gradual'],1,2,0,1,gradual_end,[1440],[1405],2513,0.1,251,1,0,1
6080,log_1617_1708943019.xes,0.0,na,"['gradual', 'gradual', 'gradual']",3,6,0,3,no_drift,[],[],8055,0.1,805,0,0,0
6081,log_1617_1708943019.xes,0.0,na,"['gradual', 'gradual', 'gradual']",3,6,0,3,sudden,[],[],8055,0.1,805,0,0,0
6082,log_1617_1708943019.xes,0.0,na,"['gradual', 'gradual', 'gradual']",3,6,0,3,gradual_start,"[1771, 4081, 5760]",[5761],8055,0.1,805,1,0,3
6083,log_1617_1708943019.xes,0.0,na,"['gradual', 'gradual', 'gradual']",3,6,0,3,gradual_end,"[2324, 4426, 6170]",[6161],8055,0.1,805,1,0,3
6084,log_1245_1708943022.xes,0.0,na,"['gradual', 'sudden', 'gradual']",3,5,1,2,no_drift,[],[],5975,0.1,597,0,0,0
6085,log_1245_1708943022.xes,0.0,na,"['gradual', 'sudden', 'gradual']",3,5,1,2,sudden,[3042],[3017],5975,0.1,597,1,0,1
6086,log_1245_1708943022.xes,0.0,na,"['gradual', 'sudden', 'gradual']",3,5,1,2,gradual_start,"[1281, 4117]","[1277, 4090]",5975,0.1,597,2,0,2
6087,log_1245_1708943022.xes,0.0,na,"['gradual', 'sudden', 'gradual']",3,5,1,2,gradual_end,"[1823, 4492]","[1799, 4438]",5975,0.1,597,2,0,2
6088,log_1131_1708943022.xes,0.0,na,['gradual'],1,2,0,1,no_drift,[],[],3814,0.1,381,0,0,0
6089,log_1131_1708943022.xes,0.0,na,['gradual'],1,2,0,1,sudden,[],[],3814,0.1,381,0,0,0
6090,log_1131_1708943022.xes,0.0,na,['gradual'],1,2,0,1,gradual_start,[1620],[1578],3814,0.1,381,1,0,1
6091,log_1131_1708943022.xes,0.0,na,['gradual'],1,2,0,1,gradual_end,[2070],[2053],3814,0.1,381,1,0,1
6092,log_1246_1708943028.xes,0.0,na,['sudden'],1,1,1,0,no_drift,[],[0],2917,0.1,291,0,1,0
6093,log_1246_1708943028.xes,0.0,na,['sudden'],1,1,1,0,sudden,[1137],[],2917,0.1,291,0,0,1
6094,log_1246_1708943028.xes,0.0,na,['sudden'],1,1,1,0,gradual_start,[],[],2917,0.1,291,0,0,0
6095,log_1246_1708943028.xes,0.0,na,['sudden'],1,1,1,0,gradual_end,[],[],2917,0.1,291,0,0,0
6096,log_1209_1708943029.xes,0.0,na,[],0,0,0,0,no_drift,[0],[0],1548,0.1,154,1,0,1
6097,log_1209_1708943029.xes,0.0,na,[],0,0,0,0,sudden,[],[],1548,0.1,154,0,0,0
6098,log_1209_1708943029.xes,0.0,na,[],0,0,0,0,gradual_start,[],[],1548,0.1,154,0,0,0
6099,log_1209_1708943029.xes,0.0,na,[],0,0,0,0,gradual_end,[],[],1548,0.1,154,0,0,0
6100,log_1359_1708943027.xes,0.0,na,[],0,0,0,0,no_drift,[0],[0],6960,0.1,696,1,0,1
6101,log_1359_1708943027.xes,0.0,na,[],0,0,0,0,sudden,[],[],6960,0.1,696,0,0,0
6102,log_1359_1708943027.xes,0.0,na,[],0,0,0,0,gradual_start,[],[],6960,0.1,696,0,0,0
6103,log_1359_1708943027.xes,0.0,na,[],0,0,0,0,gradual_end,[],[],6960,0.1,696,0,0,0
6104,log_1727_1708943026.xes,0.0,na,[],0,0,0,0,no_drift,[0],[0],3328,0.1,332,1,0,1
6105,log_1727_1708943026.xes,0.0,na,[],0,0,0,0,sudden,[],[],3328,0.1,332,0,0,0
6106,log_1727_1708943026.xes,0.0,na,[],0,0,0,0,gradual_start,[],[],3328,0.1,332,0,0,0
6107,log_1727_1708943026.xes,0.0,na,[],0,0,0,0,gradual_end,[],[],3328,0.1,332,0,0,0
6108,log_982_1708943027.xes,0.6,na,[],0,0,0,0,no_drift,[0],[0],4692,0.1,469,1,0,1
6109,log_982_1708943027.xes,0.6,na,[],0,0,0,0,sudden,[],[],4692,0.1,469,0,0,0
6110,log_982_1708943027.xes,0.6,na,[],0,0,0,0,gradual_start,[],[],4692,0.1,469,0,0,0
6111,log_982_1708943027.xes,0.6,na,[],0,0,0,0,gradual_end,[],[],4692,0.1,469,0,0,0
6112,log_1728_1708943028.xes,0.0,na,['sudden'],1,1,1,0,no_drift,[],[0],2832,0.1,283,0,1,0
6113,log_1728_1708943028.xes,0.0,na,['sudden'],1,1,1,0,sudden,[1591],[],2832,0.1,283,0,0,1
6114,log_1728_1708943028.xes,0.0,na,['sudden'],1,1,1,0,gradual_start,[],[],2832,0.1,283,0,0,0
6115,log_1728_1708943028.xes,0.0,na,['sudden'],1,1,1,0,gradual_end,[],[],2832,0.1,283,0,0,0
6116,log_1877_1708943019.xes,0.0,na,"['gradual', 'gradual', 'sudden']",3,5,1,2,no_drift,[],[],7187,0.1,718,0,0,0
6117,log_1877_1708943019.xes,0.0,na,"['gradual', 'gradual', 'sudden']",3,5,1,2,sudden,[5477],[5461],7187,0.1,718,1,0,1
6118,log_1877_1708943019.xes,0.0,na,"['gradual', 'gradual', 'sudden']",3,5,1,2,gradual_start,"[1549, 3873]",[3816],7187,0.1,718,1,0,2
6119,log_1877_1708943019.xes,0.0,na,"['gradual', 'gradual', 'sudden']",3,5,1,2,gradual_end,"[2028, 4197]",[4166],7187,0.1,718,1,0,2
6120,log_1838_1708943028.xes,0.0,na,[],0,0,0,0,no_drift,[0],[0],1576,0.1,157,1,0,1
6121,log_1838_1708943028.xes,0.0,na,[],0,0,0,0,sudden,[],[],1576,0.1,157,0,0,0
6122,log_1838_1708943028.xes,0.0,na,[],0,0,0,0,gradual_start,[],[],1576,0.1,157,0,0,0
6123,log_1838_1708943028.xes,0.0,na,[],0,0,0,0,gradual_end,[],[],1576,0.1,157,0,0,0
6124,log_1618_1708943028.xes,0.6,na,['gradual'],1,2,0,1,no_drift,[],[],3892,0.1,389,0,0,0
6125,log_1618_1708943028.xes,0.6,na,['gradual'],1,2,0,1,sudden,[],[],3892,0.1,389,0,0,0
6126,log_1618_1708943028.xes,0.6,na,['gradual'],1,2,0,1,gradual_start,[1790],[1787],3892,0.1,389,1,0,1
6127,log_1618_1708943028.xes,0.6,na,['gradual'],1,2,0,1,gradual_end,[2193],[2224],3892,0.1,389,1,0,1
6128,log_1088_1708943022.xes,0.6,na,"['sudden', 'gradual']",2,3,1,1,no_drift,[],[],4779,0.1,477,0,0,0
6129,log_1088_1708943022.xes,0.6,na,"['sudden', 'gradual']",2,3,1,1,sudden,[1851],[1841],4779,0.1,477,1,0,1
6130,log_1088_1708943022.xes,0.6,na,"['sudden', 'gradual']",2,3,1,1,gradual_start,[2990],[2968],4779,0.1,477,1,0,1
6131,log_1088_1708943022.xes,0.6,na,"['sudden', 'gradual']",2,3,1,1,gradual_end,[3568],[3497],4779,0.1,477,1,0,1
6132,log_1285_1708943026.xes,0.3,na,"['sudden', 'sudden', 'sudden']",3,3,3,0,no_drift,[],[],5495,0.1,549,0,0,0
6133,log_1285_1708943026.xes,0.3,na,"['sudden', 'sudden', 'sudden']",3,3,3,0,sudden,"[1598, 3143, 4333]","[3133, 4321, 1594]",5495,0.1,549,3,0,3
6134,log_1285_1708943026.xes,0.3,na,"['sudden', 'sudden', 'sudden']",3,3,3,0,gradual_start,[],[],5495,0.1,549,0,0,0
6135,log_1285_1708943026.xes,0.3,na,"['sudden', 'sudden', 'sudden']",3,3,3,0,gradual_end,[],[],5495,0.1,549,0,0,0
6136,log_1050_1708943014.xes,0.0,na,"['sudden', 'sudden', 'sudden']",3,3,3,0,no_drift,[],[],6771,0.1,677,0,0,0
6137,log_1050_1708943014.xes,0.0,na,"['sudden', 'sudden', 'sudden']",3,3,3,0,sudden,"[1613, 3411, 4821]","[3400, 1585, 4819]",6771,0.1,677,3,0,3
6138,log_1050_1708943014.xes,0.0,na,"['sudden', 'sudden', 'sudden']",3,3,3,0,gradual_start,[],[],6771,0.1,677,0,0,0
6139,log_1050_1708943014.xes,0.0,na,"['sudden', 'sudden', 'sudden']",3,3,3,0,gradual_end,[],[],6771,0.1,677,0,0,0
6140,log_1247_1708943030.xes,0.0,na,[],0,0,0,0,no_drift,[0],[0],1262,0.1,126,1,0,1
6141,log_1247_1708943030.xes,0.0,na,[],0,0,0,0,sudden,[],[],1262,0.1,126,0,0,0
6142,log_1247_1708943030.xes,0.0,na,[],0,0,0,0,gradual_start,[],[],1262,0.1,126,0,0,0
6143,log_1247_1708943030.xes,0.0,na,[],0,0,0,0,gradual_end,[],[],1262,0.1,126,0,0,0
6144,log_1878_1708943028.xes,0.3,na,['gradual'],1,2,0,1,no_drift,[],[],3622,0.1,362,0,0,0
6145,log_1878_1708943028.xes,0.3,na,['gradual'],1,2,0,1,sudden,[],[],3622,0.1,362,0,0,0
6146,log_1878_1708943028.xes,0.3,na,['gradual'],1,2,0,1,gradual_start,[1702],[1711],3622,0.1,362,1,0,1
6147,log_1878_1708943028.xes,0.3,na,['gradual'],1,2,0,1,gradual_end,[2072],[2107],3622,0.1,362,1,0,1
6148,log_1051_1708943029.xes,0.6,na,['sudden'],1,1,1,0,no_drift,[],[],2731,0.1,273,0,0,0
6149,log_1051_1708943029.xes,0.6,na,['sudden'],1,1,1,0,sudden,[1146],[1145],2731,0.1,273,1,0,1
6150,log_1051_1708943029.xes,0.6,na,['sudden'],1,1,1,0,gradual_start,[],[],2731,0.1,273,0,0,0
6151,log_1051_1708943029.xes,0.6,na,['sudden'],1,1,1,0,gradual_end,[],[],2731,0.1,273,0,0,0
6152,log_1360_1708943029.xes,0.3,na,['gradual'],1,2,0,1,no_drift,[],[0],3127,0.1,312,0,1,0
6153,log_1360_1708943029.xes,0.3,na,['gradual'],1,2,0,1,sudden,[],[],3127,0.1,312,0,0,0
6154,log_1360_1708943029.xes,0.3,na,['gradual'],1,2,0,1,gradual_start,[1068],[],3127,0.1,312,0,0,1
6155,log_1360_1708943029.xes,0.3,na,['gradual'],1,2,0,1,gradual_end,[1409],[],3127,0.1,312,0,0,1
6156,log_1805_1708943028.xes,0.6,na,['gradual'],1,2,0,1,no_drift,[],[],3726,0.1,372,0,0,0
6157,log_1805_1708943028.xes,0.6,na,['gradual'],1,2,0,1,sudden,[],[],3726,0.1,372,0,0,0
6158,log_1805_1708943028.xes,0.6,na,['gradual'],1,2,0,1,gradual_start,[1985],[1945],3726,0.1,372,1,0,1
6159,log_1805_1708943028.xes,0.6,na,['gradual'],1,2,0,1,gradual_end,[2324],[2305],3726,0.1,372,1,0,1
6160,log_1689_1708943028.xes,0.3,na,"['gradual', 'gradual']",2,4,0,2,no_drift,[],[],4910,0.1,491,0,0,0
6161,log_1689_1708943028.xes,0.3,na,"['gradual', 'gradual']",2,4,0,2,sudden,[],[],4910,0.1,491,0,0,0
6162,log_1689_1708943028.xes,0.3,na,"['gradual', 'gradual']",2,4,0,2,gradual_start,"[1387, 2948]","[2929, 1369]",4910,0.1,491,2,0,2
6163,log_1689_1708943028.xes,0.3,na,"['gradual', 'gradual']",2,4,0,2,gradual_end,"[1720, 3285]","[3313, 1705]",4910,0.1,491,2,0,2
6164,log_1132_1708943029.xes,0.0,na,['gradual'],1,2,0,1,no_drift,[],[],3881,0.1,388,0,0,0
6165,log_1132_1708943029.xes,0.0,na,['gradual'],1,2,0,1,sudden,[],[],3881,0.1,388,0,0,0
6166,log_1132_1708943029.xes,0.0,na,['gradual'],1,2,0,1,gradual_start,[1969],[1882],3881,0.1,388,1,0,1
6167,log_1132_1708943029.xes,0.0,na,['gradual'],1,2,0,1,gradual_end,[2369],[2376],3881,0.1,388,1,0,1
6168,log_1578_1708943020.xes,0.0,na,[],0,0,0,0,no_drift,[0],[0],4700,0.1,470,1,0,1
6169,log_1578_1708943020.xes,0.0,na,[],0,0,0,0,sudden,[],[],4700,0.1,470,0,0,0
6170,log_1578_1708943020.xes,0.0,na,[],0,0,0,0,gradual_start,[],[],4700,0.1,470,0,0,0
6171,log_1578_1708943020.xes,0.0,na,[],0,0,0,0,gradual_end,[],[],4700,0.1,470,0,0,0
6172,log_1467_1708943021.xes,0.0,na,"['gradual', 'sudden', 'gradual']",3,5,1,2,no_drift,[],[],7937,0.1,793,0,0,0
6173,log_1467_1708943021.xes,0.0,na,"['gradual', 'sudden', 'gradual']",3,5,1,2,sudden,[4292],"[4252, 6085]",7937,0.1,793,1,1,1
6174,log_1467_1708943021.xes,0.0,na,"['gradual', 'sudden', 'gradual']",3,5,1,2,gradual_start,"[1746, 6098]",[],7937,0.1,793,0,0,2
6175,log_1467_1708943021.xes,0.0,na,"['gradual', 'sudden', 'gradual']",3,5,1,2,gradual_end,"[2307, 6552]",[],7937,0.1,793,0,0,2
6176,log_1052_1708943031.xes,0.0,na,[],0,0,0,0,no_drift,[0],[0],1028,0.1,102,1,0,1
6177,log_1052_1708943031.xes,0.0,na,[],0,0,0,0,sudden,[],[],1028,0.1,102,0,0,0
6178,log_1052_1708943031.xes,0.0,na,[],0,0,0,0,gradual_start,[],[],1028,0.1,102,0,0,0
6179,log_1052_1708943031.xes,0.0,na,[],0,0,0,0,gradual_end,[],[],1028,0.1,102,0,0,0
6180,log_1654_1708943028.xes,0.0,na,"['gradual', 'gradual', 'gradual']",3,6,0,3,no_drift,[],[],7915,0.1,791,0,0,0
6181,log_1654_1708943028.xes,0.0,na,"['gradual', 'gradual', 'gradual']",3,6,0,3,sudden,[],[],7915,0.1,791,0,0,0
6182,log_1654_1708943028.xes,0.0,na,"['gradual', 'gradual', 'gradual']",3,6,0,3,gradual_start,"[1930, 3507, 5711]","[1873, 3472]",7915,0.1,791,2,0,3
6183,log_1654_1708943028.xes,0.0,na,"['gradual', 'gradual', 'gradual']",3,6,0,3,gradual_end,"[2365, 4014, 6054]","[2302, 3979]",7915,0.1,791,2,0,3
6184,log_1806_1708943031.xes,0.6,na,['gradual'],1,2,0,1,no_drift,[],[],3371,0.1,337,0,0,0
6185,log_1806_1708943031.xes,0.6,na,['gradual'],1,2,0,1,sudden,[],[],3371,0.1,337,0,0,0
6186,log_1806_1708943031.xes,0.6,na,['gradual'],1,2,0,1,gradual_start,[1014],[1089],3371,0.1,337,1,0,1
6187,log_1806_1708943031.xes,0.6,na,['gradual'],1,2,0,1,gradual_end,[1552],[1553],3371,0.1,337,1,0,1
6188,log_1879_1708943031.xes,0.3,na,[],0,0,0,0,no_drift,[0],[0],3560,0.1,356,1,0,1
6189,log_1879_1708943031.xes,0.3,na,[],0,0,0,0,sudden,[],[],3560,0.1,356,0,0,0
6190,log_1879_1708943031.xes,0.3,na,[],0,0,0,0,gradual_start,[],[],3560,0.1,356,0,0,0
6191,log_1879_1708943031.xes,0.3,na,[],0,0,0,0,gradual_end,[],[],3560,0.1,356,0,0,0
6192,log_1317_1708943029.xes,0.0,na,['sudden'],1,1,1,0,no_drift,[],[0],2505,0.1,250,0,1,0
6193,log_1317_1708943029.xes,0.0,na,['sudden'],1,1,1,0,sudden,[1130],[],2505,0.1,250,0,0,1
6194,log_1317_1708943029.xes,0.0,na,['sudden'],1,1,1,0,gradual_start,[],[],2505,0.1,250,0,0,0
6195,log_1317_1708943029.xes,0.0,na,['sudden'],1,1,1,0,gradual_end,[],[],2505,0.1,250,0,0,0
6196,log_1053_1708943033.xes,0.0,na,['sudden'],1,1,1,0,no_drift,[],[],2902,0.1,290,0,0,0
6197,log_1053_1708943033.xes,0.0,na,['sudden'],1,1,1,0,sudden,[1559],[1541],2902,0.1,290,1,0,1
6198,log_1053_1708943033.xes,0.0,na,['sudden'],1,1,1,0,gradual_start,[],[],2902,0.1,290,0,0,0
6199,log_1053_1708943033.xes,0.0,na,['sudden'],1,1,1,0,gradual_end,[],[],2902,0.1,290,0,0,0
6200,log_1729_1708943030.xes,0.0,na,[],0,0,0,0,no_drift,[0],[0],1651,0.1,165,1,0,1
6201,log_1729_1708943030.xes,0.0,na,[],0,0,0,0,sudden,[],[],1651,0.1,165,0,0,0
6202,log_1729_1708943030.xes,0.0,na,[],0,0,0,0,gradual_start,[],[],1651,0.1,165,0,0,0
6203,log_1729_1708943030.xes,0.0,na,[],0,0,0,0,gradual_end,[],[],1651,0.1,165,0,0,0
6204,log_1764_1708943021.xes,0.6,na,"['gradual', 'gradual']",2,4,0,2,no_drift,[],[],6429,0.1,642,0,0,0
6205,log_1764_1708943021.xes,0.6,na,"['gradual', 'gradual']",2,4,0,2,sudden,[],[],6429,0.1,642,0,0,0
6206,log_1764_1708943021.xes,0.6,na,"['gradual', 'gradual']",2,4,0,2,gradual_start,"[1866, 4134]","[4129, 1857]",6429,0.1,642,2,0,2
6207,log_1764_1708943021.xes,0.6,na,"['gradual', 'gradual']",2,4,0,2,gradual_end,"[2208, 4600]","[4609, 2209]",6429,0.1,642,2,0,2
6208,log_1286_1708943030.xes,0.0,na,['gradual'],1,2,0,1,no_drift,[],[],2898,0.1,289,0,0,0
6209,log_1286_1708943030.xes,0.0,na,['gradual'],1,2,0,1,sudden,[],[],2898,0.1,289,0,0,0
6210,log_1286_1708943030.xes,0.0,na,['gradual'],1,2,0,1,gradual_start,[1156],[1135],2898,0.1,289,1,0,1
6211,log_1286_1708943030.xes,0.0,na,['gradual'],1,2,0,1,gradual_end,[1624],[1611],2898,0.1,289,1,0,1
6212,log_1430_1708943028.xes,0.0,na,['sudden'],1,1,1,0,no_drift,[],[],2976,0.1,297,0,0,0
6213,log_1430_1708943028.xes,0.0,na,['sudden'],1,1,1,0,sudden,[1092],[1079],2976,0.1,297,1,0,1
6214,log_1430_1708943028.xes,0.0,na,['sudden'],1,1,1,0,gradual_start,[],[],2976,0.1,297,0,0,0
6215,log_1430_1708943028.xes,0.0,na,['sudden'],1,1,1,0,gradual_end,[],[],2976,0.1,297,0,0,0
6216,log_1287_1708943034.xes,0.3,na,['sudden'],1,1,1,0,no_drift,[],[0],2426,0.1,242,0,1,0
6217,log_1287_1708943034.xes,0.3,na,['sudden'],1,1,1,0,sudden,[1307],[],2426,0.1,242,0,0,1
6218,log_1287_1708943034.xes,0.3,na,['sudden'],1,1,1,0,gradual_start,[],[],2426,0.1,242,0,0,0
6219,log_1287_1708943034.xes,0.3,na,['sudden'],1,1,1,0,gradual_end,[],[],2426,0.1,242,0,0,0
6220,log_1839_1708943030.xes,0.0,na,['gradual'],1,2,0,1,no_drift,[],[],3111,0.1,311,0,0,0
6221,log_1839_1708943030.xes,0.0,na,['gradual'],1,2,0,1,sudden,[],[],3111,0.1,311,0,0,0
6222,log_1839_1708943030.xes,0.0,na,['gradual'],1,2,0,1,gradual_start,[1573],[1546],3111,0.1,311,1,0,1
6223,log_1839_1708943030.xes,0.0,na,['gradual'],1,2,0,1,gradual_end,[1966],[1936],3111,0.1,311,1,0,1
6224,log_1133_1708943033.xes,0.3,na,['gradual'],1,2,0,1,no_drift,[],[],3437,0.1,343,0,0,0
6225,log_1133_1708943033.xes,0.3,na,['gradual'],1,2,0,1,sudden,[],[],3437,0.1,343,0,0,0
6226,log_1133_1708943033.xes,0.3,na,['gradual'],1,2,0,1,gradual_start,[1333],[1395],3437,0.1,343,1,0,1
6227,log_1133_1708943033.xes,0.3,na,['gradual'],1,2,0,1,gradual_end,[1932],[1956],3437,0.1,343,1,0,1
6228,log_1210_1708943030.xes,0.6,na,"['sudden', 'gradual']",2,3,1,1,no_drift,[],[],5537,0.1,553,0,0,0
6229,log_1210_1708943030.xes,0.6,na,"['sudden', 'gradual']",2,3,1,1,sudden,[1485],[],5537,0.1,553,0,0,1
6230,log_1210_1708943030.xes,0.6,na,"['sudden', 'gradual']",2,3,1,1,gradual_start,[3437],[3430],5537,0.1,553,1,0,1
6231,log_1210_1708943030.xes,0.6,na,"['sudden', 'gradual']",2,3,1,1,gradual_end,[3823],[3808],5537,0.1,553,1,0,1
6232,log_1880_1708943032.xes,0.6,na,[],0,0,0,0,no_drift,[0],[0],5168,0.1,516,1,0,1
6233,log_1880_1708943032.xes,0.6,na,[],0,0,0,0,sudden,[],[],5168,0.1,516,0,0,0
6234,log_1880_1708943032.xes,0.6,na,[],0,0,0,0,gradual_start,[],[],5168,0.1,516,0,0,0
6235,log_1880_1708943032.xes,0.6,na,[],0,0,0,0,gradual_end,[],[],5168,0.1,516,0,0,0
6236,log_1731_1708943037.xes,0.0,na,['gradual'],1,2,0,1,no_drift,[],[],2935,0.1,293,0,0,0
6237,log_1731_1708943037.xes,0.0,na,['gradual'],1,2,0,1,sudden,[],[],2935,0.1,293,0,0,0
6238,log_1731_1708943037.xes,0.0,na,['gradual'],1,2,0,1,gradual_start,[1463],[1555],2935,0.1,293,1,0,1
6239,log_1731_1708943037.xes,0.0,na,['gradual'],1,2,0,1,gradual_end,[1794],[1933],2935,0.1,293,1,0,1
6240,log_1248_1708943031.xes,0.0,na,['sudden'],1,1,1,0,no_drift,[],[],2687,0.1,268,0,0,0
6241,log_1248_1708943031.xes,0.0,na,['sudden'],1,1,1,0,sudden,[1099],[1093],2687,0.1,268,1,0,1
6242,log_1248_1708943031.xes,0.0,na,['sudden'],1,1,1,0,gradual_start,[],[],2687,0.1,268,0,0,0
6243,log_1248_1708943031.xes,0.0,na,['sudden'],1,1,1,0,gradual_end,[],[],2687,0.1,268,0,0,0
6244,log_1288_1708943036.xes,0.0,na,"['gradual', 'gradual']",2,4,0,2,no_drift,[],[],5373,0.1,537,0,0,0
6245,log_1288_1708943036.xes,0.0,na,"['gradual', 'gradual']",2,4,0,2,sudden,[],[],5373,0.1,537,0,0,0
6246,log_1288_1708943036.xes,0.0,na,"['gradual', 'gradual']",2,4,0,2,gradual_start,"[1378, 3061]","[3043, 1405]",5373,0.1,537,2,0,2
6247,log_1288_1708943036.xes,0.0,na,"['gradual', 'gradual']",2,4,0,2,gradual_end,"[1963, 3610]","[3589, 1951]",5373,0.1,537,2,0,2
6248,log_1393_1708943022.xes,0.6,na,"['gradual', 'sudden']",2,3,1,1,no_drift,[],[],4891,0.1,489,0,0,0
6249,log_1393_1708943022.xes,0.6,na,"['gradual', 'sudden']",2,3,1,1,sudden,[3262],[3241],4891,0.1,489,1,0,1
6250,log_1393_1708943022.xes,0.6,na,"['gradual', 'sudden']",2,3,1,1,gradual_start,[1014],[1057],4891,0.1,489,1,0,1
6251,log_1393_1708943022.xes,0.6,na,"['gradual', 'sudden']",2,3,1,1,gradual_end,[1536],[1489],4891,0.1,489,1,0,1
6252,log_1543_1708943027.xes,0.3,na,"['sudden', 'gradual', 'sudden']",3,4,2,1,no_drift,[],[],6008,0.1,600,0,0,0
6253,log_1543_1708943027.xes,0.3,na,"['sudden', 'gradual', 'sudden']",3,4,2,1,sudden,"[1199, 4275]","[4261, 1171]",6008,0.1,600,2,0,2
6254,log_1543_1708943027.xes,0.3,na,"['sudden', 'gradual', 'sudden']",3,4,2,1,gradual_start,[2593],[],6008,0.1,600,0,0,1
6255,log_1543_1708943027.xes,0.3,na,"['sudden', 'gradual', 'sudden']",3,4,2,1,gradual_end,[2986],[],6008,0.1,600,0,0,1
6256,log_1167_1708943016.xes,0.6,na,"['sudden', 'gradual', 'gradual']",3,5,1,2,no_drift,[],[],7531,0.1,753,0,0,0
6257,log_1167_1708943016.xes,0.6,na,"['sudden', 'gradual', 'gradual']",3,5,1,2,sudden,[1812],[1777],7531,0.1,753,1,0,1
6258,log_1167_1708943016.xes,0.6,na,"['sudden', 'gradual', 'gradual']",3,5,1,2,gradual_start,"[3283, 5235]","[5218, 3294]",7531,0.1,753,2,0,2
6259,log_1167_1708943016.xes,0.6,na,"['sudden', 'gradual', 'gradual']",3,5,1,2,gradual_end,"[3673, 5671]","[5662, 3664]",7531,0.1,753,2,0,2
6260,log_1361_1708943031.xes,0.3,na,[],0,0,0,0,no_drift,[0],[0],2606,0.1,260,1,0,1
6261,log_1361_1708943031.xes,0.3,na,[],0,0,0,0,sudden,[],[],2606,0.1,260,0,0,0
6262,log_1361_1708943031.xes,0.3,na,[],0,0,0,0,gradual_start,[],[],2606,0.1,260,0,0,0
6263,log_1361_1708943031.xes,0.3,na,[],0,0,0,0,gradual_end,[],[],2606,0.1,260,0,0,0
6264,log_1468_1708943031.xes,0.3,na,"['sudden', 'gradual', 'gradual']",3,5,1,2,no_drift,[],[],6768,0.1,676,0,0,0
6265,log_1468_1708943031.xes,0.3,na,"['sudden', 'gradual', 'gradual']",3,5,1,2,sudden,[1005],[991],6768,0.1,676,1,0,1
6266,log_1468_1708943031.xes,0.3,na,"['sudden', 'gradual', 'gradual']",3,5,1,2,gradual_start,"[2862, 4461]","[4456, 2872]",6768,0.1,676,2,0,2
6267,log_1468_1708943031.xes,0.3,na,"['sudden', 'gradual', 'gradual']",3,5,1,2,gradual_end,"[3222, 4958]","[4951, 3202]",6768,0.1,676,2,0,2
6268,log_1249_1708943035.xes,0.0,na,['sudden'],1,1,1,0,no_drift,[],[0],2907,0.1,290,0,1,0
6269,log_1249_1708943035.xes,0.0,na,['sudden'],1,1,1,0,sudden,[1350],[],2907,0.1,290,0,0,1
6270,log_1249_1708943035.xes,0.0,na,['sudden'],1,1,1,0,gradual_start,[],[],2907,0.1,290,0,0,0
6271,log_1249_1708943035.xes,0.0,na,['sudden'],1,1,1,0,gradual_end,[],[],2907,0.1,290,0,0,0
6272,log_1730_1708943033.xes,0.3,na,['gradual'],1,2,0,1,no_drift,[],[],3430,0.1,343,0,0,0
6273,log_1730_1708943033.xes,0.3,na,['gradual'],1,2,0,1,sudden,[],[],3430,0.1,343,0,0,0
6274,log_1730_1708943033.xes,0.3,na,['gradual'],1,2,0,1,gradual_start,[1482],[1497],3430,0.1,343,1,0,1
6275,log_1730_1708943033.xes,0.3,na,['gradual'],1,2,0,1,gradual_end,[1794],[1803],3430,0.1,343,1,0,1
6276,log_1318_1708943032.xes,0.6,na,[],0,0,0,0,no_drift,[0],[0],6308,0.1,630,1,0,1
6277,log_1318_1708943032.xes,0.6,na,[],0,0,0,0,sudden,[],[],6308,0.1,630,0,0,0
6278,log_1318_1708943032.xes,0.6,na,[],0,0,0,0,gradual_start,[],[],6308,0.1,630,0,0,0
6279,log_1318_1708943032.xes,0.6,na,[],0,0,0,0,gradual_end,[],[],6308,0.1,630,0,0,0
6280,log_1211_1708943034.xes,0.6,na,['gradual'],1,2,0,1,no_drift,[],[],3254,0.1,325,0,0,0
6281,log_1211_1708943034.xes,0.6,na,['gradual'],1,2,0,1,sudden,[],[],3254,0.1,325,0,0,0
6282,log_1211_1708943034.xes,0.6,na,['gradual'],1,2,0,1,gradual_start,[1788],[1713],3254,0.1,325,1,0,1
6283,log_1211_1708943034.xes,0.6,na,['gradual'],1,2,0,1,gradual_end,[2243],[2257],3254,0.1,325,1,0,1
6284,log_1431_1708943034.xes,0.3,na,[],0,0,0,0,no_drift,[0],[0],1857,0.1,185,1,0,1
6285,log_1431_1708943034.xes,0.3,na,[],0,0,0,0,sudden,[],[],1857,0.1,185,0,0,0
6286,log_1431_1708943034.xes,0.3,na,[],0,0,0,0,gradual_start,[],[],1857,0.1,185,0,0,0
6287,log_1431_1708943034.xes,0.3,na,[],0,0,0,0,gradual_end,[],[],1857,0.1,185,0,0,0
6288,log_1394_1708943034.xes,0.6,na,"['gradual', 'sudden']",2,3,1,1,no_drift,[],[],4105,0.1,410,0,0,0
6289,log_1394_1708943034.xes,0.6,na,"['gradual', 'sudden']",2,3,1,1,sudden,[2914],[2901],4105,0.1,410,1,0,1
6290,log_1394_1708943034.xes,0.6,na,"['gradual', 'sudden']",2,3,1,1,gradual_start,[1040],[1021],4105,0.1,410,1,0,1
6291,log_1394_1708943034.xes,0.6,na,"['gradual', 'sudden']",2,3,1,1,gradual_end,[1624],[1621],4105,0.1,410,1,0,1
6292,log_983_1708943031.xes,0.6,na,"['gradual', 'sudden', 'sudden']",3,4,2,1,no_drift,[],[],7122,0.1,712,0,0,0
6293,log_983_1708943031.xes,0.6,na,"['gradual', 'sudden', 'sudden']",3,4,2,1,sudden,"[3326, 5195]","[5181, 3291]",7122,0.1,712,2,0,2
6294,log_983_1708943031.xes,0.6,na,"['gradual', 'sudden', 'sudden']",3,4,2,1,gradual_start,[1615],[1576],7122,0.1,712,1,0,1
6295,log_983_1708943031.xes,0.6,na,"['gradual', 'sudden', 'sudden']",3,4,2,1,gradual_end,[2061],[2066],7122,0.1,712,1,0,1
6296,log_1508_1708943027.xes,0.3,na,"['sudden', 'sudden', 'gradual']",3,4,2,1,no_drift,[],[],5418,0.1,541,0,0,0
6297,log_1508_1708943027.xes,0.3,na,"['sudden', 'sudden', 'gradual']",3,4,2,1,sudden,"[1517, 2953]","[2944, 1486]",5418,0.1,541,2,0,2
6298,log_1508_1708943027.xes,0.3,na,"['sudden', 'sudden', 'gradual']",3,4,2,1,gradual_start,[3963],[],5418,0.1,541,0,0,1
6299,log_1508_1708943027.xes,0.3,na,"['sudden', 'sudden', 'gradual']",3,4,2,1,gradual_end,[4288],[],5418,0.1,541,0,0,1
6300,log_1022_1708943026.xes,0.6,na,"['sudden', 'gradual', 'gradual']",3,5,1,2,no_drift,[],[],6899,0.1,689,0,0,0
6301,log_1022_1708943026.xes,0.6,na,"['sudden', 'gradual', 'gradual']",3,5,1,2,sudden,[1136],[1089],6899,0.1,689,1,0,1
6302,log_1022_1708943026.xes,0.6,na,"['sudden', 'gradual', 'gradual']",3,5,1,2,gradual_start,"[3118, 5417]",[5407],6899,0.1,689,1,0,2
6303,log_1022_1708943026.xes,0.6,na,"['sudden', 'gradual', 'gradual']",3,5,1,2,gradual_end,"[3571, 5870]",[5849],6899,0.1,689,1,0,2
6304,log_1655_1708943033.xes,0.3,na,"['gradual', 'sudden', 'sudden']",3,4,2,1,no_drift,[],[],6386,0.1,638,0,0,0
6305,log_1655_1708943033.xes,0.3,na,"['gradual', 'sudden', 'sudden']",3,4,2,1,sudden,"[3463, 5057]","[5023, 3442]",6386,0.1,638,2,0,2
6306,log_1655_1708943033.xes,0.3,na,"['gradual', 'sudden', 'sudden']",3,4,2,1,gradual_start,[1910],[1892],6386,0.1,638,1,0,1
6307,log_1655_1708943033.xes,0.3,na,"['gradual', 'sudden', 'sudden']",3,4,2,1,gradual_end,[2254],[2233],6386,0.1,638,1,0,1
6308,log_1544_1708943035.xes,0.0,na,[],0,0,0,0,no_drift,[0],[0],4224,0.1,422,1,0,1
6309,log_1544_1708943035.xes,0.0,na,[],0,0,0,0,sudden,[],[],4224,0.1,422,0,0,0
6310,log_1544_1708943035.xes,0.0,na,[],0,0,0,0,gradual_start,[],[],4224,0.1,422,0,0,0
6311,log_1544_1708943035.xes,0.0,na,[],0,0,0,0,gradual_end,[],[],4224,0.1,422,0,0,0
6312,log_1881_1708943036.xes,0.6,na,"['gradual', 'sudden']",2,3,1,1,no_drift,[],[0],4933,0.1,493,0,1,0
6313,log_1881_1708943036.xes,0.6,na,"['gradual', 'sudden']",2,3,1,1,sudden,[3602],[],4933,0.1,493,0,0,1
6314,log_1881_1708943036.xes,0.6,na,"['gradual', 'sudden']",2,3,1,1,gradual_start,[1502],[],4933,0.1,493,0,0,1
6315,log_1881_1708943036.xes,0.6,na,"['gradual', 'sudden']",2,3,1,1,gradual_end,[1942],[],4933,0.1,493,0,0,1
6316,log_1089_1708943029.xes,0.0,na,"['sudden', 'gradual', 'sudden']",3,4,2,1,no_drift,[],[],6446,0.1,644,0,0,0
6317,log_1089_1708943029.xes,0.0,na,"['sudden', 'gradual', 'sudden']",3,4,2,1,sudden,"[1741, 5102]","[5089, 1729]",6446,0.1,644,2,0,2
6318,log_1089_1708943029.xes,0.0,na,"['sudden', 'gradual', 'sudden']",3,4,2,1,gradual_start,[2843],[2817],6446,0.1,644,1,0,1
6319,log_1089_1708943029.xes,0.0,na,"['sudden', 'gradual', 'sudden']",3,4,2,1,gradual_end,[3359],[3297],6446,0.1,644,1,0,1
6320,log_1362_1708943036.xes,0.0,na,"['gradual', 'gradual']",2,4,0,2,no_drift,[],[],4705,0.1,470,0,0,0
6321,log_1362_1708943036.xes,0.0,na,"['gradual', 'gradual']",2,4,0,2,sudden,[],[],4705,0.1,470,0,0,0
6322,log_1362_1708943036.xes,0.0,na,"['gradual', 'gradual']",2,4,0,2,gradual_start,"[1176, 2841]",[1220],4705,0.1,470,1,0,2
6323,log_1362_1708943036.xes,0.0,na,"['gradual', 'gradual']",2,4,0,2,gradual_end,"[1490, 3303]",[1496],4705,0.1,470,1,0,2
6324,log_1690_1708943033.xes,0.6,na,"['sudden', 'sudden']",2,2,2,0,no_drift,[],[],5593,0.1,559,0,0,0
6325,log_1690_1708943033.xes,0.6,na,"['sudden', 'sudden']",2,2,2,0,sudden,"[1731, 3675]","[3646, 1702]",5593,0.1,559,2,0,2
6326,log_1690_1708943033.xes,0.6,na,"['sudden', 'sudden']",2,2,2,0,gradual_start,[],[],5593,0.1,559,0,0,0
6327,log_1690_1708943033.xes,0.6,na,"['sudden', 'sudden']",2,2,2,0,gradual_end,[],[],5593,0.1,559,0,0,0
6328,log_1841_1708943039.xes,0.0,na,['sudden'],1,1,1,0,no_drift,[],[],3427,0.1,342,0,0,0
6329,log_1841_1708943039.xes,0.0,na,['sudden'],1,1,1,0,sudden,[1474],[1463],3427,0.1,342,1,0,1
6330,log_1841_1708943039.xes,0.0,na,['sudden'],1,1,1,0,gradual_start,[],[],3427,0.1,342,0,0,0
6331,log_1841_1708943039.xes,0.0,na,['sudden'],1,1,1,0,gradual_end,[],[],3427,0.1,342,0,0,0
6332,log_1135_1708943042.xes,0.0,na,['sudden'],1,1,1,0,no_drift,[],[],2363,0.1,236,0,0,0
6333,log_1135_1708943042.xes,0.0,na,['sudden'],1,1,1,0,sudden,[1032],[1013],2363,0.1,236,1,0,1
6334,log_1135_1708943042.xes,0.0,na,['sudden'],1,1,1,0,gradual_start,[],[],2363,0.1,236,0,0,0
6335,log_1135_1708943042.xes,0.0,na,['sudden'],1,1,1,0,gradual_end,[],[],2363,0.1,236,0,0,0
6336,log_1883_1708943041.xes,0.6,na,['gradual'],1,2,0,1,no_drift,[],[],2987,0.1,298,0,0,0
6337,log_1883_1708943041.xes,0.6,na,['gradual'],1,2,0,1,sudden,[],[],2987,0.1,298,0,0,0
6338,log_1883_1708943041.xes,0.6,na,['gradual'],1,2,0,1,gradual_start,[1380],[1471],2987,0.1,298,1,0,1
6339,log_1883_1708943041.xes,0.6,na,['gradual'],1,2,0,1,gradual_end,[1925],[1863],2987,0.1,298,1,0,1
6340,log_1691_1708943040.xes,0.6,na,[],0,0,0,0,no_drift,[0],[0],3830,0.1,383,1,0,1
6341,log_1691_1708943040.xes,0.6,na,[],0,0,0,0,sudden,[],[],3830,0.1,383,0,0,0
6342,log_1691_1708943040.xes,0.6,na,[],0,0,0,0,gradual_start,[],[],3830,0.1,383,0,0,0
6343,log_1691_1708943040.xes,0.6,na,[],0,0,0,0,gradual_end,[],[],3830,0.1,383,0,0,0
6344,log_1840_1708943034.xes,0.0,na,"['gradual', 'sudden']",2,3,1,1,no_drift,[],[],5224,0.1,522,0,0,0
6345,log_1840_1708943034.xes,0.0,na,"['gradual', 'sudden']",2,3,1,1,sudden,[3348],[3329],5224,0.1,522,1,0,1
6346,log_1840_1708943034.xes,0.0,na,"['gradual', 'sudden']",2,3,1,1,gradual_start,[1017],[989],5224,0.1,522,1,0,1
6347,log_1840_1708943034.xes,0.0,na,"['gradual', 'sudden']",2,3,1,1,gradual_end,[1484],[1509],5224,0.1,522,1,0,1
6348,log_1432_1708943037.xes,0.0,na,"['gradual', 'gradual', 'gradual']",3,6,0,3,no_drift,[],[0],6170,0.1,617,0,1,0
6349,log_1432_1708943037.xes,0.0,na,"['gradual', 'gradual', 'gradual']",3,6,0,3,sudden,[],[],6170,0.1,617,0,0,0
6350,log_1432_1708943037.xes,0.0,na,"['gradual', 'gradual', 'gradual']",3,6,0,3,gradual_start,"[1380, 3089, 4591]",[],6170,0.1,617,0,0,3
6351,log_1432_1708943037.xes,0.0,na,"['gradual', 'gradual', 'gradual']",3,6,0,3,gradual_end,"[1848, 3424, 5045]",[],6170,0.1,617,0,0,3
6352,log_1882_1708943039.xes,0.0,na,['sudden'],1,1,1,0,no_drift,[],[],3325,0.1,332,0,0,0
6353,log_1882_1708943039.xes,0.0,na,['sudden'],1,1,1,0,sudden,[1653],[1633],3325,0.1,332,1,0,1
6354,log_1882_1708943039.xes,0.0,na,['sudden'],1,1,1,0,gradual_start,[],[],3325,0.1,332,0,0,0
6355,log_1882_1708943039.xes,0.0,na,['sudden'],1,1,1,0,gradual_end,[],[],3325,0.1,332,0,0,0
6356,log_1250_1708943037.xes,0.3,na,[],0,0,0,0,no_drift,[0],[0],1687,0.1,168,1,0,1
6357,log_1250_1708943037.xes,0.3,na,[],0,0,0,0,sudden,[],[],1687,0.1,168,0,0,0
6358,log_1250_1708943037.xes,0.3,na,[],0,0,0,0,gradual_start,[],[],1687,0.1,168,0,0,0
6359,log_1250_1708943037.xes,0.3,na,[],0,0,0,0,gradual_end,[],[],1687,0.1,168,0,0,0
6360,log_984_1708943037.xes,0.0,na,"['sudden', 'sudden', 'gradual']",3,4,2,1,no_drift,[],[],6381,0.1,638,0,0,0
6361,log_984_1708943037.xes,0.0,na,"['sudden', 'sudden', 'gradual']",3,4,2,1,sudden,"[1495, 2672]","[2667, 1489]",6381,0.1,638,2,0,2
6362,log_984_1708943037.xes,0.0,na,"['sudden', 'sudden', 'gradual']",3,4,2,1,gradual_start,[4146],[],6381,0.1,638,0,0,1
6363,log_984_1708943037.xes,0.0,na,"['sudden', 'sudden', 'gradual']",3,4,2,1,gradual_end,[4499],[],6381,0.1,638,0,0,1
6364,log_1134_1708943035.xes,0.3,na,"['sudden', 'sudden', 'sudden']",3,3,3,0,no_drift,[],[],5789,0.1,578,0,0,0
6365,log_1134_1708943035.xes,0.3,na,"['sudden', 'sudden', 'sudden']",3,3,3,0,sudden,"[1213, 3090, 4249]","[3053, 4229, 1205]",5789,0.1,578,3,0,3
6366,log_1134_1708943035.xes,0.3,na,"['sudden', 'sudden', 'sudden']",3,3,3,0,gradual_start,[],[],5789,0.1,578,0,0,0
6367,log_1134_1708943035.xes,0.3,na,"['sudden', 'sudden', 'sudden']",3,3,3,0,gradual_end,[],[],5789,0.1,578,0,0,0
6368,log_1319_1708943037.xes,0.0,na,"['gradual', 'gradual', 'gradual']",3,6,0,3,no_drift,[],[0],7678,0.1,767,0,1,0
6369,log_1319_1708943037.xes,0.0,na,"['gradual', 'gradual', 'gradual']",3,6,0,3,sudden,[],[],7678,0.1,767,0,0,0
6370,log_1319_1708943037.xes,0.0,na,"['gradual', 'gradual', 'gradual']",3,6,0,3,gradual_start,"[1766, 3655, 5708]",[],7678,0.1,767,0,0,3
6371,log_1319_1708943037.xes,0.0,na,"['gradual', 'gradual', 'gradual']",3,6,0,3,gradual_end,"[2108, 4106, 6011]",[],7678,0.1,767,0,0,3
6372,log_1656_1708943040.xes,0.0,na,[],0,0,0,0,no_drift,[0],[0],4812,0.1,481,1,0,1
6373,log_1656_1708943040.xes,0.0,na,[],0,0,0,0,sudden,[],[],4812,0.1,481,0,0,0
6374,log_1656_1708943040.xes,0.0,na,[],0,0,0,0,gradual_start,[],[],4812,0.1,481,0,0,0
6375,log_1656_1708943040.xes,0.0,na,[],0,0,0,0,gradual_end,[],[],4812,0.1,481,0,0,0
6376,log_1289_1708943038.xes,0.0,na,"['gradual', 'sudden', 'gradual']",3,5,1,2,no_drift,[],[],7783,0.1,778,0,0,0
6377,log_1289_1708943038.xes,0.0,na,"['gradual', 'sudden', 'gradual']",3,5,1,2,sudden,[3603],[3573],7783,0.1,778,1,0,1
6378,log_1289_1708943038.xes,0.0,na,"['gradual', 'sudden', 'gradual']",3,5,1,2,gradual_start,"[1487, 5297]",[5283],7783,0.1,778,1,0,2
6379,log_1289_1708943038.xes,0.0,na,"['gradual', 'sudden', 'gradual']",3,5,1,2,gradual_end,"[1916, 5805]",[5777],7783,0.1,778,1,0,2
6380,log_1807_1708943032.xes,0.3,na,"['gradual', 'sudden']",2,3,1,1,no_drift,[],[],4256,0.1,425,0,0,0
6381,log_1807_1708943032.xes,0.3,na,"['gradual', 'sudden']",2,3,1,1,sudden,[3155],[3151],4256,0.1,425,1,0,1
6382,log_1807_1708943032.xes,0.3,na,"['gradual', 'sudden']",2,3,1,1,gradual_start,[1463],[1429],4256,0.1,425,1,0,1
6383,log_1807_1708943032.xes,0.3,na,"['gradual', 'sudden']",2,3,1,1,gradual_end,[1924],[1912],4256,0.1,425,1,0,1
6384,log_1469_1708943037.xes,0.0,na,[],0,0,0,0,no_drift,[0],[0],5667,0.1,566,1,0,1
6385,log_1469_1708943037.xes,0.0,na,[],0,0,0,0,sudden,[],[],5667,0.1,566,0,0,0
6386,log_1469_1708943037.xes,0.0,na,[],0,0,0,0,gradual_start,[],[],5667,0.1,566,0,0,0
6387,log_1469_1708943037.xes,0.0,na,[],0,0,0,0,gradual_end,[],[],5667,0.1,566,0,0,0
6388,log_1395_1708943040.xes,0.0,na,"['gradual', 'sudden']",2,3,1,1,no_drift,[],[],4393,0.1,439,0,0,0
6389,log_1395_1708943040.xes,0.0,na,"['gradual', 'sudden']",2,3,1,1,sudden,[2787],[],4393,0.1,439,0,0,1
6390,log_1395_1708943040.xes,0.0,na,"['gradual', 'sudden']",2,3,1,1,gradual_start,[1222],[1282],4393,0.1,439,1,0,1
6391,log_1395_1708943040.xes,0.0,na,"['gradual', 'sudden']",2,3,1,1,gradual_end,[1693],[1681],4393,0.1,439,1,0,1
6392,log_1363_1708943040.xes,0.0,na,[],0,0,0,0,no_drift,[0],[0],7436,0.1,743,1,0,1
6393,log_1363_1708943040.xes,0.0,na,[],0,0,0,0,sudden,[],[],7436,0.1,743,0,0,0
6394,log_1363_1708943040.xes,0.0,na,[],0,0,0,0,gradual_start,[],[],7436,0.1,743,0,0,0
6395,log_1363_1708943040.xes,0.0,na,[],0,0,0,0,gradual_end,[],[],7436,0.1,743,0,0,0
6396,log_1842_1708943042.xes,0.0,na,['sudden'],1,1,1,0,no_drift,[],[],3515,0.1,351,0,0,0
6397,log_1842_1708943042.xes,0.0,na,['sudden'],1,1,1,0,sudden,[1553],[1531],3515,0.1,351,1,0,1
6398,log_1842_1708943042.xes,0.0,na,['sudden'],1,1,1,0,gradual_start,[],[],3515,0.1,351,0,0,0
6399,log_1842_1708943042.xes,0.0,na,['sudden'],1,1,1,0,gradual_end,[],[],3515,0.1,351,0,0,0
6400,log_1546_1708943045.xes,0.6,na,[],0,0,0,0,no_drift,[0],[0],2366,0.1,236,1,0,1
6401,log_1546_1708943045.xes,0.6,na,[],0,0,0,0,sudden,[],[],2366,0.1,236,0,0,0
6402,log_1546_1708943045.xes,0.6,na,[],0,0,0,0,gradual_start,[],[],2366,0.1,236,0,0,0
6403,log_1546_1708943045.xes,0.6,na,[],0,0,0,0,gradual_end,[],[],2366,0.1,236,0,0,0
6404,log_1545_1708943037.xes,0.0,na,"['gradual', 'gradual', 'sudden']",3,5,1,2,no_drift,[],[],7317,0.1,731,0,0,0
6405,log_1545_1708943037.xes,0.0,na,"['gradual', 'gradual', 'sudden']",3,5,1,2,sudden,[5666],[5617],7317,0.1,731,1,0,1
6406,log_1545_1708943037.xes,0.0,na,"['gradual', 'gradual', 'sudden']",3,5,1,2,gradual_start,"[1762, 3437]",[3385],7317,0.1,731,1,0,2
6407,log_1545_1708943037.xes,0.0,na,"['gradual', 'gradual', 'sudden']",3,5,1,2,gradual_end,"[2213, 3751]",[3709],7317,0.1,731,1,0,2
6408,log_985_1708943042.xes,0.3,na,['gradual'],1,2,0,1,no_drift,[],[],3517,0.1,351,0,0,0
6409,log_985_1708943042.xes,0.3,na,['gradual'],1,2,0,1,sudden,[],[],3517,0.1,351,0,0,0
6410,log_985_1708943042.xes,0.3,na,['gradual'],1,2,0,1,gradual_start,[1161],[1191],3517,0.1,351,1,0,1
6411,log_985_1708943042.xes,0.3,na,['gradual'],1,2,0,1,gradual_end,[1650],[1650],3517,0.1,351,1,0,1
6412,log_1396_1708943044.xes,0.0,na,"['gradual', 'sudden']",2,3,1,1,no_drift,[],[],3911,0.1,391,0,0,0
6413,log_1396_1708943044.xes,0.0,na,"['gradual', 'sudden']",2,3,1,1,sudden,[2689],[2661],3911,0.1,391,1,0,1
6414,log_1396_1708943044.xes,0.0,na,"['gradual', 'sudden']",2,3,1,1,gradual_start,[1003],[989],3911,0.1,391,1,0,1
6415,log_1396_1708943044.xes,0.0,na,"['gradual', 'sudden']",2,3,1,1,gradual_end,[1528],[1483],3911,0.1,391,1,0,1
6416,log_1693_1708943045.xes,0.0,na,['sudden'],1,1,1,0,no_drift,[],[0],2932,0.1,293,0,1,0
6417,log_1693_1708943045.xes,0.0,na,['sudden'],1,1,1,0,sudden,[1754],[],2932,0.1,293,0,0,1
6418,log_1693_1708943045.xes,0.0,na,['sudden'],1,1,1,0,gradual_start,[],[],2932,0.1,293,0,0,0
6419,log_1693_1708943045.xes,0.0,na,['sudden'],1,1,1,0,gradual_end,[],[],2932,0.1,293,0,0,0
6420,log_1090_1708943038.xes,0.0,na,"['gradual', 'sudden']",2,3,1,1,no_drift,[],[],4791,0.1,479,0,0,0
6421,log_1090_1708943038.xes,0.0,na,"['gradual', 'sudden']",2,3,1,1,sudden,[3516],[3497],4791,0.1,479,1,0,1
6422,log_1090_1708943038.xes,0.0,na,"['gradual', 'sudden']",2,3,1,1,gradual_start,[1690],[1726],4791,0.1,479,1,0,1
6423,log_1090_1708943038.xes,0.0,na,"['gradual', 'sudden']",2,3,1,1,gradual_end,[2206],[2163],4791,0.1,479,1,0,1
6424,log_1470_1708943042.xes,0.0,na,[],0,0,0,0,no_drift,[0],[0],3972,0.1,397,1,0,1
6425,log_1470_1708943042.xes,0.0,na,[],0,0,0,0,sudden,[],[],3972,0.1,397,0,0,0
6426,log_1470_1708943042.xes,0.0,na,[],0,0,0,0,gradual_start,[],[],3972,0.1,397,0,0,0
6427,log_1470_1708943042.xes,0.0,na,[],0,0,0,0,gradual_end,[],[],3972,0.1,397,0,0,0
6428,log_1054_1708943035.xes,0.6,na,"['sudden', 'gradual', 'gradual']",3,5,1,2,no_drift,[],[],6134,0.1,613,0,0,0
6429,log_1054_1708943035.xes,0.6,na,"['sudden', 'gradual', 'gradual']",3,5,1,2,sudden,[1406],[1381],6134,0.1,613,1,0,1
6430,log_1054_1708943035.xes,0.6,na,"['sudden', 'gradual', 'gradual']",3,5,1,2,gradual_start,"[2740, 4310]",[2731],6134,0.1,613,1,0,2
6431,log_1054_1708943035.xes,0.6,na,"['sudden', 'gradual', 'gradual']",3,5,1,2,gradual_end,"[3226, 4688]",[3211],6134,0.1,613,1,0,2
6432,log_1884_1708943043.xes,0.0,na,['gradual'],1,2,0,1,no_drift,[],[],3046,0.1,304,0,0,0
6433,log_1884_1708943043.xes,0.0,na,['gradual'],1,2,0,1,sudden,[],[],3046,0.1,304,0,0,0
6434,log_1884_1708943043.xes,0.0,na,['gradual'],1,2,0,1,gradual_start,[1388],[1381],3046,0.1,304,1,0,1
6435,log_1884_1708943043.xes,0.0,na,['gradual'],1,2,0,1,gradual_end,[1760],[1771],3046,0.1,304,1,0,1
6436,log_1692_1708943041.xes,0.0,na,[],0,0,0,0,no_drift,[0],[0],5076,0.1,507,1,0,1
6437,log_1692_1708943041.xes,0.0,na,[],0,0,0,0,sudden,[],[],5076,0.1,507,0,0,0
6438,log_1692_1708943041.xes,0.0,na,[],0,0,0,0,gradual_start,[],[],5076,0.1,507,0,0,0
6439,log_1692_1708943041.xes,0.0,na,[],0,0,0,0,gradual_end,[],[],5076,0.1,507,0,0,0
6440,log_1619_1708943030.xes,0.6,na,"['gradual', 'sudden', 'sudden']",3,4,2,1,no_drift,[],[],6515,0.1,651,0,0,0
6441,log_1619_1708943030.xes,0.6,na,"['gradual', 'sudden', 'sudden']",3,4,2,1,sudden,"[3892, 5076]",[3873],6515,0.1,651,1,0,2
6442,log_1619_1708943030.xes,0.6,na,"['gradual', 'sudden', 'sudden']",3,4,2,1,gradual_start,[1385],[],6515,0.1,651,0,0,1
6443,log_1619_1708943030.xes,0.6,na,"['gradual', 'sudden', 'sudden']",3,4,2,1,gradual_end,[1905],[],6515,0.1,651,0,0,1
6444,log_1433_1708943044.xes,0.0,na,[],0,0,0,0,no_drift,[0],[0],3572,0.1,357,1,0,1
6445,log_1433_1708943044.xes,0.0,na,[],0,0,0,0,sudden,[],[],3572,0.1,357,0,0,0
6446,log_1433_1708943044.xes,0.0,na,[],0,0,0,0,gradual_start,[],[],3572,0.1,357,0,0,0
6447,log_1433_1708943044.xes,0.0,na,[],0,0,0,0,gradual_end,[],[],3572,0.1,357,0,0,0
6448,log_1168_1708943034.xes,0.6,na,"['sudden', 'sudden', 'sudden']",3,3,3,0,no_drift,[],[],5458,0.1,545,0,0,0
6449,log_1168_1708943034.xes,0.6,na,"['sudden', 'sudden', 'sudden']",3,3,3,0,sudden,"[1602, 2750, 3807]","[2728, 3781, 1594]",5458,0.1,545,3,0,3
6450,log_1168_1708943034.xes,0.6,na,"['sudden', 'sudden', 'sudden']",3,3,3,0,gradual_start,[],[],5458,0.1,545,0,0,0
6451,log_1168_1708943034.xes,0.6,na,"['sudden', 'sudden', 'sudden']",3,3,3,0,gradual_end,[],[],5458,0.1,545,0,0,0
6452,log_1320_1708943042.xes,0.0,na,[],0,0,0,0,no_drift,[0],[0],4113,0.1,411,1,0,1
6453,log_1320_1708943042.xes,0.0,na,[],0,0,0,0,sudden,[],[],4113,0.1,411,0,0,0
6454,log_1320_1708943042.xes,0.0,na,[],0,0,0,0,gradual_start,[],[],4113,0.1,411,0,0,0
6455,log_1320_1708943042.xes,0.0,na,[],0,0,0,0,gradual_end,[],[],4113,0.1,411,0,0,0
6456,log_1509_1708943036.xes,0.6,na,"['gradual', 'sudden', 'gradual']",3,5,1,2,no_drift,[],[],7336,0.1,733,0,0,0
6457,log_1509_1708943036.xes,0.6,na,"['gradual', 'sudden', 'gradual']",3,5,1,2,sudden,[3584],[3565],7336,0.1,733,1,0,1
6458,log_1509_1708943036.xes,0.6,na,"['gradual', 'sudden', 'gradual']",3,5,1,2,gradual_start,"[1212, 5536]",[1153],7336,0.1,733,1,0,2
6459,log_1509_1708943036.xes,0.6,na,"['gradual', 'sudden', 'gradual']",3,5,1,2,gradual_end,"[1777, 5869]",[1765],7336,0.1,733,1,0,2
6460,log_1251_1708943041.xes,0.0,na,"['gradual', 'sudden', 'gradual']",3,5,1,2,no_drift,[],[],6542,0.1,654,0,0,0
6461,log_1251_1708943041.xes,0.0,na,"['gradual', 'sudden', 'gradual']",3,5,1,2,sudden,[3258],[3201],6542,0.1,654,1,0,1
6462,log_1251_1708943041.xes,0.0,na,"['gradual', 'sudden', 'gradual']",3,5,1,2,gradual_start,"[1829, 4822]",[],6542,0.1,654,0,0,2
6463,log_1251_1708943041.xes,0.0,na,"['gradual', 'sudden', 'gradual']",3,5,1,2,gradual_end,"[2184, 5151]",[],6542,0.1,654,0,0,2
6464,log_1252_1708943046.xes,0.3,na,"['sudden', 'gradual', 'sudden']",3,4,2,1,no_drift,[],[],5944,0.1,594,0,0,0
6465,log_1252_1708943046.xes,0.3,na,"['sudden', 'gradual', 'sudden']",3,4,2,1,sudden,"[1336, 4495]","[4467, 1306]",5944,0.1,594,2,0,2
6466,log_1252_1708943046.xes,0.3,na,"['sudden', 'gradual', 'sudden']",3,4,2,1,gradual_start,[2889],[],5944,0.1,594,0,0,1
6467,log_1252_1708943046.xes,0.3,na,"['sudden', 'gradual', 'sudden']",3,4,2,1,gradual_end,[3385],[],5944,0.1,594,0,0,1
6468,log_986_1708943046.xes,0.6,na,['sudden'],1,1,1,0,no_drift,[],[],2130,0.1,213,0,0,0
6469,log_986_1708943046.xes,0.6,na,['sudden'],1,1,1,0,sudden,[1035],[1021],2130,0.1,213,1,0,1
6470,log_986_1708943046.xes,0.6,na,['sudden'],1,1,1,0,gradual_start,[],[],2130,0.1,213,0,0,0
6471,log_986_1708943046.xes,0.6,na,['sudden'],1,1,1,0,gradual_end,[],[],2130,0.1,213,0,0,0
6472,log_1885_1708943046.xes,0.3,na,"['gradual', 'gradual']",2,4,0,2,no_drift,[],[],4796,0.1,479,0,0,0
6473,log_1885_1708943046.xes,0.3,na,"['gradual', 'gradual']",2,4,0,2,sudden,[],[],4796,0.1,479,0,0,0
6474,log_1885_1708943046.xes,0.3,na,"['gradual', 'gradual']",2,4,0,2,gradual_start,"[1783, 3424]",[1634],4796,0.1,479,1,0,2
6475,log_1885_1708943046.xes,0.3,na,"['gradual', 'gradual']",2,4,0,2,gradual_end,"[2216, 3762]",[2186],4796,0.1,479,1,0,2
6476,log_1212_1708943037.xes,0.3,na,"['sudden', 'gradual', 'gradual']",3,5,1,2,no_drift,[],[],6861,0.1,686,0,0,0
6477,log_1212_1708943037.xes,0.3,na,"['sudden', 'gradual', 'gradual']",3,5,1,2,sudden,[1234],[1225],6861,0.1,686,1,0,1
6478,log_1212_1708943037.xes,0.3,na,"['sudden', 'gradual', 'gradual']",3,5,1,2,gradual_start,"[2698, 4493]",[2687],6861,0.1,686,1,0,2
6479,log_1212_1708943037.xes,0.3,na,"['sudden', 'gradual', 'gradual']",3,5,1,2,gradual_end,"[3223, 4995]",[3197],6861,0.1,686,1,0,2
6480,log_1843_1708943044.xes,0.0,na,"['gradual', 'sudden', 'sudden']",3,4,2,1,no_drift,[],[],5791,0.1,579,0,0,0
6481,log_1843_1708943044.xes,0.0,na,"['gradual', 'sudden', 'sudden']",3,4,2,1,sudden,"[3555, 4724]",[3501],5791,0.1,579,1,0,2
6482,log_1843_1708943044.xes,0.0,na,"['gradual', 'sudden', 'sudden']",3,4,2,1,gradual_start,[1358],[1345],5791,0.1,579,1,0,1
6483,log_1843_1708943044.xes,0.0,na,"['gradual', 'sudden', 'sudden']",3,4,2,1,gradual_end,[1769],[1765],5791,0.1,579,1,0,1
6484,log_1091_1708943045.xes,0.0,na,['gradual'],1,2,0,1,no_drift,[],[],3938,0.1,393,0,0,0
6485,log_1091_1708943045.xes,0.0,na,['gradual'],1,2,0,1,sudden,[],[],3938,0.1,393,0,0,0
6486,log_1091_1708943045.xes,0.0,na,['gradual'],1,2,0,1,gradual_start,[1737],[1749],3938,0.1,393,1,0,1
6487,log_1091_1708943045.xes,0.0,na,['gradual'],1,2,0,1,gradual_end,[2245],[2224],3938,0.1,393,1,0,1
6488,log_1364_1708943044.xes,0.6,na,['gradual'],1,2,0,1,no_drift,[],[],3470,0.1,347,0,0,0
6489,log_1364_1708943044.xes,0.6,na,['gradual'],1,2,0,1,sudden,[],[],3470,0.1,347,0,0,0
6490,log_1364_1708943044.xes,0.6,na,['gradual'],1,2,0,1,gradual_start,[1723],[1684],3470,0.1,347,1,0,1
6491,log_1364_1708943044.xes,0.6,na,['gradual'],1,2,0,1,gradual_end,[2141],[2143],3470,0.1,347,1,0,1
6492,log_1471_1708943045.xes,0.6,na,['sudden'],1,1,1,0,no_drift,[],[],2276,0.1,227,0,0,0
6493,log_1471_1708943045.xes,0.6,na,['sudden'],1,1,1,0,sudden,[1070],[1057],2276,0.1,227,1,0,1
6494,log_1471_1708943045.xes,0.6,na,['sudden'],1,1,1,0,gradual_start,[],[],2276,0.1,227,0,0,0
6495,log_1471_1708943045.xes,0.6,na,['sudden'],1,1,1,0,gradual_end,[],[],2276,0.1,227,0,0,0
6496,log_1434_1708943048.xes,0.0,na,"['sudden', 'gradual']",2,3,1,1,no_drift,[],[],4730,0.1,473,0,0,0
6497,log_1434_1708943048.xes,0.0,na,"['sudden', 'gradual']",2,3,1,1,sudden,[1383],[1381],4730,0.1,473,1,0,1
6498,log_1434_1708943048.xes,0.0,na,"['sudden', 'gradual']",2,3,1,1,gradual_start,[2559],[2554],4730,0.1,473,1,0,1
6499,log_1434_1708943048.xes,0.0,na,"['sudden', 'gradual']",2,3,1,1,gradual_end,[3109],[2991],4730,0.1,473,1,0,1
6500,log_1844_1708943050.xes,0.0,na,[],0,0,0,0,no_drift,[0],[0],1258,0.1,125,1,0,1
6501,log_1844_1708943050.xes,0.0,na,[],0,0,0,0,sudden,[],[],1258,0.1,125,0,0,0
6502,log_1844_1708943050.xes,0.0,na,[],0,0,0,0,gradual_start,[],[],1258,0.1,125,0,0,0
6503,log_1844_1708943050.xes,0.0,na,[],0,0,0,0,gradual_end,[],[],1258,0.1,125,0,0,0
6504,log_1657_1708943043.xes,0.0,na,"['sudden', 'gradual', 'sudden']",3,4,2,1,no_drift,[],[],6428,0.1,642,0,0,0
6505,log_1657_1708943043.xes,0.0,na,"['sudden', 'gradual', 'sudden']",3,4,2,1,sudden,"[1110, 4710]","[4673, 1025]",6428,0.1,642,2,0,2
6506,log_1657_1708943043.xes,0.0,na,"['sudden', 'gradual', 'sudden']",3,4,2,1,gradual_start,[2568],[],6428,0.1,642,0,0,1
6507,log_1657_1708943043.xes,0.0,na,"['sudden', 'gradual', 'sudden']",3,4,2,1,gradual_end,[3130],[],6428,0.1,642,0,0,1
6508,log_1055_1708943045.xes,0.3,na,"['sudden', 'sudden', 'gradual']",3,4,2,1,no_drift,[],[],5767,0.1,576,0,0,0
6509,log_1055_1708943045.xes,0.3,na,"['sudden', 'sudden', 'gradual']",3,4,2,1,sudden,"[1322, 2437]",[1289],5767,0.1,576,1,0,2
6510,log_1055_1708943045.xes,0.3,na,"['sudden', 'sudden', 'gradual']",3,4,2,1,gradual_start,[3782],[3725],5767,0.1,576,1,0,1
6511,log_1055_1708943045.xes,0.3,na,"['sudden', 'sudden', 'gradual']",3,4,2,1,gradual_end,[4295],[4257],5767,0.1,576,1,0,1
6512,log_1136_1708943043.xes,0.0,na,"['sudden', 'sudden', 'sudden']",3,3,3,0,no_drift,[],[],6398,0.1,639,0,0,0
6513,log_1136_1708943043.xes,0.0,na,"['sudden', 'sudden', 'sudden']",3,3,3,0,sudden,"[1951, 3126, 4438]","[1923, 4403, 3101]",6398,0.1,639,3,0,3
6514,log_1136_1708943043.xes,0.0,na,"['sudden', 'sudden', 'sudden']",3,3,3,0,gradual_start,[],[],6398,0.1,639,0,0,0
6515,log_1136_1708943043.xes,0.0,na,"['sudden', 'sudden', 'sudden']",3,3,3,0,gradual_end,[],[],6398,0.1,639,0,0,0
6516,log_1365_1708943049.xes,0.0,na,['gradual'],1,2,0,1,no_drift,[],[],2620,0.1,262,0,0,0
6517,log_1365_1708943049.xes,0.0,na,['gradual'],1,2,0,1,sudden,[],[],2620,0.1,262,0,0,0
6518,log_1365_1708943049.xes,0.0,na,['gradual'],1,2,0,1,gradual_start,[1099],[1093],2620,0.1,262,1,0,1
6519,log_1365_1708943049.xes,0.0,na,['gradual'],1,2,0,1,gradual_end,[1426],[1392],2620,0.1,262,1,0,1
6520,log_1765_1708943035.xes,0.3,na,"['sudden', 'sudden', 'sudden']",3,3,3,0,no_drift,[],[],4714,0.1,471,0,0,0
6521,log_1765_1708943035.xes,0.3,na,"['sudden', 'sudden', 'sudden']",3,3,3,0,sudden,"[1244, 2288, 3683]","[3658, 2278, 1220]",4714,0.1,471,3,0,3
6522,log_1765_1708943035.xes,0.3,na,"['sudden', 'sudden', 'sudden']",3,3,3,0,gradual_start,[],[],4714,0.1,471,0,0,0
6523,log_1765_1708943035.xes,0.3,na,"['sudden', 'sudden', 'sudden']",3,3,3,0,gradual_end,[],[],4714,0.1,471,0,0,0
6524,log_1092_1708943050.xes,0.0,na,['sudden'],1,1,1,0,no_drift,[],[],3394,0.1,339,0,0,0
6525,log_1092_1708943050.xes,0.0,na,['sudden'],1,1,1,0,sudden,[1490],[1473],3394,0.1,339,1,0,1
6526,log_1092_1708943050.xes,0.0,na,['sudden'],1,1,1,0,gradual_start,[],[],3394,0.1,339,0,0,0
6527,log_1092_1708943050.xes,0.0,na,['sudden'],1,1,1,0,gradual_end,[],[],3394,0.1,339,0,0,0
6528,log_1510_1708943048.xes,0.3,na,[],0,0,0,0,no_drift,[0],[0],5823,0.1,582,1,0,1
6529,log_1510_1708943048.xes,0.3,na,[],0,0,0,0,sudden,[],[],5823,0.1,582,0,0,0
6530,log_1510_1708943048.xes,0.3,na,[],0,0,0,0,gradual_start,[],[],5823,0.1,582,0,0,0
6531,log_1510_1708943048.xes,0.3,na,[],0,0,0,0,gradual_end,[],[],5823,0.1,582,0,0,0
6532,log_1845_1708943051.xes,0.3,na,[],0,0,0,0,no_drift,[0],[0],7556,0.1,755,1,0,1
6533,log_1845_1708943051.xes,0.3,na,[],0,0,0,0,sudden,[],[],7556,0.1,755,0,0,0
6534,log_1845_1708943051.xes,0.3,na,[],0,0,0,0,gradual_start,[],[],7556,0.1,755,0,0,0
6535,log_1845_1708943051.xes,0.3,na,[],0,0,0,0,gradual_end,[],[],7556,0.1,755,0,0,0
6536,log_1694_1708943048.xes,0.0,na,"['gradual', 'sudden']",2,3,1,1,no_drift,[],[],4727,0.1,472,0,0,0
6537,log_1694_1708943048.xes,0.0,na,"['gradual', 'sudden']",2,3,1,1,sudden,[3654],[3635],4727,0.1,472,1,0,1
6538,log_1694_1708943048.xes,0.0,na,"['gradual', 'sudden']",2,3,1,1,gradual_start,[1723],[1703],4727,0.1,472,1,0,1
6539,log_1694_1708943048.xes,0.0,na,"['gradual', 'sudden']",2,3,1,1,gradual_end,[2275],[2255],4727,0.1,472,1,0,1
6540,log_1808_1708943040.xes,0.0,na,"['gradual', 'gradual', 'sudden']",3,5,1,2,no_drift,[],[],7099,0.1,709,0,0,0
6541,log_1808_1708943040.xes,0.0,na,"['gradual', 'gradual', 'sudden']",3,5,1,2,sudden,[5259],[5251],7099,0.1,709,1,0,1
6542,log_1808_1708943040.xes,0.0,na,"['gradual', 'gradual', 'sudden']",3,5,1,2,gradual_start,"[1220, 3204]",[3186],7099,0.1,709,1,0,2
6543,log_1808_1708943040.xes,0.0,na,"['gradual', 'gradual', 'sudden']",3,5,1,2,gradual_end,"[1668, 3619]",[3571],7099,0.1,709,1,0,2
6544,log_1290_1708943043.xes,0.0,na,"['gradual', 'sudden']",2,3,1,1,no_drift,[],[],4730,0.1,473,0,0,0
6545,log_1290_1708943043.xes,0.0,na,"['gradual', 'sudden']",2,3,1,1,sudden,[3377],[3359],4730,0.1,473,1,0,1
6546,log_1290_1708943043.xes,0.0,na,"['gradual', 'sudden']",2,3,1,1,gradual_start,[1316],[1335],4730,0.1,473,1,0,1
6547,log_1290_1708943043.xes,0.0,na,"['gradual', 'sudden']",2,3,1,1,gradual_end,[1702],[1634],4730,0.1,473,1,0,1
6548,log_1023_1708943039.xes,0.0,na,"['sudden', 'gradual', 'gradual']",3,5,1,2,no_drift,[],[],7720,0.1,772,0,0,0
6549,log_1023_1708943039.xes,0.0,na,"['sudden', 'gradual', 'gradual']",3,5,1,2,sudden,[1970],[1939],7720,0.1,772,1,0,1
6550,log_1023_1708943039.xes,0.0,na,"['sudden', 'gradual', 'gradual']",3,5,1,2,gradual_start,"[3693, 5926]",[3649],7720,0.1,772,1,0,2
6551,log_1023_1708943039.xes,0.0,na,"['sudden', 'gradual', 'gradual']",3,5,1,2,gradual_end,"[3997, 6384]",[3991],7720,0.1,772,1,0,2
6552,log_1886_1708943050.xes,0.0,na,['sudden'],1,1,1,0,no_drift,[],[0],3788,0.1,378,0,1,0
6553,log_1886_1708943050.xes,0.0,na,['sudden'],1,1,1,0,sudden,[1964],[],3788,0.1,378,0,0,1
6554,log_1886_1708943050.xes,0.0,na,['sudden'],1,1,1,0,gradual_start,[],[],3788,0.1,378,0,0,0
6555,log_1886_1708943050.xes,0.0,na,['sudden'],1,1,1,0,gradual_end,[],[],3788,0.1,378,0,0,0
6556,log_987_1708943049.xes,0.6,na,[],0,0,0,0,no_drift,[0],[0],5427,0.1,542,1,0,1
6557,log_987_1708943049.xes,0.6,na,[],0,0,0,0,sudden,[],[],5427,0.1,542,0,0,0
6558,log_987_1708943049.xes,0.6,na,[],0,0,0,0,gradual_start,[],[],5427,0.1,542,0,0,0
6559,log_987_1708943049.xes,0.6,na,[],0,0,0,0,gradual_end,[],[],5427,0.1,542,0,0,0
6560,log_1766_1708943048.xes,0.0,na,[],0,0,0,0,no_drift,[0],[0],5760,0.1,576,1,0,1
6561,log_1766_1708943048.xes,0.0,na,[],0,0,0,0,sudden,[],[],5760,0.1,576,0,0,0
6562,log_1766_1708943048.xes,0.0,na,[],0,0,0,0,gradual_start,[],[],5760,0.1,576,0,0,0
6563,log_1766_1708943048.xes,0.0,na,[],0,0,0,0,gradual_end,[],[],5760,0.1,576,0,0,0
6564,log_1169_1708943045.xes,0.6,na,[],0,0,0,0,no_drift,[0],[0],5580,0.1,558,1,0,1
6565,log_1169_1708943045.xes,0.6,na,[],0,0,0,0,sudden,[],[],5580,0.1,558,0,0,0
6566,log_1169_1708943045.xes,0.6,na,[],0,0,0,0,gradual_start,[],[],5580,0.1,558,0,0,0
6567,log_1169_1708943045.xes,0.6,na,[],0,0,0,0,gradual_end,[],[],5580,0.1,558,0,0,0
6568,log_1472_1708943051.xes,0.0,na,"['sudden', 'sudden', 'sudden']",3,3,3,0,no_drift,[],[],5664,0.1,566,0,0,0
6569,log_1472_1708943051.xes,0.0,na,"['sudden', 'sudden', 'sudden']",3,3,3,0,sudden,"[1851, 2918, 4587]","[2913, 4565, 1849]",5664,0.1,566,3,0,3
6570,log_1472_1708943051.xes,0.0,na,"['sudden', 'sudden', 'sudden']",3,3,3,0,gradual_start,[],[],5664,0.1,566,0,0,0
6571,log_1472_1708943051.xes,0.0,na,"['sudden', 'sudden', 'sudden']",3,3,3,0,gradual_end,[],[],5664,0.1,566,0,0,0
6572,log_1291_1708943051.xes,0.0,na,['gradual'],1,2,0,1,no_drift,[],[],3086,0.1,308,0,0,0
6573,log_1291_1708943051.xes,0.0,na,['gradual'],1,2,0,1,sudden,[],[],3086,0.1,308,0,0,0
6574,log_1291_1708943051.xes,0.0,na,['gradual'],1,2,0,1,gradual_start,[1201],[1231],3086,0.1,308,1,0,1
6575,log_1291_1708943051.xes,0.0,na,['gradual'],1,2,0,1,gradual_end,[1603],[1621],3086,0.1,308,1,0,1
6576,log_1093_1708943051.xes,0.0,na,"['gradual', 'gradual', 'sudden']",3,5,1,2,no_drift,[],[],6978,0.1,697,0,0,0
6577,log_1093_1708943051.xes,0.0,na,"['gradual', 'gradual', 'sudden']",3,5,1,2,sudden,[5669],[5679],6978,0.1,697,1,0,1
6578,log_1093_1708943051.xes,0.0,na,"['gradual', 'gradual', 'sudden']",3,5,1,2,gradual_start,"[1109, 3383]",[],6978,0.1,697,0,0,2
6579,log_1093_1708943051.xes,0.0,na,"['gradual', 'gradual', 'sudden']",3,5,1,2,gradual_end,"[1610, 3772]",[],6978,0.1,697,0,0,2
6580,log_1397_1708943048.xes,0.6,na,[],0,0,0,0,no_drift,[0],[0],2544,0.1,254,1,0,1
6581,log_1397_1708943048.xes,0.6,na,[],0,0,0,0,sudden,[],[],2544,0.1,254,0,0,0
6582,log_1397_1708943048.xes,0.6,na,[],0,0,0,0,gradual_start,[],[],2544,0.1,254,0,0,0
6583,log_1397_1708943048.xes,0.6,na,[],0,0,0,0,gradual_end,[],[],2544,0.1,254,0,0,0
6584,log_1511_1708943053.xes,0.0,na,['gradual'],1,2,0,1,no_drift,[],[],3147,0.1,314,0,0,0
6585,log_1511_1708943053.xes,0.0,na,['gradual'],1,2,0,1,sudden,[],[],3147,0.1,314,0,0,0
6586,log_1511_1708943053.xes,0.0,na,['gradual'],1,2,0,1,gradual_start,[1302],[1306],3147,0.1,314,1,0,1
6587,log_1511_1708943053.xes,0.0,na,['gradual'],1,2,0,1,gradual_end,[1714],[1696],3147,0.1,314,1,0,1
6588,log_1846_1708943054.xes,0.3,na,['sudden'],1,1,1,0,no_drift,[],[],3296,0.1,329,0,0,0
6589,log_1846_1708943054.xes,0.3,na,['sudden'],1,1,1,0,sudden,[1641],[1633],3296,0.1,329,1,0,1
6590,log_1846_1708943054.xes,0.3,na,['sudden'],1,1,1,0,gradual_start,[],[],3296,0.1,329,0,0,0
6591,log_1846_1708943054.xes,0.3,na,['sudden'],1,1,1,0,gradual_end,[],[],3296,0.1,329,0,0,0
6592,log_1579_1708943030.xes,0.0,na,"['gradual', 'sudden', 'gradual']",3,5,1,2,no_drift,[],[],7904,0.1,790,0,0,0
6593,log_1579_1708943030.xes,0.0,na,"['gradual', 'sudden', 'gradual']",3,5,1,2,sudden,[3921],[3901],7904,0.1,790,1,0,1
6594,log_1579_1708943030.xes,0.0,na,"['gradual', 'sudden', 'gradual']",3,5,1,2,gradual_start,"[1789, 5608]","[5617, 1795]",7904,0.1,790,2,0,2
6595,log_1579_1708943030.xes,0.0,na,"['gradual', 'sudden', 'gradual']",3,5,1,2,gradual_end,"[2333, 6014]","[6007, 2263]",7904,0.1,790,2,0,2
6596,log_1253_1708943050.xes,0.0,na,"['gradual', 'sudden']",2,3,1,1,no_drift,[],[],3823,0.1,382,0,0,0
6597,log_1253_1708943050.xes,0.0,na,"['gradual', 'sudden']",2,3,1,1,sudden,[2822],[2813],3823,0.1,382,1,0,1
6598,log_1253_1708943050.xes,0.0,na,"['gradual', 'sudden']",2,3,1,1,gradual_start,[1070],[1027],3823,0.1,382,1,0,1
6599,log_1253_1708943050.xes,0.0,na,"['gradual', 'sudden']",2,3,1,1,gradual_end,[1465],[1464],3823,0.1,382,1,0,1
6600,log_1366_1708943052.xes,0.3,na,['gradual'],1,2,0,1,no_drift,[],[],3985,0.1,398,0,0,0
6601,log_1366_1708943052.xes,0.3,na,['gradual'],1,2,0,1,sudden,[],[],3985,0.1,398,0,0,0
6602,log_1366_1708943052.xes,0.3,na,['gradual'],1,2,0,1,gradual_start,[1908],[1901],3985,0.1,398,1,0,1
6603,log_1366_1708943052.xes,0.3,na,['gradual'],1,2,0,1,gradual_end,[2493],[2471],3985,0.1,398,1,0,1
6604,log_1138_1708943055.xes,0.6,na,[],0,0,0,0,no_drift,[0],[0],3158,0.1,315,1,0,1
6605,log_1138_1708943055.xes,0.6,na,[],0,0,0,0,sudden,[],[],3158,0.1,315,0,0,0
6606,log_1138_1708943055.xes,0.6,na,[],0,0,0,0,gradual_start,[],[],3158,0.1,315,0,0,0
6607,log_1138_1708943055.xes,0.6,na,[],0,0,0,0,gradual_end,[],[],3158,0.1,315,0,0,0
6608,log_1170_1708943052.xes,0.0,na,['gradual'],1,2,0,1,no_drift,[],[],3214,0.1,321,0,0,0
6609,log_1170_1708943052.xes,0.0,na,['gradual'],1,2,0,1,sudden,[],[],3214,0.1,321,0,0,0
6610,log_1170_1708943052.xes,0.0,na,['gradual'],1,2,0,1,gradual_start,[1638],[1633],3214,0.1,321,1,0,1
6611,log_1170_1708943052.xes,0.0,na,['gradual'],1,2,0,1,gradual_end,[2138],[2113],3214,0.1,321,1,0,1
6612,log_1137_1708943051.xes,0.6,na,['sudden'],1,1,1,0,no_drift,[],[],2655,0.1,265,0,0,0
6613,log_1137_1708943051.xes,0.6,na,['sudden'],1,1,1,0,sudden,[1545],[1535],2655,0.1,265,1,0,1
6614,log_1137_1708943051.xes,0.6,na,['sudden'],1,1,1,0,gradual_start,[],[],2655,0.1,265,0,0,0
6615,log_1137_1708943051.xes,0.6,na,['sudden'],1,1,1,0,gradual_end,[],[],2655,0.1,265,0,0,0
6616,log_1171_1708943055.xes,0.3,na,[],0,0,0,0,no_drift,[0],[0],3806,0.1,380,1,0,1
6617,log_1171_1708943055.xes,0.3,na,[],0,0,0,0,sudden,[],[],3806,0.1,380,0,0,0
6618,log_1171_1708943055.xes,0.3,na,[],0,0,0,0,gradual_start,[],[],3806,0.1,380,0,0,0
6619,log_1171_1708943055.xes,0.3,na,[],0,0,0,0,gradual_end,[],[],3806,0.1,380,0,0,0
6620,log_1213_1708943051.xes,0.0,na,['gradual'],1,2,0,1,no_drift,[],[],3372,0.1,337,0,0,0
6621,log_1213_1708943051.xes,0.0,na,['gradual'],1,2,0,1,sudden,[],[],3372,0.1,337,0,0,0
6622,log_1213_1708943051.xes,0.0,na,['gradual'],1,2,0,1,gradual_start,[1093],[1073],3372,0.1,337,1,0,1
6623,log_1213_1708943051.xes,0.0,na,['gradual'],1,2,0,1,gradual_end,[1638],[1633],3372,0.1,337,1,0,1
6624,log_1809_1708943051.xes,0.6,na,"['gradual', 'gradual', 'gradual']",3,6,0,3,no_drift,[],[0],7540,0.1,754,0,1,0
6625,log_1809_1708943051.xes,0.6,na,"['gradual', 'gradual', 'gradual']",3,6,0,3,sudden,[],[],7540,0.1,754,0,0,0
6626,log_1809_1708943051.xes,0.6,na,"['gradual', 'gradual', 'gradual']",3,6,0,3,gradual_start,"[1302, 3258, 5643]",[],7540,0.1,754,0,0,3
6627,log_1809_1708943051.xes,0.6,na,"['gradual', 'gradual', 'gradual']",3,6,0,3,gradual_end,"[1624, 3685, 5947]",[],7540,0.1,754,0,0,3
6628,log_1512_1708943055.xes,0.3,na,[],0,0,0,0,no_drift,[0],[0],3141,0.1,314,1,0,1
6629,log_1512_1708943055.xes,0.3,na,[],0,0,0,0,sudden,[],[],3141,0.1,314,0,0,0
6630,log_1512_1708943055.xes,0.3,na,[],0,0,0,0,gradual_start,[],[],3141,0.1,314,0,0,0
6631,log_1512_1708943055.xes,0.3,na,[],0,0,0,0,gradual_end,[],[],3141,0.1,314,0,0,0
6632,log_1473_1708943053.xes,0.0,na,[],0,0,0,0,no_drift,[0],[0],2756,0.1,275,1,0,1
6633,log_1473_1708943053.xes,0.0,na,[],0,0,0,0,sudden,[],[],2756,0.1,275,0,0,0
6634,log_1473_1708943053.xes,0.0,na,[],0,0,0,0,gradual_start,[],[],2756,0.1,275,0,0,0
6635,log_1473_1708943053.xes,0.0,na,[],0,0,0,0,gradual_end,[],[],2756,0.1,275,0,0,0
6636,log_1321_1708943046.xes,0.0,na,"['sudden', 'sudden', 'sudden']",3,3,3,0,no_drift,[],[],6211,0.1,621,0,0,0
6637,log_1321_1708943046.xes,0.0,na,"['sudden', 'sudden', 'sudden']",3,3,3,0,sudden,"[1980, 3064, 4773]","[4744, 1954, 3039]",6211,0.1,621,3,0,3
6638,log_1321_1708943046.xes,0.0,na,"['sudden', 'sudden', 'sudden']",3,3,3,0,gradual_start,[],[],6211,0.1,621,0,0,0
6639,log_1321_1708943046.xes,0.0,na,"['sudden', 'sudden', 'sudden']",3,3,3,0,gradual_end,[],[],6211,0.1,621,0,0,0
6640,log_1094_1708943053.xes,0.6,na,"['gradual', 'sudden']",2,3,1,1,no_drift,[],[],5001,0.1,500,0,0,0
6641,log_1094_1708943053.xes,0.6,na,"['gradual', 'sudden']",2,3,1,1,sudden,[3797],[3776],5001,0.1,500,1,0,1
6642,log_1094_1708943053.xes,0.6,na,"['gradual', 'sudden']",2,3,1,1,gradual_start,[1777],[1701],5001,0.1,500,1,0,1
6643,log_1094_1708943053.xes,0.6,na,"['gradual', 'sudden']",2,3,1,1,gradual_end,[2078],[2176],5001,0.1,500,1,0,1
6644,log_1658_1708943051.xes,0.6,na,"['gradual', 'gradual']",2,4,0,2,no_drift,[],[],4681,0.1,468,0,0,0
6645,log_1658_1708943051.xes,0.6,na,"['gradual', 'gradual']",2,4,0,2,sudden,[],[],4681,0.1,468,0,0,0
6646,log_1658_1708943051.xes,0.6,na,"['gradual', 'gradual']",2,4,0,2,gradual_start,"[1578, 3313]",[1565],4681,0.1,468,1,0,2
6647,log_1658_1708943051.xes,0.6,na,"['gradual', 'gradual']",2,4,0,2,gradual_end,"[2108, 3649]",[2025],4681,0.1,468,1,0,2
6648,log_1474_1708943056.xes,0.0,na,"['sudden', 'sudden']",2,2,2,0,no_drift,[],[],5059,0.1,505,0,0,0
6649,log_1474_1708943056.xes,0.0,na,"['sudden', 'sudden']",2,2,2,0,sudden,"[1864, 3441]","[3426, 1851]",5059,0.1,505,2,0,2
6650,log_1474_1708943056.xes,0.0,na,"['sudden', 'sudden']",2,2,2,0,gradual_start,[],[],5059,0.1,505,0,0,0
6651,log_1474_1708943056.xes,0.0,na,"['sudden', 'sudden']",2,2,2,0,gradual_end,[],[],5059,0.1,505,0,0,0
6652,log_1056_1708943050.xes,0.6,na,"['sudden', 'sudden']",2,2,2,0,no_drift,[],[],4065,0.1,406,0,0,0
6653,log_1056_1708943050.xes,0.6,na,"['sudden', 'sudden']",2,2,2,0,sudden,"[1243, 2650]",[2641],4065,0.1,406,1,0,2
6654,log_1056_1708943050.xes,0.6,na,"['sudden', 'sudden']",2,2,2,0,gradual_start,[],[],4065,0.1,406,0,0,0
6655,log_1056_1708943050.xes,0.6,na,"['sudden', 'sudden']",2,2,2,0,gradual_end,[],[],4065,0.1,406,0,0,0
6656,log_1398_1708943053.xes,0.3,na,"['gradual', 'sudden']",2,3,1,1,no_drift,[],[],5359,0.1,535,0,0,0
6657,log_1398_1708943053.xes,0.3,na,"['gradual', 'sudden']",2,3,1,1,sudden,[4051],[],5359,0.1,535,0,0,1
6658,log_1398_1708943053.xes,0.3,na,"['gradual', 'sudden']",2,3,1,1,gradual_start,[1684],[1665],5359,0.1,535,1,0,1
6659,log_1398_1708943053.xes,0.3,na,"['gradual', 'sudden']",2,3,1,1,gradual_end,[2150],[2133],5359,0.1,535,1,0,1
6660,log_1767_1708943052.xes,0.3,na,"['gradual', 'sudden']",2,3,1,1,no_drift,[],[],6018,0.1,601,0,0,0
6661,log_1767_1708943052.xes,0.3,na,"['gradual', 'sudden']",2,3,1,1,sudden,[4114],[],6018,0.1,601,0,0,1
6662,log_1767_1708943052.xes,0.3,na,"['gradual', 'sudden']",2,3,1,1,gradual_start,[1790],[1771],6018,0.1,601,1,0,1
6663,log_1767_1708943052.xes,0.3,na,"['gradual', 'sudden']",2,3,1,1,gradual_end,[2247],[2251],6018,0.1,601,1,0,1
6664,log_1733_1708943057.xes,0.0,na,"['sudden', 'sudden', 'sudden']",3,3,3,0,no_drift,[],[],5598,0.1,559,0,0,0
6665,log_1733_1708943057.xes,0.0,na,"['sudden', 'sudden', 'sudden']",3,3,3,0,sudden,"[1279, 2706, 4532]","[1270, 2701, 4483]",5598,0.1,559,3,0,3
6666,log_1733_1708943057.xes,0.0,na,"['sudden', 'sudden', 'sudden']",3,3,3,0,gradual_start,[],[],5598,0.1,559,0,0,0
6667,log_1733_1708943057.xes,0.0,na,"['sudden', 'sudden', 'sudden']",3,3,3,0,gradual_end,[],[],5598,0.1,559,0,0,0
6668,log_1024_1708943050.xes,0.3,na,[],0,0,0,0,no_drift,[0],[0],5484,0.1,548,1,0,1
6669,log_1024_1708943050.xes,0.3,na,[],0,0,0,0,sudden,[],[],5484,0.1,548,0,0,0
6670,log_1024_1708943050.xes,0.3,na,[],0,0,0,0,gradual_start,[],[],5484,0.1,548,0,0,0
6671,log_1024_1708943050.xes,0.3,na,[],0,0,0,0,gradual_end,[],[],5484,0.1,548,0,0,0
6672,log_1810_1708943058.xes,0.0,na,['gradual'],1,2,0,1,no_drift,[],[],3081,0.1,308,0,0,0
6673,log_1810_1708943058.xes,0.0,na,['gradual'],1,2,0,1,sudden,[],[],3081,0.1,308,0,0,0
6674,log_1810_1708943058.xes,0.0,na,['gradual'],1,2,0,1,gradual_start,[1306],[1306],3081,0.1,308,1,0,1
6675,log_1810_1708943058.xes,0.0,na,['gradual'],1,2,0,1,gradual_end,[1723],[1726],3081,0.1,308,1,0,1
6676,log_1254_1708943055.xes,0.0,na,[],0,0,0,0,no_drift,[0],[0],5295,0.1,529,1,0,1
6677,log_1254_1708943055.xes,0.0,na,[],0,0,0,0,sudden,[],[],5295,0.1,529,0,0,0
6678,log_1254_1708943055.xes,0.0,na,[],0,0,0,0,gradual_start,[],[],5295,0.1,529,0,0,0
6679,log_1254_1708943055.xes,0.0,na,[],0,0,0,0,gradual_end,[],[],5295,0.1,529,0,0,0
6680,log_1695_1708943052.xes,0.6,na,"['sudden', 'gradual']",2,3,1,1,no_drift,[],[],5161,0.1,516,0,0,0
6681,log_1695_1708943052.xes,0.6,na,"['sudden', 'gradual']",2,3,1,1,sudden,[1568],[1551],5161,0.1,516,1,0,1
6682,log_1695_1708943052.xes,0.6,na,"['sudden', 'gradual']",2,3,1,1,gradual_start,[3230],[],5161,0.1,516,0,0,1
6683,log_1695_1708943052.xes,0.6,na,"['sudden', 'gradual']",2,3,1,1,gradual_end,[3610],[],5161,0.1,516,0,0,1
6684,log_1292_1708943054.xes,0.0,na,"['sudden', 'gradual']",2,3,1,1,no_drift,[],[],4040,0.1,404,0,0,0
6685,log_1292_1708943054.xes,0.0,na,"['sudden', 'gradual']",2,3,1,1,sudden,[1034],[1041],4040,0.1,404,1,0,1
6686,log_1292_1708943054.xes,0.0,na,"['sudden', 'gradual']",2,3,1,1,gradual_start,[2181],[2181],4040,0.1,404,1,0,1
6687,log_1292_1708943054.xes,0.0,na,"['sudden', 'gradual']",2,3,1,1,gradual_end,[2572],[2541],4040,0.1,404,1,0,1
6688,log_988_1708943053.xes,0.6,na,['gradual'],1,2,0,1,no_drift,[],[],4163,0.1,416,0,0,0
6689,log_988_1708943053.xes,0.6,na,['gradual'],1,2,0,1,sudden,[],[],4163,0.1,416,0,0,0
6690,log_988_1708943053.xes,0.6,na,['gradual'],1,2,0,1,gradual_start,[1995],[1981],4163,0.1,416,1,0,1
6691,log_988_1708943053.xes,0.6,na,['gradual'],1,2,0,1,gradual_end,[2458],[2441],4163,0.1,416,1,0,1
6692,log_1322_1708943055.xes,0.6,na,"['sudden', 'gradual']",2,3,1,1,no_drift,[],[],4448,0.1,444,0,0,0
6693,log_1322_1708943055.xes,0.6,na,"['sudden', 'gradual']",2,3,1,1,sudden,[1862],[1827],4448,0.1,444,1,0,1
6694,log_1322_1708943055.xes,0.6,na,"['sudden', 'gradual']",2,3,1,1,gradual_start,[2984],[2993],4448,0.1,444,1,0,1
6695,log_1322_1708943055.xes,0.6,na,"['sudden', 'gradual']",2,3,1,1,gradual_end,[3289],[3301],4448,0.1,444,1,0,1
6696,log_1732_1708943038.xes,0.0,na,"['sudden', 'gradual', 'sudden']",3,4,2,1,no_drift,[],[],7437,0.1,743,0,0,0
6697,log_1732_1708943038.xes,0.0,na,"['sudden', 'gradual', 'sudden']",3,4,2,1,sudden,"[1749, 5466]","[5440, 1740]",7437,0.1,743,2,0,2
6698,log_1732_1708943038.xes,0.0,na,"['sudden', 'gradual', 'sudden']",3,4,2,1,gradual_start,[3465],[3479],7437,0.1,743,1,0,1
6699,log_1732_1708943038.xes,0.0,na,"['sudden', 'gradual', 'sudden']",3,4,2,1,gradual_end,[3887],[3849],7437,0.1,743,1,0,1
6700,log_1095_1708943057.xes,0.0,na,"['gradual', 'sudden', 'sudden']",3,4,2,1,no_drift,[],[],7172,0.1,717,0,0,0
6701,log_1095_1708943057.xes,0.0,na,"['gradual', 'sudden', 'sudden']",3,4,2,1,sudden,"[4176, 6044]","[6021, 4131]",7172,0.1,717,2,0,2
6702,log_1095_1708943057.xes,0.0,na,"['gradual', 'sudden', 'sudden']",3,4,2,1,gradual_start,[1857],[1856],7172,0.1,717,1,0,1
6703,log_1095_1708943057.xes,0.0,na,"['gradual', 'sudden', 'sudden']",3,4,2,1,gradual_end,[2326],[2311],7172,0.1,717,1,0,1
6704,log_1475_1708943059.xes,0.6,na,['sudden'],1,1,1,0,no_drift,[],[],3163,0.1,316,0,0,0
6705,log_1475_1708943059.xes,0.6,na,['sudden'],1,1,1,0,sudden,[1958],[1966],3163,0.1,316,1,0,1
6706,log_1475_1708943059.xes,0.6,na,['sudden'],1,1,1,0,gradual_start,[],[],3163,0.1,316,0,0,0
6707,log_1475_1708943059.xes,0.6,na,['sudden'],1,1,1,0,gradual_end,[],[],3163,0.1,316,0,0,0
6708,log_1057_1708943057.xes,0.3,na,[],0,0,0,0,no_drift,[0],[0],4935,0.1,493,1,0,1
6709,log_1057_1708943057.xes,0.3,na,[],0,0,0,0,sudden,[],[],4935,0.1,493,0,0,0
6710,log_1057_1708943057.xes,0.3,na,[],0,0,0,0,gradual_start,[],[],4935,0.1,493,0,0,0
6711,log_1057_1708943057.xes,0.3,na,[],0,0,0,0,gradual_end,[],[],4935,0.1,493,0,0,0
6712,log_1847_1708943056.xes,0.0,na,['sudden'],1,1,1,0,no_drift,[],[],3247,0.1,324,0,0,0
6713,log_1847_1708943056.xes,0.0,na,['sudden'],1,1,1,0,sudden,[1536],[1521],3247,0.1,324,1,0,1
6714,log_1847_1708943056.xes,0.0,na,['sudden'],1,1,1,0,gradual_start,[],[],3247,0.1,324,0,0,0
6715,log_1847_1708943056.xes,0.0,na,['sudden'],1,1,1,0,gradual_end,[],[],3247,0.1,324,0,0,0
6716,log_1096_1708943060.xes,0.3,na,['gradual'],1,2,0,1,no_drift,[],[],3668,0.1,366,0,0,0
6717,log_1096_1708943060.xes,0.3,na,['gradual'],1,2,0,1,sudden,[],[],3668,0.1,366,0,0,0
6718,log_1096_1708943060.xes,0.3,na,['gradual'],1,2,0,1,gradual_start,[1636],[1603],3668,0.1,366,1,0,1
6719,log_1096_1708943060.xes,0.3,na,['gradual'],1,2,0,1,gradual_end,[2100],[2089],3668,0.1,366,1,0,1
6720,log_1139_1708943057.xes,0.0,na,"['gradual', 'gradual']",2,4,0,2,no_drift,[],[],6347,0.1,634,0,0,0
6721,log_1139_1708943057.xes,0.0,na,"['gradual', 'gradual']",2,4,0,2,sudden,[],[],6347,0.1,634,0,0,0
6722,log_1139_1708943057.xes,0.0,na,"['gradual', 'gradual']",2,4,0,2,gradual_start,"[1646, 3953]","[1644, 3938]",6347,0.1,634,2,0,2
6723,log_1139_1708943057.xes,0.0,na,"['gradual', 'gradual']",2,4,0,2,gradual_end,"[2016, 4526]","[2016, 4558]",6347,0.1,634,2,0,2
6724,log_1214_1708943057.xes,0.0,na,['sudden'],1,1,1,0,no_drift,[],[],3110,0.1,311,0,0,0
6725,log_1214_1708943057.xes,0.0,na,['sudden'],1,1,1,0,sudden,[1642],[1636],3110,0.1,311,1,0,1
6726,log_1214_1708943057.xes,0.0,na,['sudden'],1,1,1,0,gradual_start,[],[],3110,0.1,311,0,0,0
6727,log_1214_1708943057.xes,0.0,na,['sudden'],1,1,1,0,gradual_end,[],[],3110,0.1,311,0,0,0
6728,log_1140_1708943060.xes,0.3,na,['gradual'],1,2,0,1,no_drift,[],[],3563,0.1,356,0,0,0
6729,log_1140_1708943060.xes,0.3,na,['gradual'],1,2,0,1,sudden,[],[],3563,0.1,356,0,0,0
6730,log_1140_1708943060.xes,0.3,na,['gradual'],1,2,0,1,gradual_start,[1378],[1327],3563,0.1,356,1,0,1
6731,log_1140_1708943060.xes,0.3,na,['gradual'],1,2,0,1,gradual_end,[1770],[1803],3563,0.1,356,1,0,1
6732,log_1768_1708943058.xes,0.0,na,"['sudden', 'gradual']",2,3,1,1,no_drift,[],[],4531,0.1,453,0,0,0
6733,log_1768_1708943058.xes,0.0,na,"['sudden', 'gradual']",2,3,1,1,sudden,[1238],[1211],4531,0.1,453,1,0,1
6734,log_1768_1708943058.xes,0.0,na,"['sudden', 'gradual']",2,3,1,1,gradual_start,[2411],[2399],4531,0.1,453,1,0,1
6735,log_1768_1708943058.xes,0.0,na,"['sudden', 'gradual']",2,3,1,1,gradual_end,[2964],[2905],4531,0.1,453,1,0,1
6736,log_1399_1708943059.xes,0.6,na,"['gradual', 'sudden']",2,3,1,1,no_drift,[],[],4656,0.1,465,0,0,0
6737,log_1399_1708943059.xes,0.6,na,"['gradual', 'sudden']",2,3,1,1,sudden,[3096],[3083],4656,0.1,465,1,0,1
6738,log_1399_1708943059.xes,0.6,na,"['gradual', 'sudden']",2,3,1,1,gradual_start,[1378],[1381],4656,0.1,465,1,0,1
6739,log_1399_1708943059.xes,0.6,na,"['gradual', 'sudden']",2,3,1,1,gradual_end,[1882],[1841],4656,0.1,465,1,0,1
6740,log_1734_1708943059.xes,0.6,na,[],0,0,0,0,no_drift,[0],[0],2514,0.1,251,1,0,1
6741,log_1734_1708943059.xes,0.6,na,[],0,0,0,0,sudden,[],[],2514,0.1,251,0,0,0
6742,log_1734_1708943059.xes,0.6,na,[],0,0,0,0,gradual_start,[],[],2514,0.1,251,0,0,0
6743,log_1734_1708943059.xes,0.6,na,[],0,0,0,0,gradual_end,[],[],2514,0.1,251,0,0,0
6744,log_1977_1708943059.xes,0.0,na,[],0,0,0,0,no_drift,[0],[0],2930,0.1,293,1,0,1
6745,log_1977_1708943059.xes,0.0,na,[],0,0,0,0,sudden,[],[],2930,0.1,293,0,0,0
6746,log_1977_1708943059.xes,0.0,na,[],0,0,0,0,gradual_start,[],[],2930,0.1,293,0,0,0
6747,log_1977_1708943059.xes,0.0,na,[],0,0,0,0,gradual_end,[],[],2930,0.1,293,0,0,0
6748,log_1215_1708943060.xes,0.6,na,"['sudden', 'sudden']",2,2,2,0,no_drift,[],[],4140,0.1,414,0,0,0
6749,log_1215_1708943060.xes,0.6,na,"['sudden', 'sudden']",2,2,2,0,sudden,"[1412, 2985]",[1441],4140,0.1,414,1,0,2
6750,log_1215_1708943060.xes,0.6,na,"['sudden', 'sudden']",2,2,2,0,gradual_start,[],[],4140,0.1,414,0,0,0
6751,log_1215_1708943060.xes,0.6,na,"['sudden', 'sudden']",2,2,2,0,gradual_end,[],[],4140,0.1,414,0,0,0
6752,log_1939_1708943058.xes,0.0,na,"['sudden', 'sudden']",2,2,2,0,no_drift,[],[],4445,0.1,444,0,0,0
6753,log_1939_1708943058.xes,0.0,na,"['sudden', 'sudden']",2,2,2,0,sudden,"[1037, 2749]","[1013, 2729]",4445,0.1,444,2,0,2
6754,log_1939_1708943058.xes,0.0,na,"['sudden', 'sudden']",2,2,2,0,gradual_start,[],[],4445,0.1,444,0,0,0
6755,log_1939_1708943058.xes,0.0,na,"['sudden', 'sudden']",2,2,2,0,gradual_end,[],[],4445,0.1,444,0,0,0
6756,log_1940_1708943063.xes,0.6,na,[],0,0,0,0,no_drift,[0],[0],2548,0.1,254,1,0,1
6757,log_1940_1708943063.xes,0.6,na,[],0,0,0,0,sudden,[],[],2548,0.1,254,0,0,0
6758,log_1940_1708943063.xes,0.6,na,[],0,0,0,0,gradual_start,[],[],2548,0.1,254,0,0,0
6759,log_1940_1708943063.xes,0.6,na,[],0,0,0,0,gradual_end,[],[],2548,0.1,254,0,0,0
6760,log_1735_1708943062.xes,0.0,na,['gradual'],1,2,0,1,no_drift,[],[],2997,0.1,299,0,0,0
6761,log_1735_1708943062.xes,0.0,na,['gradual'],1,2,0,1,sudden,[],[],2997,0.1,299,0,0,0
6762,log_1735_1708943062.xes,0.0,na,['gradual'],1,2,0,1,gradual_start,[1018],[1051],2997,0.1,299,1,0,1
6763,log_1735_1708943062.xes,0.0,na,['gradual'],1,2,0,1,gradual_end,[1540],[1513],2997,0.1,299,1,0,1
6764,log_1435_1708943050.xes,0.0,na,"['gradual', 'sudden', 'sudden']",3,4,2,1,no_drift,[],[],6755,0.1,675,0,0,0
6765,log_1435_1708943050.xes,0.0,na,"['gradual', 'sudden', 'sudden']",3,4,2,1,sudden,"[2966, 4835]","[2938, 4786]",6755,0.1,675,2,0,2
6766,log_1435_1708943050.xes,0.0,na,"['gradual', 'sudden', 'sudden']",3,4,2,1,gradual_start,[1365],[1387],6755,0.1,675,1,0,1
6767,log_1435_1708943050.xes,0.0,na,"['gradual', 'sudden', 'sudden']",3,4,2,1,gradual_end,[1797],[1750],6755,0.1,675,1,0,1
6768,log_1058_1708943060.xes,0.6,na,"['sudden', 'gradual']",2,3,1,1,no_drift,[],[],4949,0.1,494,0,0,0
6769,log_1058_1708943060.xes,0.6,na,"['sudden', 'gradual']",2,3,1,1,sudden,[1081],[1033],4949,0.1,494,1,0,1
6770,log_1058_1708943060.xes,0.6,na,"['sudden', 'gradual']",2,3,1,1,gradual_start,[2854],[2809],4949,0.1,494,1,0,1
6771,log_1058_1708943060.xes,0.6,na,"['sudden', 'gradual']",2,3,1,1,gradual_end,[3319],[3289],4949,0.1,494,1,0,1
6772,log_1978_1708943062.xes,0.0,na,['gradual'],1,2,0,1,no_drift,[],[],3613,0.1,361,0,0,0
6773,log_1978_1708943062.xes,0.0,na,['gradual'],1,2,0,1,sudden,[],[],3613,0.1,361,0,0,0
6774,log_1978_1708943062.xes,0.0,na,['gradual'],1,2,0,1,gradual_start,[1552],[1567],3613,0.1,361,1,0,1
6775,log_1978_1708943062.xes,0.0,na,['gradual'],1,2,0,1,gradual_end,[2058],[2035],3613,0.1,361,1,0,1
6776,log_1901_1708943058.xes,0.0,na,['sudden'],1,1,1,0,no_drift,[],[],2697,0.1,269,0,0,0
6777,log_1901_1708943058.xes,0.0,na,['sudden'],1,1,1,0,sudden,[1022],[1015],2697,0.1,269,1,0,1
6778,log_1901_1708943058.xes,0.0,na,['sudden'],1,1,1,0,gradual_start,[],[],2697,0.1,269,0,0,0
6779,log_1901_1708943058.xes,0.0,na,['sudden'],1,1,1,0,gradual_end,[],[],2697,0.1,269,0,0,0
6780,log_1769_1708943061.xes,0.0,na,"['gradual', 'sudden']",2,3,1,1,no_drift,[],[],3871,0.1,387,0,0,0
6781,log_1769_1708943061.xes,0.0,na,"['gradual', 'sudden']",2,3,1,1,sudden,[2820],[2813],3871,0.1,387,1,0,1
6782,log_1769_1708943061.xes,0.0,na,"['gradual', 'sudden']",2,3,1,1,gradual_start,[1268],[],3871,0.1,387,0,0,1
6783,log_1769_1708943061.xes,0.0,na,"['gradual', 'sudden']",2,3,1,1,gradual_end,[1626],[],3871,0.1,387,0,0,1
6784,log_1513_1708943057.xes,0.3,na,"['gradual', 'gradual']",2,4,0,2,no_drift,[],[],6324,0.1,632,0,0,0
6785,log_1513_1708943057.xes,0.3,na,"['gradual', 'gradual']",2,4,0,2,sudden,[],[],6324,0.1,632,0,0,0
6786,log_1513_1708943057.xes,0.3,na,"['gradual', 'gradual']",2,4,0,2,gradual_start,"[1855, 3944]",[1830],6324,0.1,632,1,0,2
6787,log_1513_1708943057.xes,0.3,na,"['gradual', 'gradual']",2,4,0,2,gradual_end,"[2373, 4442]",[2326],6324,0.1,632,1,0,2
6788,log_1888_1708943063.xes,0.0,na,['sudden'],1,1,1,0,no_drift,[],[],3317,0.1,331,0,0,0
6789,log_1888_1708943063.xes,0.0,na,['sudden'],1,1,1,0,sudden,[1702],[1681],3317,0.1,331,1,0,1
6790,log_1888_1708943063.xes,0.0,na,['sudden'],1,1,1,0,gradual_start,[],[],3317,0.1,331,0,0,0
6791,log_1888_1708943063.xes,0.0,na,['sudden'],1,1,1,0,gradual_end,[],[],3317,0.1,331,0,0,0
6792,log_1887_1708943053.xes,0.0,na,"['gradual', 'sudden', 'gradual']",3,5,1,2,no_drift,[],[],7110,0.1,711,0,0,0
6793,log_1887_1708943053.xes,0.0,na,"['gradual', 'sudden', 'gradual']",3,5,1,2,sudden,[3908],[3886],7110,0.1,711,1,0,1
6794,log_1887_1708943053.xes,0.0,na,"['gradual', 'sudden', 'gradual']",3,5,1,2,gradual_start,"[1729, 5116]",[],7110,0.1,711,0,0,2
6795,log_1887_1708943053.xes,0.0,na,"['gradual', 'sudden', 'gradual']",3,5,1,2,gradual_end,"[2131, 5545]",[],7110,0.1,711,0,0,2
6796,log_1659_1708943059.xes,0.3,na,['sudden'],1,1,1,0,no_drift,[],[],3855,0.1,385,0,0,0
6797,log_1659_1708943059.xes,0.3,na,['sudden'],1,1,1,0,sudden,[1933],[1920],3855,0.1,385,1,0,1
6798,log_1659_1708943059.xes,0.3,na,['sudden'],1,1,1,0,gradual_start,[],[],3855,0.1,385,0,0,0
6799,log_1659_1708943059.xes,0.3,na,['sudden'],1,1,1,0,gradual_end,[],[],3855,0.1,385,0,0,0
6800,log_1367_1708943054.xes,0.0,na,"['gradual', 'gradual']",2,4,0,2,no_drift,[],[],5920,0.1,592,0,0,0
6801,log_1367_1708943054.xes,0.0,na,"['gradual', 'gradual']",2,4,0,2,sudden,[],[],5920,0.1,592,0,0,0
6802,log_1367_1708943054.xes,0.0,na,"['gradual', 'gradual']",2,4,0,2,gradual_start,"[1738, 3898]",[1712],5920,0.1,592,1,0,2
6803,log_1367_1708943054.xes,0.0,na,"['gradual', 'gradual']",2,4,0,2,gradual_end,"[2223, 4211]",[2205],5920,0.1,592,1,0,2
6804,log_1979_1708943063.xes,0.3,na,"['sudden', 'gradual', 'gradual']",3,5,1,2,no_drift,[],[0],5560,0.1,556,0,1,0
6805,log_1979_1708943063.xes,0.3,na,"['sudden', 'gradual', 'gradual']",3,5,1,2,sudden,[1088],[],5560,0.1,556,0,0,1
6806,log_1979_1708943063.xes,0.3,na,"['sudden', 'gradual', 'gradual']",3,5,1,2,gradual_start,"[2098, 4066]",[],5560,0.1,556,0,0,2
6807,log_1979_1708943063.xes,0.3,na,"['sudden', 'gradual', 'gradual']",3,5,1,2,gradual_end,"[2500, 4402]",[],5560,0.1,556,0,0,2
6808,log_1323_1708943059.xes,0.6,na,"['gradual', 'gradual']",2,4,0,2,no_drift,[],[],5282,0.1,528,0,0,0
6809,log_1323_1708943059.xes,0.6,na,"['gradual', 'gradual']",2,4,0,2,sudden,[],[],5282,0.1,528,0,0,0
6810,log_1323_1708943059.xes,0.6,na,"['gradual', 'gradual']",2,4,0,2,gradual_start,"[1613, 3756]",[3745],5282,0.1,528,1,0,2
6811,log_1323_1708943059.xes,0.6,na,"['gradual', 'gradual']",2,4,0,2,gradual_end,"[1960, 4211]",[4291],5282,0.1,528,1,0,2
6812,log_1660_1708943063.xes,0.3,na,[],0,0,0,0,no_drift,[0],[0],3900,0.1,390,1,0,1
6813,log_1660_1708943063.xes,0.3,na,[],0,0,0,0,sudden,[],[],3900,0.1,390,0,0,0
6814,log_1660_1708943063.xes,0.3,na,[],0,0,0,0,gradual_start,[],[],3900,0.1,390,0,0,0
6815,log_1660_1708943063.xes,0.3,na,[],0,0,0,0,gradual_end,[],[],3900,0.1,390,0,0,0
6816,log_1811_1708943060.xes,0.0,na,"['gradual', 'gradual']",2,4,0,2,no_drift,[],[],5181,0.1,518,0,0,0
6817,log_1811_1708943060.xes,0.0,na,"['gradual', 'gradual']",2,4,0,2,sudden,[],[],5181,0.1,518,0,0,0
6818,log_1811_1708943060.xes,0.0,na,"['gradual', 'gradual']",2,4,0,2,gradual_start,"[1272, 3289]",[1276],5181,0.1,518,1,0,2
6819,log_1811_1708943060.xes,0.0,na,"['gradual', 'gradual']",2,4,0,2,gradual_end,"[1858, 3633]",[1851],5181,0.1,518,1,0,2
6820,log_1476_1708943062.xes,0.0,na,"['gradual', 'gradual', 'sudden']",3,5,1,2,no_drift,[],[],7328,0.1,732,0,0,0
6821,log_1476_1708943062.xes,0.0,na,"['gradual', 'gradual', 'sudden']",3,5,1,2,sudden,[5950],"[3961, 5941]",7328,0.1,732,1,1,1
6822,log_1476_1708943062.xes,0.0,na,"['gradual', 'gradual', 'sudden']",3,5,1,2,gradual_start,"[1682, 3984]",[1693],7328,0.1,732,1,0,2
6823,log_1476_1708943062.xes,0.0,na,"['gradual', 'gradual', 'sudden']",3,5,1,2,gradual_end,"[2199, 4474]",[2125],7328,0.1,732,1,0,2
6824,log_1172_1708943057.xes,0.3,na,"['sudden', 'sudden', 'sudden']",3,3,3,0,no_drift,[],[],6122,0.1,612,0,0,0
6825,log_1172_1708943057.xes,0.3,na,"['sudden', 'sudden', 'sudden']",3,3,3,0,sudden,"[1526, 2738, 4489]","[2701, 1501, 4441]",6122,0.1,612,3,0,3
6826,log_1172_1708943057.xes,0.3,na,"['sudden', 'sudden', 'sudden']",3,3,3,0,gradual_start,[],[],6122,0.1,612,0,0,0
6827,log_1172_1708943057.xes,0.3,na,"['sudden', 'sudden', 'sudden']",3,3,3,0,gradual_end,[],[],6122,0.1,612,0,0,0
6828,log_1581_1708943067.xes,0.0,na,['gradual'],1,2,0,1,no_drift,[],[],3126,0.1,312,0,0,0
6829,log_1581_1708943067.xes,0.0,na,['gradual'],1,2,0,1,sudden,[],[],3126,0.1,312,0,0,0
6830,log_1581_1708943067.xes,0.0,na,['gradual'],1,2,0,1,gradual_start,[1141],[1096],3126,0.1,312,1,0,1
6831,log_1581_1708943067.xes,0.0,na,['gradual'],1,2,0,1,gradual_end,[1722],[1711],3126,0.1,312,1,0,1
6832,log_1216_1708943062.xes,0.0,na,[],0,0,0,0,no_drift,[0],[0],7636,0.1,763,1,0,1
6833,log_1216_1708943062.xes,0.0,na,[],0,0,0,0,sudden,[],[],7636,0.1,763,0,0,0
6834,log_1216_1708943062.xes,0.0,na,[],0,0,0,0,gradual_start,[],[],7636,0.1,763,0,0,0
6835,log_1216_1708943062.xes,0.0,na,[],0,0,0,0,gradual_end,[],[],7636,0.1,763,0,0,0
6836,log_1620_1708943045.xes,0.3,na,"['gradual', 'gradual', 'sudden']",3,5,1,2,no_drift,[],[],5755,0.1,575,0,0,0
6837,log_1620_1708943045.xes,0.3,na,"['gradual', 'gradual', 'sudden']",3,5,1,2,sudden,[4599],[4565],5755,0.1,575,1,0,1
6838,log_1620_1708943045.xes,0.3,na,"['gradual', 'gradual', 'sudden']",3,5,1,2,gradual_start,"[1186, 3038]","[3025, 1205]",5755,0.1,575,2,0,2
6839,log_1620_1708943045.xes,0.3,na,"['gradual', 'gradual', 'sudden']",3,5,1,2,gradual_end,"[1777, 3341]","[3333, 1765]",5755,0.1,575,2,0,2
6840,log_1696_1708943059.xes,0.6,na,"['gradual', 'gradual']",2,4,0,2,no_drift,[],[],5708,0.1,570,0,0,0
6841,log_1696_1708943059.xes,0.6,na,"['gradual', 'gradual']",2,4,0,2,sudden,[],[],5708,0.1,570,0,0,0
6842,log_1696_1708943059.xes,0.6,na,"['gradual', 'gradual']",2,4,0,2,gradual_start,"[1973, 4137]",[4145],5708,0.1,570,1,0,2
6843,log_1696_1708943059.xes,0.6,na,"['gradual', 'gradual']",2,4,0,2,gradual_end,"[2286, 4444]",[4453],5708,0.1,570,1,0,2
6844,log_1812_1708943064.xes,0.3,na,"['sudden', 'sudden']",2,2,2,0,no_drift,[],[],4043,0.1,404,0,0,0
6845,log_1812_1708943064.xes,0.3,na,"['sudden', 'sudden']",2,2,2,0,sudden,"[1121, 2289]","[2261, 1101]",4043,0.1,404,2,0,2
6846,log_1812_1708943064.xes,0.3,na,"['sudden', 'sudden']",2,2,2,0,gradual_start,[],[],4043,0.1,404,0,0,0
6847,log_1812_1708943064.xes,0.3,na,"['sudden', 'sudden']",2,2,2,0,gradual_end,[],[],4043,0.1,404,0,0,0
6848,log_1941_1708943065.xes,0.0,na,"['sudden', 'gradual', 'sudden']",3,4,2,1,no_drift,[],[],5287,0.1,528,0,0,0
6849,log_1941_1708943065.xes,0.0,na,"['sudden', 'gradual', 'sudden']",3,4,2,1,sudden,"[1476, 4283]",[1431],5287,0.1,528,1,0,2
6850,log_1941_1708943065.xes,0.0,na,"['sudden', 'gradual', 'sudden']",3,4,2,1,gradual_start,[2772],[],5287,0.1,528,0,0,1
6851,log_1941_1708943065.xes,0.0,na,"['sudden', 'gradual', 'sudden']",3,4,2,1,gradual_end,[3204],[],5287,0.1,528,0,0,1
6852,log_1098_1708943068.xes,0.0,na,['sudden'],1,1,1,0,no_drift,[],[],3421,0.1,342,0,0,0
6853,log_1098_1708943068.xes,0.0,na,['sudden'],1,1,1,0,sudden,[1500],[1480],3421,0.1,342,1,0,1
6854,log_1098_1708943068.xes,0.0,na,['sudden'],1,1,1,0,gradual_start,[],[],3421,0.1,342,0,0,0
6855,log_1098_1708943068.xes,0.0,na,['sudden'],1,1,1,0,gradual_end,[],[],3421,0.1,342,0,0,0
6856,log_1514_1708943063.xes,0.3,na,"['gradual', 'sudden']",2,3,1,1,no_drift,[],[],5302,0.1,530,0,0,0
6857,log_1514_1708943063.xes,0.3,na,"['gradual', 'sudden']",2,3,1,1,sudden,[3376],[3355],5302,0.1,530,1,0,1
6858,log_1514_1708943063.xes,0.3,na,"['gradual', 'sudden']",2,3,1,1,gradual_start,[1012],[],5302,0.1,530,0,0,1
6859,log_1514_1708943063.xes,0.3,na,"['gradual', 'sudden']",2,3,1,1,gradual_end,[1542],[],5302,0.1,530,0,0,1
6860,log_2053_1708943067.xes,0.6,na,['gradual'],1,2,0,1,no_drift,[],[],3208,0.1,320,0,0,0
6861,log_2053_1708943067.xes,0.6,na,['gradual'],1,2,0,1,sudden,[],[],3208,0.1,320,0,0,0
6862,log_2053_1708943067.xes,0.6,na,['gradual'],1,2,0,1,gradual_start,[1216],[1201],3208,0.1,320,1,0,1
6863,log_2053_1708943067.xes,0.6,na,['gradual'],1,2,0,1,gradual_end,[1651],[1601],3208,0.1,320,1,0,1
6864,log_1097_1708943062.xes,0.0,na,"['gradual', 'gradual']",2,4,0,2,no_drift,[],[],4943,0.1,494,0,0,0
6865,log_1097_1708943062.xes,0.0,na,"['gradual', 'gradual']",2,4,0,2,sudden,[],[],4943,0.1,494,0,0,0
6866,log_1097_1708943062.xes,0.0,na,"['gradual', 'gradual']",2,4,0,2,gradual_start,"[1425, 3084]",[3073],4943,0.1,494,1,0,2
6867,log_1097_1708943062.xes,0.0,na,"['gradual', 'gradual']",2,4,0,2,gradual_end,"[1939, 3662]",[3601],4943,0.1,494,1,0,2
6868,log_1400_1708943063.xes,0.6,na,"['sudden', 'gradual', 'gradual']",3,5,1,2,no_drift,[],[],6727,0.1,672,0,0,0
6869,log_1400_1708943063.xes,0.6,na,"['sudden', 'gradual', 'gradual']",3,5,1,2,sudden,[1248],[1222],6727,0.1,672,1,0,1
6870,log_1400_1708943063.xes,0.6,na,"['sudden', 'gradual', 'gradual']",3,5,1,2,gradual_start,"[2935, 4602]",[4588],6727,0.1,672,1,0,2
6871,log_1400_1708943063.xes,0.6,na,"['sudden', 'gradual', 'gradual']",3,5,1,2,gradual_end,"[3284, 5036]",[5050],6727,0.1,672,1,0,2
6872,log_1902_1708943063.xes,0.0,na,"['sudden', 'sudden', 'gradual']",3,4,2,1,no_drift,[],[],6204,0.1,620,0,0,0
6873,log_1902_1708943063.xes,0.0,na,"['sudden', 'sudden', 'gradual']",3,4,2,1,sudden,"[1152, 2261]","[2264, 1117]",6204,0.1,620,2,0,2
6874,log_1902_1708943063.xes,0.0,na,"['sudden', 'sudden', 'gradual']",3,4,2,1,gradual_start,[3944],[3938],6204,0.1,620,1,0,1
6875,log_1902_1708943063.xes,0.0,na,"['sudden', 'sudden', 'gradual']",3,4,2,1,gradual_end,[4373],[4341],6204,0.1,620,1,0,1
6876,log_1621_1708943064.xes,0.0,na,"['sudden', 'sudden', 'sudden']",3,3,3,0,no_drift,[],[],7046,0.1,704,0,0,0
6877,log_1621_1708943064.xes,0.0,na,"['sudden', 'sudden', 'sudden']",3,3,3,0,sudden,"[1445, 3349, 5054]","[5006, 3291]",7046,0.1,704,2,0,3
6878,log_1621_1708943064.xes,0.0,na,"['sudden', 'sudden', 'sudden']",3,3,3,0,gradual_start,[],[],7046,0.1,704,0,0,0
6879,log_1621_1708943064.xes,0.0,na,"['sudden', 'sudden', 'sudden']",3,3,3,0,gradual_end,[],[],7046,0.1,704,0,0,0
6880,log_1580_1708943056.xes,0.0,na,[],0,0,0,0,no_drift,[0],[0],5632,0.1,563,1,0,1
6881,log_1580_1708943056.xes,0.0,na,[],0,0,0,0,sudden,[],[],5632,0.1,563,0,0,0
6882,log_1580_1708943056.xes,0.0,na,[],0,0,0,0,gradual_start,[],[],5632,0.1,563,0,0,0
6883,log_1580_1708943056.xes,0.0,na,[],0,0,0,0,gradual_end,[],[],5632,0.1,563,0,0,0
6884,log_1548_1708943068.xes,0.0,na,"['gradual', 'sudden']",2,3,1,1,no_drift,[],[],4035,0.1,403,0,0,0
6885,log_1548_1708943068.xes,0.0,na,"['gradual', 'sudden']",2,3,1,1,sudden,[2997],[2961],4035,0.1,403,1,0,1
6886,log_1548_1708943068.xes,0.0,na,"['gradual', 'sudden']",2,3,1,1,gradual_start,[1228],[1221],4035,0.1,403,1,0,1
6887,log_1548_1708943068.xes,0.0,na,"['gradual', 'sudden']",2,3,1,1,gradual_end,[1601],[1601],4035,0.1,403,1,0,1
6888,log_1173_1708943067.xes,0.0,na,[],0,0,0,0,no_drift,[0],[0],3450,0.1,345,1,0,1
6889,log_1173_1708943067.xes,0.0,na,[],0,0,0,0,sudden,[],[],3450,0.1,345,0,0,0
6890,log_1173_1708943067.xes,0.0,na,[],0,0,0,0,gradual_start,[],[],3450,0.1,345,0,0,0
6891,log_1173_1708943067.xes,0.0,na,[],0,0,0,0,gradual_end,[],[],3450,0.1,345,0,0,0
6892,log_1324_1708943064.xes,0.3,na,"['gradual', 'gradual']",2,4,0,2,no_drift,[],[],5271,0.1,527,0,0,0
6893,log_1324_1708943064.xes,0.3,na,"['gradual', 'gradual']",2,4,0,2,sudden,[],[],5271,0.1,527,0,0,0
6894,log_1324_1708943064.xes,0.3,na,"['gradual', 'gradual']",2,4,0,2,gradual_start,"[1591, 3046]",[3017],5271,0.1,527,1,0,2
6895,log_1324_1708943064.xes,0.3,na,"['gradual', 'gradual']",2,4,0,2,gradual_end,"[1999, 3362]",[3329],5271,0.1,527,1,0,2
6896,log_1547_1708943047.xes,0.6,na,"['gradual', 'gradual', 'gradual']",3,6,0,3,no_drift,[],[0],8574,0.1,857,0,1,0
6897,log_1547_1708943047.xes,0.6,na,"['gradual', 'gradual', 'gradual']",3,6,0,3,sudden,[],[],8574,0.1,857,0,0,0
6898,log_1547_1708943047.xes,0.6,na,"['gradual', 'gradual', 'gradual']",3,6,0,3,gradual_start,"[1683, 3939, 6034]",[],8574,0.1,857,0,0,3
6899,log_1547_1708943047.xes,0.6,na,"['gradual', 'gradual', 'gradual']",3,6,0,3,gradual_end,"[2245, 4441, 6608]",[],8574,0.1,857,0,0,3
6900,log_1736_1708943063.xes,0.6,na,"['sudden', 'sudden', 'sudden']",3,3,3,0,no_drift,[],[],5504,0.1,550,0,0,0
6901,log_1736_1708943063.xes,0.6,na,"['sudden', 'sudden', 'sudden']",3,3,3,0,sudden,"[1131, 3120, 4363]","[3106, 4348]",5504,0.1,550,2,0,3
6902,log_1736_1708943063.xes,0.6,na,"['sudden', 'sudden', 'sudden']",3,3,3,0,gradual_start,[],[],5504,0.1,550,0,0,0
6903,log_1736_1708943063.xes,0.6,na,"['sudden', 'sudden', 'sudden']",3,3,3,0,gradual_end,[],[],5504,0.1,550,0,0,0
6904,log_1060_1708943070.xes,0.6,na,[],0,0,0,0,no_drift,[0],[0],1557,0.1,155,1,0,1
6905,log_1060_1708943070.xes,0.6,na,[],0,0,0,0,sudden,[],[],1557,0.1,155,0,0,0
6906,log_1060_1708943070.xes,0.6,na,[],0,0,0,0,gradual_start,[],[],1557,0.1,155,0,0,0
6907,log_1060_1708943070.xes,0.6,na,[],0,0,0,0,gradual_end,[],[],1557,0.1,155,0,0,0
6908,log_1025_1708943060.xes,0.0,na,"['sudden', 'sudden']",2,2,2,0,no_drift,[],[],5126,0.1,512,0,0,0
6909,log_1025_1708943060.xes,0.0,na,"['sudden', 'sudden']",2,2,2,0,sudden,"[1353, 3184]","[3151, 1326]",5126,0.1,512,2,0,2
6910,log_1025_1708943060.xes,0.0,na,"['sudden', 'sudden']",2,2,2,0,gradual_start,[],[],5126,0.1,512,0,0,0
6911,log_1025_1708943060.xes,0.0,na,"['sudden', 'sudden']",2,2,2,0,gradual_end,[],[],5126,0.1,512,0,0,0
6912,log_1980_1708943065.xes,0.6,na,"['sudden', 'sudden', 'gradual']",3,4,2,1,no_drift,[],[],6602,0.1,660,0,0,0
6913,log_1980_1708943065.xes,0.6,na,"['sudden', 'sudden', 'gradual']",3,4,2,1,sudden,"[1533, 2893]",[],6602,0.1,660,0,0,2
6914,log_1980_1708943065.xes,0.6,na,"['sudden', 'sudden', 'gradual']",3,4,2,1,gradual_start,[4414],[4423],6602,0.1,660,1,0,1
6915,log_1980_1708943065.xes,0.6,na,"['sudden', 'sudden', 'gradual']",3,4,2,1,gradual_end,[4871],[4852],6602,0.1,660,1,0,1
6916,log_1903_1708943068.xes,0.0,na,[],0,0,0,0,no_drift,[0],[0],5596,0.1,559,1,0,1
6917,log_1903_1708943068.xes,0.0,na,[],0,0,0,0,sudden,[],[],5596,0.1,559,0,0,0
6918,log_1903_1708943068.xes,0.0,na,[],0,0,0,0,gradual_start,[],[],5596,0.1,559,0,0,0
6919,log_1903_1708943068.xes,0.0,na,[],0,0,0,0,gradual_end,[],[],5596,0.1,559,0,0,0
6920,log_1813_1708943067.xes,0.0,na,"['sudden', 'sudden', 'sudden']",3,3,3,0,no_drift,[],[],5454,0.1,545,0,0,0
6921,log_1813_1708943067.xes,0.0,na,"['sudden', 'sudden', 'sudden']",3,3,3,0,sudden,"[1079, 2316, 3914]","[2296, 3889, 1054]",5454,0.1,545,3,0,3
6922,log_1813_1708943067.xes,0.0,na,"['sudden', 'sudden', 'sudden']",3,3,3,0,gradual_start,[],[],5454,0.1,545,0,0,0
6923,log_1813_1708943067.xes,0.0,na,"['sudden', 'sudden', 'sudden']",3,3,3,0,gradual_end,[],[],5454,0.1,545,0,0,0
6924,log_1477_1708943068.xes,0.0,na,['gradual'],1,2,0,1,no_drift,[],[],3577,0.1,357,0,0,0
6925,log_1477_1708943068.xes,0.0,na,['gradual'],1,2,0,1,sudden,[],[],3577,0.1,357,0,0,0
6926,log_1477_1708943068.xes,0.0,na,['gradual'],1,2,0,1,gradual_start,[1912],[1888],3577,0.1,357,1,0,1
6927,log_1477_1708943068.xes,0.0,na,['gradual'],1,2,0,1,gradual_end,[2446],[2415],3577,0.1,357,1,0,1
6928,log_1770_1708943065.xes,0.3,na,"['sudden', 'gradual', 'gradual']",3,5,1,2,no_drift,[],[],6662,0.1,666,0,0,0
6929,log_1770_1708943065.xes,0.3,na,"['sudden', 'gradual', 'gradual']",3,5,1,2,sudden,[1622],[1585],6662,0.1,666,1,0,1
6930,log_1770_1708943065.xes,0.3,na,"['sudden', 'gradual', 'gradual']",3,5,1,2,gradual_start,"[3204, 5038]","[5017, 3202]",6662,0.1,666,2,0,2
6931,log_1770_1708943065.xes,0.3,na,"['sudden', 'gradual', 'gradual']",3,5,1,2,gradual_end,"[3577, 5353]","[5380, 3565]",6662,0.1,666,2,0,2
6932,log_1436_1708943062.xes,0.0,na,['gradual'],1,2,0,1,no_drift,[],[],4024,0.1,402,0,0,0
6933,log_1436_1708943062.xes,0.0,na,['gradual'],1,2,0,1,sudden,[],[],4024,0.1,402,0,0,0
6934,log_1436_1708943062.xes,0.0,na,['gradual'],1,2,0,1,gradual_start,[1761],[1761],4024,0.1,402,1,0,1
6935,log_1436_1708943062.xes,0.0,na,['gradual'],1,2,0,1,gradual_end,[2358],[2321],4024,0.1,402,1,0,1
6936,log_2015_1708943062.xes,0.0,na,"['gradual', 'gradual', 'sudden']",3,5,1,2,no_drift,[],[],6664,0.1,666,0,0,0
6937,log_2015_1708943062.xes,0.0,na,"['gradual', 'gradual', 'sudden']",3,5,1,2,sudden,[4927],[4918],6664,0.1,666,1,0,1
6938,log_2015_1708943062.xes,0.0,na,"['gradual', 'gradual', 'sudden']",3,5,1,2,gradual_start,"[1229, 2968]",[2971],6664,0.1,666,1,0,2
6939,log_2015_1708943062.xes,0.0,na,"['gradual', 'gradual', 'sudden']",3,5,1,2,gradual_end,"[1790, 3343]",[3301],6664,0.1,666,1,0,2
6940,log_1515_1708943068.xes,0.0,na,"['sudden', 'sudden']",2,2,2,0,no_drift,[],[],5265,0.1,526,0,0,0
6941,log_1515_1708943068.xes,0.0,na,"['sudden', 'sudden']",2,2,2,0,sudden,"[1990, 3501]","[1951, 3485]",5265,0.1,526,2,0,2
6942,log_1515_1708943068.xes,0.0,na,"['sudden', 'sudden']",2,2,2,0,gradual_start,[],[],5265,0.1,526,0,0,0
6943,log_1515_1708943068.xes,0.0,na,"['sudden', 'sudden']",2,2,2,0,gradual_end,[],[],5265,0.1,526,0,0,0
6944,log_1848_1708943060.xes,0.0,na,"['sudden', 'sudden', 'gradual']",3,4,2,1,no_drift,[],[],7708,0.1,770,0,0,0
6945,log_1848_1708943060.xes,0.0,na,"['sudden', 'sudden', 'gradual']",3,4,2,1,sudden,"[1967, 3829]","[3801, 1901]",7708,0.1,770,2,0,2
6946,log_1848_1708943060.xes,0.0,na,"['sudden', 'sudden', 'gradual']",3,4,2,1,gradual_start,[5267],[5245],7708,0.1,770,1,0,1
6947,log_1848_1708943060.xes,0.0,na,"['sudden', 'sudden', 'gradual']",3,4,2,1,gradual_end,[5724],[5701],7708,0.1,770,1,0,1
6948,log_1368_1708943063.xes,0.6,na,"['sudden', 'sudden', 'sudden']",3,3,3,0,no_drift,[],[],6613,0.1,661,0,0,0
6949,log_1368_1708943063.xes,0.6,na,"['sudden', 'sudden', 'sudden']",3,3,3,0,sudden,"[1832, 3702, 5163]","[3664, 5149, 1816]",6613,0.1,661,3,0,3
6950,log_1368_1708943063.xes,0.6,na,"['sudden', 'sudden', 'sudden']",3,3,3,0,gradual_start,[],[],6613,0.1,661,0,0,0
6951,log_1368_1708943063.xes,0.6,na,"['sudden', 'sudden', 'sudden']",3,3,3,0,gradual_end,[],[],6613,0.1,661,0,0,0
6952,log_1059_1708943063.xes,0.0,na,[],0,0,0,0,no_drift,[0],[0],4532,0.1,453,1,0,1
6953,log_1059_1708943063.xes,0.0,na,[],0,0,0,0,sudden,[],[],4532,0.1,453,0,0,0
6954,log_1059_1708943063.xes,0.0,na,[],0,0,0,0,gradual_start,[],[],4532,0.1,453,0,0,0
6955,log_1059_1708943063.xes,0.0,na,[],0,0,0,0,gradual_end,[],[],4532,0.1,453,0,0,0
6956,log_1771_1708943071.xes,0.0,na,[],0,0,0,0,no_drift,[0],[0],1237,0.1,123,1,0,1
6957,log_1771_1708943071.xes,0.0,na,[],0,0,0,0,sudden,[],[],1237,0.1,123,0,0,0
6958,log_1771_1708943071.xes,0.0,na,[],0,0,0,0,gradual_start,[],[],1237,0.1,123,0,0,0
6959,log_1771_1708943071.xes,0.0,na,[],0,0,0,0,gradual_end,[],[],1237,0.1,123,0,0,0
6960,log_2054_1708943069.xes,0.0,na,['gradual'],1,2,0,1,no_drift,[],[],2854,0.1,285,0,0,0
6961,log_2054_1708943069.xes,0.0,na,['gradual'],1,2,0,1,sudden,[],[],2854,0.1,285,0,0,0
6962,log_2054_1708943069.xes,0.0,na,['gradual'],1,2,0,1,gradual_start,[1001],[995],2854,0.1,285,1,0,1
6963,log_2054_1708943069.xes,0.0,na,['gradual'],1,2,0,1,gradual_end,[1528],[1513],2854,0.1,285,1,0,1
6964,log_1622_1708943069.xes,0.0,na,[],0,0,0,0,no_drift,[0],[0],3514,0.1,351,1,0,1
6965,log_1622_1708943069.xes,0.0,na,[],0,0,0,0,sudden,[],[],3514,0.1,351,0,0,0
6966,log_1622_1708943069.xes,0.0,na,[],0,0,0,0,gradual_start,[],[],3514,0.1,351,0,0,0
6967,log_1622_1708943069.xes,0.0,na,[],0,0,0,0,gradual_end,[],[],3514,0.1,351,0,0,0
6968,log_1737_1708943070.xes,0.3,na,['sudden'],1,1,1,0,no_drift,[],[],3521,0.1,352,0,0,0
6969,log_1737_1708943070.xes,0.3,na,['sudden'],1,1,1,0,sudden,[1531],[1514],3521,0.1,352,1,0,1
6970,log_1737_1708943070.xes,0.3,na,['sudden'],1,1,1,0,gradual_start,[],[],3521,0.1,352,0,0,0
6971,log_1737_1708943070.xes,0.3,na,['sudden'],1,1,1,0,gradual_end,[],[],3521,0.1,352,0,0,0
6972,log_1849_1708943070.xes,0.3,na,['gradual'],1,2,0,1,no_drift,[],[],3358,0.1,335,0,0,0
6973,log_1849_1708943070.xes,0.3,na,['gradual'],1,2,0,1,sudden,[],[],3358,0.1,335,0,0,0
6974,log_1849_1708943070.xes,0.3,na,['gradual'],1,2,0,1,gradual_start,[1729],[1729],3358,0.1,335,1,0,1
6975,log_1849_1708943070.xes,0.3,na,['gradual'],1,2,0,1,gradual_end,[2041],[2033],3358,0.1,335,1,0,1
6976,log_1814_1708943071.xes,0.0,na,"['sudden', 'sudden']",2,2,2,0,no_drift,[],[],3853,0.1,385,0,0,0
6977,log_1814_1708943071.xes,0.0,na,"['sudden', 'sudden']",2,2,2,0,sudden,"[1020, 2144]","[2129, 1008]",3853,0.1,385,2,0,2
6978,log_1814_1708943071.xes,0.0,na,"['sudden', 'sudden']",2,2,2,0,gradual_start,[],[],3853,0.1,385,0,0,0
6979,log_1814_1708943071.xes,0.0,na,"['sudden', 'sudden']",2,2,2,0,gradual_end,[],[],3853,0.1,385,0,0,0
6980,log_1549_1708943070.xes,0.0,na,"['sudden', 'gradual', 'sudden']",3,4,2,1,no_drift,[],[],5869,0.1,586,0,0,0
6981,log_1549_1708943070.xes,0.0,na,"['sudden', 'gradual', 'sudden']",3,4,2,1,sudden,"[1239, 3902]","[3887, 1248]",5869,0.1,586,2,0,2
6982,log_1549_1708943070.xes,0.0,na,"['sudden', 'gradual', 'sudden']",3,4,2,1,gradual_start,[2241],[],5869,0.1,586,0,0,1
6983,log_1549_1708943070.xes,0.0,na,"['sudden', 'gradual', 'sudden']",3,4,2,1,gradual_end,[2728],[],5869,0.1,586,0,0,1
6984,log_1697_1708943067.xes,0.0,na,"['gradual', 'gradual', 'gradual']",3,6,0,3,no_drift,[],[],6109,0.1,610,0,0,0
6985,log_1697_1708943067.xes,0.0,na,"['gradual', 'gradual', 'gradual']",3,6,0,3,sudden,[],[],6109,0.1,610,0,0,0
6986,log_1697_1708943067.xes,0.0,na,"['gradual', 'gradual', 'gradual']",3,6,0,3,gradual_start,"[1166, 2878, 4672]",[2851],6109,0.1,610,1,0,3
6987,log_1697_1708943067.xes,0.0,na,"['gradual', 'gradual', 'gradual']",3,6,0,3,gradual_end,"[1506, 3223, 4991]",[3211],6109,0.1,610,1,0,3
6988,log_2016_1708943071.xes,0.0,na,['gradual'],1,2,0,1,no_drift,[],[],3672,0.1,367,0,0,0
6989,log_2016_1708943071.xes,0.0,na,['gradual'],1,2,0,1,sudden,[],[],3672,0.1,367,0,0,0
6990,log_2016_1708943071.xes,0.0,na,['gradual'],1,2,0,1,gradual_start,[1959],[1981],3672,0.1,367,1,0,1
6991,log_2016_1708943071.xes,0.0,na,['gradual'],1,2,0,1,gradual_end,[2481],[2467],3672,0.1,367,1,0,1
6992,log_1772_1708943072.xes,0.6,na,[],0,0,0,0,no_drift,[0],[0],1858,0.1,185,1,0,1
6993,log_1772_1708943072.xes,0.6,na,[],0,0,0,0,sudden,[],[],1858,0.1,185,0,0,0
6994,log_1772_1708943072.xes,0.6,na,[],0,0,0,0,gradual_start,[],[],1858,0.1,185,0,0,0
6995,log_1772_1708943072.xes,0.6,na,[],0,0,0,0,gradual_end,[],[],1858,0.1,185,0,0,0
6996,log_2055_1708943072.xes,0.0,na,['sudden'],1,1,1,0,no_drift,[],[],2883,0.1,288,0,0,0
6997,log_2055_1708943072.xes,0.0,na,['sudden'],1,1,1,0,sudden,[1457],[1443],2883,0.1,288,1,0,1
6998,log_2055_1708943072.xes,0.0,na,['sudden'],1,1,1,0,gradual_start,[],[],2883,0.1,288,0,0,0
6999,log_2055_1708943072.xes,0.0,na,['sudden'],1,1,1,0,gradual_end,[],[],2883,0.1,288,0,0,0
7000,log_1550_1708943073.xes,0.0,na,[],0,0,0,0,no_drift,[0],[0],1527,0.1,152,1,0,1
7001,log_1550_1708943073.xes,0.0,na,[],0,0,0,0,sudden,[],[],1527,0.1,152,0,0,0
7002,log_1550_1708943073.xes,0.0,na,[],0,0,0,0,gradual_start,[],[],1527,0.1,152,0,0,0
7003,log_1550_1708943073.xes,0.0,na,[],0,0,0,0,gradual_end,[],[],1527,0.1,152,0,0,0
7004,log_1942_1708943069.xes,0.0,na,"['gradual', 'gradual']",2,4,0,2,no_drift,[],[],4579,0.1,457,0,0,0
7005,log_1942_1708943069.xes,0.0,na,"['gradual', 'gradual']",2,4,0,2,sudden,[],[],4579,0.1,457,0,0,0
7006,log_1942_1708943069.xes,0.0,na,"['gradual', 'gradual']",2,4,0,2,gradual_start,"[1264, 3023]","[3015, 1255]",4579,0.1,457,2,0,2
7007,log_1942_1708943069.xes,0.0,na,"['gradual', 'gradual']",2,4,0,2,gradual_end,"[1691, 3417]","[3455, 1673]",4579,0.1,457,2,0,2
7008,log_1661_1708943066.xes,0.3,na,"['gradual', 'sudden', 'gradual']",3,5,1,2,no_drift,[],[],7346,0.1,734,0,0,0
7009,log_1661_1708943066.xes,0.3,na,"['gradual', 'sudden', 'gradual']",3,5,1,2,sudden,[4192],[4177],7346,0.1,734,1,0,1
7010,log_1661_1708943066.xes,0.3,na,"['gradual', 'sudden', 'gradual']",3,5,1,2,gradual_start,"[1985, 5550]","[5545, 1945]",7346,0.1,734,2,0,2
7011,log_1661_1708943066.xes,0.3,na,"['gradual', 'sudden', 'gradual']",3,5,1,2,gradual_end,"[2515, 6000]","[5977, 2485]",7346,0.1,734,2,0,2
7012,log_1981_1708943071.xes,0.0,na,"['sudden', 'gradual']",2,3,1,1,no_drift,[],[],4666,0.1,466,0,0,0
7013,log_1981_1708943071.xes,0.0,na,"['sudden', 'gradual']",2,3,1,1,sudden,[1548],[1519],4666,0.1,466,1,0,1
7014,log_1981_1708943071.xes,0.0,na,"['sudden', 'gradual']",2,3,1,1,gradual_start,[3139],[3129],4666,0.1,466,1,0,1
7015,log_1981_1708943071.xes,0.0,na,"['sudden', 'gradual']",2,3,1,1,gradual_end,[3455],[3451],4666,0.1,466,1,0,1
7016,log_1773_1708943074.xes,0.0,na,[],0,0,0,0,no_drift,[0],[0],1476,0.1,147,1,0,1
7017,log_1773_1708943074.xes,0.0,na,[],0,0,0,0,sudden,[],[],1476,0.1,147,0,0,0
7018,log_1773_1708943074.xes,0.0,na,[],0,0,0,0,gradual_start,[],[],1476,0.1,147,0,0,0
7019,log_1773_1708943074.xes,0.0,na,[],0,0,0,0,gradual_end,[],[],1476,0.1,147,0,0,0
7020,log_2018_1708943075.xes,0.0,na,['sudden'],1,1,1,0,no_drift,[],[],2168,0.1,216,0,0,0
7021,log_2018_1708943075.xes,0.0,na,['sudden'],1,1,1,0,sudden,[1099],[1091],2168,0.1,216,1,0,1
7022,log_2018_1708943075.xes,0.0,na,['sudden'],1,1,1,0,gradual_start,[],[],2168,0.1,216,0,0,0
7023,log_2018_1708943075.xes,0.0,na,['sudden'],1,1,1,0,gradual_end,[],[],2168,0.1,216,0,0,0
7024,log_2017_1708943073.xes,0.6,na,[],0,0,0,0,no_drift,[0],[0],1762,0.1,176,1,0,1
7025,log_2017_1708943073.xes,0.6,na,[],0,0,0,0,sudden,[],[],1762,0.1,176,0,0,0
7026,log_2017_1708943073.xes,0.6,na,[],0,0,0,0,gradual_start,[],[],1762,0.1,176,0,0,0
7027,log_2017_1708943073.xes,0.6,na,[],0,0,0,0,gradual_end,[],[],1762,0.1,176,0,0,0
7028,log_1174_1708943070.xes,0.3,na,"['sudden', 'sudden']",2,2,2,0,no_drift,[],[],4321,0.1,432,0,0,0
7029,log_1174_1708943070.xes,0.3,na,"['sudden', 'sudden']",2,2,2,0,sudden,"[1240, 2934]",[2920],4321,0.1,432,1,0,2
7030,log_1174_1708943070.xes,0.3,na,"['sudden', 'sudden']",2,2,2,0,gradual_start,[],[],4321,0.1,432,0,0,0
7031,log_1174_1708943070.xes,0.3,na,"['sudden', 'sudden']",2,2,2,0,gradual_end,[],[],4321,0.1,432,0,0,0
7032,log_1437_1708943070.xes,0.0,na,"['sudden', 'gradual', 'sudden']",3,4,2,1,no_drift,[],[],5834,0.1,583,0,0,0
7033,log_1437_1708943070.xes,0.0,na,"['sudden', 'gradual', 'sudden']",3,4,2,1,sudden,"[1812, 4703]","[4670, 1799]",5834,0.1,583,2,0,2
7034,log_1437_1708943070.xes,0.0,na,"['sudden', 'gradual', 'sudden']",3,4,2,1,gradual_start,[2892],[],5834,0.1,583,0,0,1
7035,log_1437_1708943070.xes,0.0,na,"['sudden', 'gradual', 'sudden']",3,4,2,1,gradual_end,[3410],[],5834,0.1,583,0,0,1
7036,log_1062_1708943075.xes,0.0,na,['sudden'],1,1,1,0,no_drift,[],[0],2076,0.1,207,0,1,0
7037,log_1062_1708943075.xes,0.0,na,['sudden'],1,1,1,0,sudden,[1049],[],2076,0.1,207,0,0,1
7038,log_1062_1708943075.xes,0.0,na,['sudden'],1,1,1,0,gradual_start,[],[],2076,0.1,207,0,0,0
7039,log_1062_1708943075.xes,0.0,na,['sudden'],1,1,1,0,gradual_end,[],[],2076,0.1,207,0,0,0
7040,log_1401_1708943069.xes,0.3,na,"['sudden', 'sudden']",2,2,2,0,no_drift,[],[],4987,0.1,498,0,0,0
7041,log_1401_1708943069.xes,0.3,na,"['sudden', 'sudden']",2,2,2,0,sudden,"[1934, 3033]","[1897, 3025]",4987,0.1,498,2,0,2
7042,log_1401_1708943069.xes,0.3,na,"['sudden', 'sudden']",2,2,2,0,gradual_start,[],[],4987,0.1,498,0,0,0
7043,log_1401_1708943069.xes,0.3,na,"['sudden', 'sudden']",2,2,2,0,gradual_end,[],[],4987,0.1,498,0,0,0
7044,log_1061_1708943071.xes,0.0,na,"['gradual', 'sudden']",2,3,1,1,no_drift,[],[],5219,0.1,521,0,0,0
7045,log_1061_1708943071.xes,0.0,na,"['gradual', 'sudden']",2,3,1,1,sudden,[3397],[],5219,0.1,521,0,0,1
7046,log_1061_1708943071.xes,0.0,na,"['gradual', 'sudden']",2,3,1,1,gradual_start,[1571],[1561],5219,0.1,521,1,0,1
7047,log_1061_1708943071.xes,0.0,na,"['gradual', 'sudden']",2,3,1,1,gradual_end,[2103],[2081],5219,0.1,521,1,0,1
7048,log_1099_1708943070.xes,0.0,na,['gradual'],1,2,0,1,no_drift,[],[],3662,0.1,366,0,0,0
7049,log_1099_1708943070.xes,0.0,na,['gradual'],1,2,0,1,sudden,[],[],3662,0.1,366,0,0,0
7050,log_1099_1708943070.xes,0.0,na,['gradual'],1,2,0,1,gradual_start,[1312],[1261],3662,0.1,366,1,0,1
7051,log_1099_1708943070.xes,0.0,na,['gradual'],1,2,0,1,gradual_end,[1872],[1855],3662,0.1,366,1,0,1
7052,log_1551_1708943075.xes,0.0,na,"['gradual', 'gradual', 'sudden']",3,5,1,2,no_drift,[],[],6233,0.1,623,0,0,0
7053,log_1551_1708943075.xes,0.0,na,"['gradual', 'gradual', 'sudden']",3,5,1,2,sudden,[5213],[3504],6233,0.1,623,0,1,1
7054,log_1551_1708943075.xes,0.0,na,"['gradual', 'gradual', 'sudden']",3,5,1,2,gradual_start,"[1876, 3461]",[],6233,0.1,623,0,0,2
7055,log_1551_1708943075.xes,0.0,na,"['gradual', 'gradual', 'sudden']",3,5,1,2,gradual_end,"[2397, 3917]",[],6233,0.1,623,0,0,2
7056,log_1698_1708943075.xes,0.0,na,['gradual'],1,2,0,1,no_drift,[],[],3150,0.1,315,0,0,0
7057,log_1698_1708943075.xes,0.0,na,['gradual'],1,2,0,1,sudden,[],[],3150,0.1,315,0,0,0
7058,log_1698_1708943075.xes,0.0,na,['gradual'],1,2,0,1,gradual_start,[1632],[1636],3150,0.1,315,1,0,1
7059,log_1698_1708943075.xes,0.0,na,['gradual'],1,2,0,1,gradual_end,[2086],[2086],3150,0.1,315,1,0,1
7060,log_1904_1708943072.xes,0.0,na,"['sudden', 'gradual']",2,3,1,1,no_drift,[],[],4575,0.1,457,0,0,0
7061,log_1904_1708943072.xes,0.0,na,"['sudden', 'gradual']",2,3,1,1,sudden,[1191],[1167],4575,0.1,457,1,0,1
7062,log_1904_1708943072.xes,0.0,na,"['sudden', 'gradual']",2,3,1,1,gradual_start,[2623],[2619],4575,0.1,457,1,0,1
7063,log_1904_1708943072.xes,0.0,na,"['sudden', 'gradual']",2,3,1,1,gradual_end,[3207],[3169],4575,0.1,457,1,0,1
7064,log_2091_1708943071.xes,0.3,na,"['gradual', 'sudden', 'sudden']",3,4,2,1,no_drift,[],[],7572,0.1,757,0,0,0
7065,log_2091_1708943071.xes,0.3,na,"['gradual', 'sudden', 'sudden']",3,4,2,1,sudden,"[4365, 6357]","[4330, 6328]",7572,0.1,757,2,0,2
7066,log_2091_1708943071.xes,0.3,na,"['gradual', 'sudden', 'sudden']",3,4,2,1,gradual_start,[1974],[1925],7572,0.1,757,1,0,1
7067,log_2091_1708943071.xes,0.3,na,"['gradual', 'sudden', 'sudden']",3,4,2,1,gradual_end,[2406],[2369],7572,0.1,757,1,0,1
7068,log_1738_1708943073.xes,0.0,na,['gradual'],1,2,0,1,no_drift,[],[],3474,0.1,347,0,0,0
7069,log_1738_1708943073.xes,0.0,na,['gradual'],1,2,0,1,sudden,[],[],3474,0.1,347,0,0,0
7070,log_1738_1708943073.xes,0.0,na,['gradual'],1,2,0,1,gradual_start,[1784],[1803],3474,0.1,347,1,0,1
7071,log_1738_1708943073.xes,0.0,na,['gradual'],1,2,0,1,gradual_end,[2143],[2177],3474,0.1,347,1,0,1
7072,log_1478_1708943072.xes,0.0,na,['sudden'],1,1,1,0,no_drift,[],[],3137,0.1,313,0,0,0
7073,log_1478_1708943072.xes,0.0,na,['sudden'],1,1,1,0,sudden,[1859],[1846],3137,0.1,313,1,0,1
7074,log_1478_1708943072.xes,0.0,na,['sudden'],1,1,1,0,gradual_start,[],[],3137,0.1,313,0,0,0
7075,log_1478_1708943072.xes,0.0,na,['sudden'],1,1,1,0,gradual_end,[],[],3137,0.1,313,0,0,0
7076,log_1175_1708943075.xes,0.0,na,"['sudden', 'gradual']",2,3,1,1,no_drift,[],[],4902,0.1,490,0,0,0
7077,log_1175_1708943075.xes,0.0,na,"['sudden', 'gradual']",2,3,1,1,sudden,[1929],[],4902,0.1,490,0,0,1
7078,log_1175_1708943075.xes,0.0,na,"['sudden', 'gradual']",2,3,1,1,gradual_start,[2979],[2977],4902,0.1,490,1,0,1
7079,log_1175_1708943075.xes,0.0,na,"['sudden', 'gradual']",2,3,1,1,gradual_end,[3419],[3409],4902,0.1,490,1,0,1
7080,log_1943_1708943074.xes,0.6,na,"['sudden', 'gradual']",2,3,1,1,no_drift,[],[0],5506,0.1,550,0,1,0
7081,log_1943_1708943074.xes,0.6,na,"['sudden', 'gradual']",2,3,1,1,sudden,[1589],[],5506,0.1,550,0,0,1
7082,log_1943_1708943074.xes,0.6,na,"['sudden', 'gradual']",2,3,1,1,gradual_start,[3296],[],5506,0.1,550,0,0,1
7083,log_1943_1708943074.xes,0.6,na,"['sudden', 'gradual']",2,3,1,1,gradual_end,[3811],[],5506,0.1,550,0,0,1
7084,log_1026_1708943068.xes,0.6,na,"['gradual', 'gradual']",2,4,0,2,no_drift,[],[],6028,0.1,602,0,0,0
7085,log_1026_1708943068.xes,0.6,na,"['gradual', 'gradual']",2,4,0,2,sudden,[],[],6028,0.1,602,0,0,0
7086,log_1026_1708943068.xes,0.6,na,"['gradual', 'gradual']",2,4,0,2,gradual_start,"[1988, 3771]","[3751, 1981]",6028,0.1,602,2,0,2
7087,log_1026_1708943068.xes,0.6,na,"['gradual', 'gradual']",2,4,0,2,gradual_end,"[2495, 4368]","[4351, 2431]",6028,0.1,602,2,0,2
7088,log_1100_1708943077.xes,0.0,na,['sudden'],1,1,1,0,no_drift,[],[0],2235,0.1,223,0,1,0
7089,log_1100_1708943077.xes,0.0,na,['sudden'],1,1,1,0,sudden,[1223],[],2235,0.1,223,0,0,1
7090,log_1100_1708943077.xes,0.0,na,['sudden'],1,1,1,0,gradual_start,[],[],2235,0.1,223,0,0,0
7091,log_1100_1708943077.xes,0.0,na,['sudden'],1,1,1,0,gradual_end,[],[],2235,0.1,223,0,0,0
7092,log_1815_1708943075.xes,0.0,na,"['gradual', 'gradual']",2,4,0,2,no_drift,[],[],5684,0.1,568,0,0,0
7093,log_1815_1708943075.xes,0.0,na,"['gradual', 'gradual']",2,4,0,2,sudden,[],[],5684,0.1,568,0,0,0
7094,log_1815_1708943075.xes,0.0,na,"['gradual', 'gradual']",2,4,0,2,gradual_start,"[1965, 3490]",[3473],5684,0.1,568,1,0,2
7095,log_1815_1708943075.xes,0.0,na,"['gradual', 'gradual']",2,4,0,2,gradual_end,"[2488, 3999]",[3977],5684,0.1,568,1,0,2
7096,log_1944_1708943077.xes,0.3,na,[],0,0,0,0,no_drift,[0],[0],2144,0.1,214,1,0,1
7097,log_1944_1708943077.xes,0.3,na,[],0,0,0,0,sudden,[],[],2144,0.1,214,0,0,0
7098,log_1944_1708943077.xes,0.3,na,[],0,0,0,0,gradual_start,[],[],2144,0.1,214,0,0,0
7099,log_1944_1708943077.xes,0.3,na,[],0,0,0,0,gradual_end,[],[],2144,0.1,214,0,0,0
7100,log_2092_1708943076.xes,0.0,na,"['gradual', 'sudden']",2,3,1,1,no_drift,[],[],4559,0.1,455,0,0,0
7101,log_2092_1708943076.xes,0.0,na,"['gradual', 'sudden']",2,3,1,1,sudden,[3459],[3433],4559,0.1,455,1,0,1
7102,log_2092_1708943076.xes,0.0,na,"['gradual', 'sudden']",2,3,1,1,gradual_start,[1604],[1585],4559,0.1,455,1,0,1
7103,log_2092_1708943076.xes,0.0,na,"['gradual', 'sudden']",2,3,1,1,gradual_end,[1911],[1937],4559,0.1,455,1,0,1
7104,log_1905_1708943075.xes,0.0,na,[],0,0,0,0,no_drift,[0],[0],4160,0.1,416,1,0,1
7105,log_1905_1708943075.xes,0.0,na,[],0,0,0,0,sudden,[],[],4160,0.1,416,0,0,0
7106,log_1905_1708943075.xes,0.0,na,[],0,0,0,0,gradual_start,[],[],4160,0.1,416,0,0,0
7107,log_1905_1708943075.xes,0.0,na,[],0,0,0,0,gradual_end,[],[],4160,0.1,416,0,0,0
7108,log_1662_1708943074.xes,0.0,na,"['gradual', 'sudden', 'gradual']",3,5,1,2,no_drift,[],[],6900,0.1,690,0,0,0
7109,log_1662_1708943074.xes,0.0,na,"['gradual', 'sudden', 'gradual']",3,5,1,2,sudden,[3659],[3605],6900,0.1,690,1,0,1
7110,log_1662_1708943074.xes,0.0,na,"['gradual', 'sudden', 'gradual']",3,5,1,2,gradual_start,"[1423, 4734]",[4693],6900,0.1,690,1,0,2
7111,log_1662_1708943074.xes,0.0,na,"['gradual', 'sudden', 'gradual']",3,5,1,2,gradual_end,"[1871, 5081]",[5067],6900,0.1,690,1,0,2
7112,log_1850_1708943074.xes,0.6,na,['gradual'],1,2,0,1,no_drift,[],[0],4049,0.1,404,0,1,0
7113,log_1850_1708943074.xes,0.6,na,['gradual'],1,2,0,1,sudden,[],[],4049,0.1,404,0,0,0
7114,log_1850_1708943074.xes,0.6,na,['gradual'],1,2,0,1,gradual_start,[1892],[],4049,0.1,404,0,0,1
7115,log_1850_1708943074.xes,0.6,na,['gradual'],1,2,0,1,gradual_end,[2402],[],4049,0.1,404,0,0,1
7116,log_1063_1708943076.xes,0.3,na,['sudden'],1,1,1,0,no_drift,[],[],2504,0.1,250,0,0,0
7117,log_1063_1708943076.xes,0.3,na,['sudden'],1,1,1,0,sudden,[1089],[1081],2504,0.1,250,1,0,1
7118,log_1063_1708943076.xes,0.3,na,['sudden'],1,1,1,0,gradual_start,[],[],2504,0.1,250,0,0,0
7119,log_1063_1708943076.xes,0.3,na,['sudden'],1,1,1,0,gradual_end,[],[],2504,0.1,250,0,0,0
7120,log_1326_1708943079.xes,0.0,na,[],0,0,0,0,no_drift,[0],[0],2124,0.1,212,1,0,1
7121,log_1326_1708943079.xes,0.0,na,[],0,0,0,0,sudden,[],[],2124,0.1,212,0,0,0
7122,log_1326_1708943079.xes,0.0,na,[],0,0,0,0,gradual_start,[],[],2124,0.1,212,0,0,0
7123,log_1326_1708943079.xes,0.0,na,[],0,0,0,0,gradual_end,[],[],2124,0.1,212,0,0,0
7124,log_1479_1708943076.xes,0.3,na,['sudden'],1,1,1,0,no_drift,[],[0],2708,0.1,270,0,1,0
7125,log_1479_1708943076.xes,0.3,na,['sudden'],1,1,1,0,sudden,[1245],[],2708,0.1,270,0,0,1
7126,log_1479_1708943076.xes,0.3,na,['sudden'],1,1,1,0,gradual_start,[],[],2708,0.1,270,0,0,0
7127,log_1479_1708943076.xes,0.3,na,['sudden'],1,1,1,0,gradual_end,[],[],2708,0.1,270,0,0,0
7128,log_1774_1708943076.xes,0.0,na,"['sudden', 'gradual']",2,3,1,1,no_drift,[],[],5782,0.1,578,0,0,0
7129,log_1774_1708943076.xes,0.0,na,"['sudden', 'gradual']",2,3,1,1,sudden,[1550],[1485],5782,0.1,578,1,0,1
7130,log_1774_1708943076.xes,0.0,na,"['sudden', 'gradual']",2,3,1,1,gradual_start,[3464],[3445],5782,0.1,578,1,0,1
7131,log_1774_1708943076.xes,0.0,na,"['sudden', 'gradual']",2,3,1,1,gradual_end,[4031],[4005],5782,0.1,578,1,0,1
7132,log_2056_1708943074.xes,0.0,na,"['gradual', 'sudden']",2,3,1,1,no_drift,[],[],5196,0.1,519,0,0,0
7133,log_2056_1708943074.xes,0.0,na,"['gradual', 'sudden']",2,3,1,1,sudden,[3379],[3376],5196,0.1,519,1,0,1
7134,log_2056_1708943074.xes,0.0,na,"['gradual', 'sudden']",2,3,1,1,gradual_start,[1703],[],5196,0.1,519,0,0,1
7135,log_2056_1708943074.xes,0.0,na,"['gradual', 'sudden']",2,3,1,1,gradual_end,[2244],[],5196,0.1,519,0,0,1
7136,log_1582_1708943069.xes,0.3,na,"['gradual', 'sudden']",2,3,1,1,no_drift,[],[],5100,0.1,510,0,0,0
7137,log_1582_1708943069.xes,0.3,na,"['gradual', 'sudden']",2,3,1,1,sudden,[3726],[3701],5100,0.1,510,1,0,1
7138,log_1582_1708943069.xes,0.3,na,"['gradual', 'sudden']",2,3,1,1,gradual_start,[1823],[1801],5100,0.1,510,1,0,1
7139,log_1582_1708943069.xes,0.3,na,"['gradual', 'sudden']",2,3,1,1,gradual_end,[2183],[2201],5100,0.1,510,1,0,1
7140,log_1101_1708943078.xes,0.0,na,"['sudden', 'gradual']",2,3,1,1,no_drift,[],[0],4607,0.1,460,0,1,0
7141,log_1101_1708943078.xes,0.0,na,"['sudden', 'gradual']",2,3,1,1,sudden,[1832],[],4607,0.1,460,0,0,1
7142,log_1101_1708943078.xes,0.0,na,"['sudden', 'gradual']",2,3,1,1,gradual_start,[3044],[],4607,0.1,460,0,0,1
7143,log_1101_1708943078.xes,0.0,na,"['sudden', 'gradual']",2,3,1,1,gradual_end,[3579],[],4607,0.1,460,0,0,1
7144,log_1583_1708943078.xes,0.0,na,['sudden'],1,1,1,0,no_drift,[],[0],2254,0.1,225,0,1,0
7145,log_1583_1708943078.xes,0.0,na,['sudden'],1,1,1,0,sudden,[1199],[],2254,0.1,225,0,0,1
7146,log_1583_1708943078.xes,0.0,na,['sudden'],1,1,1,0,gradual_start,[],[],2254,0.1,225,0,0,0
7147,log_1583_1708943078.xes,0.0,na,['sudden'],1,1,1,0,gradual_end,[],[],2254,0.1,225,0,0,0
7148,log_1816_1708943079.xes,0.0,na,[],0,0,0,0,no_drift,[0],[0],3846,0.1,384,1,0,1
7149,log_1816_1708943079.xes,0.0,na,[],0,0,0,0,sudden,[],[],3846,0.1,384,0,0,0
7150,log_1816_1708943079.xes,0.0,na,[],0,0,0,0,gradual_start,[],[],3846,0.1,384,0,0,0
7151,log_1816_1708943079.xes,0.0,na,[],0,0,0,0,gradual_end,[],[],3846,0.1,384,0,0,0
7152,log_1176_1708943079.xes,0.0,na,"['sudden', 'sudden']",2,2,2,0,no_drift,[],[],4803,0.1,480,0,0,0
7153,log_1176_1708943079.xes,0.0,na,"['sudden', 'sudden']",2,2,2,0,sudden,"[1339, 2885]","[2881, 1321]",4803,0.1,480,2,0,2
7154,log_1176_1708943079.xes,0.0,na,"['sudden', 'sudden']",2,2,2,0,gradual_start,[],[],4803,0.1,480,0,0,0
7155,log_1176_1708943079.xes,0.0,na,"['sudden', 'sudden']",2,2,2,0,gradual_end,[],[],4803,0.1,480,0,0,0
7156,log_1623_1708943071.xes,0.3,na,[],0,0,0,0,no_drift,[0],[0],7876,0.1,787,1,0,1
7157,log_1623_1708943071.xes,0.3,na,[],0,0,0,0,sudden,[],[],7876,0.1,787,0,0,0
7158,log_1623_1708943071.xes,0.3,na,[],0,0,0,0,gradual_start,[],[],7876,0.1,787,0,0,0
7159,log_1623_1708943071.xes,0.3,na,[],0,0,0,0,gradual_end,[],[],7876,0.1,787,0,0,0
7160,log_1552_1708943077.xes,0.0,na,[],0,0,0,0,no_drift,[0],[0],1839,0.1,183,1,0,1
7161,log_1552_1708943077.xes,0.0,na,[],0,0,0,0,sudden,[],[],1839,0.1,183,0,0,0
7162,log_1552_1708943077.xes,0.0,na,[],0,0,0,0,gradual_start,[],[],1839,0.1,183,0,0,0
7163,log_1552_1708943077.xes,0.0,na,[],0,0,0,0,gradual_end,[],[],1839,0.1,183,0,0,0
7164,log_1325_1708943070.xes,0.0,na,"['gradual', 'gradual']",2,4,0,2,no_drift,[],[],5463,0.1,546,0,0,0
7165,log_1325_1708943070.xes,0.0,na,"['gradual', 'gradual']",2,4,0,2,sudden,[],[],5463,0.1,546,0,0,0
7166,log_1325_1708943070.xes,0.0,na,"['gradual', 'gradual']",2,4,0,2,gradual_start,"[1761, 3277]","[3268, 1756]",5463,0.1,546,2,0,2
7167,log_1325_1708943070.xes,0.0,na,"['gradual', 'gradual']",2,4,0,2,gradual_end,"[2223, 3811]","[3889, 2215]",5463,0.1,546,2,0,2
7168,log_1516_1708943072.xes,0.3,na,"['gradual', 'gradual', 'sudden']",3,5,1,2,no_drift,[],[],7585,0.1,758,0,0,0
7169,log_1516_1708943072.xes,0.3,na,"['gradual', 'gradual', 'sudden']",3,5,1,2,sudden,[5627],[5588],7585,0.1,758,1,0,1
7170,log_1516_1708943072.xes,0.3,na,"['gradual', 'gradual', 'sudden']",3,5,1,2,gradual_start,"[1812, 3732]",[],7585,0.1,758,0,0,2
7171,log_1516_1708943072.xes,0.3,na,"['gradual', 'gradual', 'sudden']",3,5,1,2,gradual_end,"[2367, 4232]",[],7585,0.1,758,0,0,2
7172,log_1553_1708943080.xes,0.3,na,['sudden'],1,1,1,0,no_drift,[],[],3666,0.1,366,0,0,0
7173,log_1553_1708943080.xes,0.3,na,['sudden'],1,1,1,0,sudden,[1936],[1909],3666,0.1,366,1,0,1
7174,log_1553_1708943080.xes,0.3,na,['sudden'],1,1,1,0,gradual_start,[],[],3666,0.1,366,0,0,0
7175,log_1553_1708943080.xes,0.3,na,['sudden'],1,1,1,0,gradual_end,[],[],3666,0.1,366,0,0,0
7176,log_1982_1708943076.xes,0.0,na,"['gradual', 'sudden']",2,3,1,1,no_drift,[],[],5015,0.1,501,0,0,0
7177,log_1982_1708943076.xes,0.0,na,"['gradual', 'sudden']",2,3,1,1,sudden,[3631],[3601],5015,0.1,501,1,0,1
7178,log_1982_1708943076.xes,0.0,na,"['gradual', 'sudden']",2,3,1,1,gradual_start,[1750],[1776],5015,0.1,501,1,0,1
7179,log_1982_1708943076.xes,0.0,na,"['gradual', 'sudden']",2,3,1,1,gradual_end,[2224],[2201],5015,0.1,501,1,0,1
7180,log_1906_1708943078.xes,0.0,na,[],0,0,0,0,no_drift,[0],[0],3408,0.1,340,1,0,1
7181,log_1906_1708943078.xes,0.0,na,[],0,0,0,0,sudden,[],[],3408,0.1,340,0,0,0
7182,log_1906_1708943078.xes,0.0,na,[],0,0,0,0,gradual_start,[],[],3408,0.1,340,0,0,0
7183,log_1906_1708943078.xes,0.0,na,[],0,0,0,0,gradual_end,[],[],3408,0.1,340,0,0,0
7184,log_2093_1708943078.xes,0.6,na,['gradual'],1,2,0,1,no_drift,[],[],3160,0.1,316,0,0,0
7185,log_2093_1708943078.xes,0.6,na,['gradual'],1,2,0,1,sudden,[],[],3160,0.1,316,0,0,0
7186,log_2093_1708943078.xes,0.6,na,['gradual'],1,2,0,1,gradual_start,[1632],[1606],3160,0.1,316,1,0,1
7187,log_2093_1708943078.xes,0.6,na,['gradual'],1,2,0,1,gradual_end,[2153],[2131],3160,0.1,316,1,0,1
7188,log_1517_1708943080.xes,0.6,na,[],0,0,0,0,no_drift,[0],[0],2674,0.1,267,1,0,1
7189,log_1517_1708943080.xes,0.6,na,[],0,0,0,0,sudden,[],[],2674,0.1,267,0,0,0
7190,log_1517_1708943080.xes,0.6,na,[],0,0,0,0,gradual_start,[],[],2674,0.1,267,0,0,0
7191,log_1517_1708943080.xes,0.6,na,[],0,0,0,0,gradual_end,[],[],2674,0.1,267,0,0,0
7192,log_2019_1708943076.xes,0.3,na,"['sudden', 'sudden', 'gradual']",3,4,2,1,no_drift,[],[],6758,0.1,675,0,0,0
7193,log_2019_1708943076.xes,0.3,na,"['sudden', 'sudden', 'gradual']",3,4,2,1,sudden,"[1018, 2419]","[2410, 958]",6758,0.1,675,2,0,2
7194,log_2019_1708943076.xes,0.3,na,"['sudden', 'sudden', 'gradual']",3,4,2,1,gradual_start,[4278],[],6758,0.1,675,0,0,1
7195,log_2019_1708943076.xes,0.3,na,"['sudden', 'sudden', 'gradual']",3,4,2,1,gradual_end,[4826],[],6758,0.1,675,0,0,1
7196,log_1064_1708943078.xes,0.3,na,"['gradual', 'gradual']",2,4,0,2,no_drift,[],[],5215,0.1,521,0,0,0
7197,log_1064_1708943078.xes,0.3,na,"['gradual', 'gradual']",2,4,0,2,sudden,[],[],5215,0.1,521,0,0,0
7198,log_1064_1708943078.xes,0.3,na,"['gradual', 'gradual']",2,4,0,2,gradual_start,"[1784, 3577]","[1743, 3563]",5215,0.1,521,2,0,2
7199,log_1064_1708943078.xes,0.3,na,"['gradual', 'gradual']",2,4,0,2,gradual_end,"[2351, 4027]","[2315, 4057]",5215,0.1,521,2,0,2
7200,log_1907_1708943081.xes,0.3,na,[],0,0,0,0,no_drift,[0],[0],1553,0.1,155,1,0,1
7201,log_1907_1708943081.xes,0.3,na,[],0,0,0,0,sudden,[],[],1553,0.1,155,0,0,0
7202,log_1907_1708943081.xes,0.3,na,[],0,0,0,0,gradual_start,[],[],1553,0.1,155,0,0,0
7203,log_1907_1708943081.xes,0.3,na,[],0,0,0,0,gradual_end,[],[],1553,0.1,155,0,0,0
7204,log_2020_1708943083.xes,0.0,na,[],0,0,0,0,no_drift,[0],[0],1261,0.1,126,1,0,1
7205,log_2020_1708943083.xes,0.0,na,[],0,0,0,0,sudden,[],[],1261,0.1,126,0,0,0
7206,log_2020_1708943083.xes,0.0,na,[],0,0,0,0,gradual_start,[],[],1261,0.1,126,0,0,0
7207,log_2020_1708943083.xes,0.0,na,[],0,0,0,0,gradual_end,[],[],1261,0.1,126,0,0,0
7208,log_1554_1708943081.xes,0.6,na,[],0,0,0,0,no_drift,[0],[0],3906,0.1,390,1,0,1
7209,log_1554_1708943081.xes,0.6,na,[],0,0,0,0,sudden,[],[],3906,0.1,390,0,0,0
7210,log_1554_1708943081.xes,0.6,na,[],0,0,0,0,gradual_start,[],[],3906,0.1,390,0,0,0
7211,log_1554_1708943081.xes,0.6,na,[],0,0,0,0,gradual_end,[],[],3906,0.1,390,0,0,0
7212,log_1327_1708943080.xes,0.0,na,['sudden'],1,1,1,0,no_drift,[],[],3530,0.1,353,0,0,0
7213,log_1327_1708943080.xes,0.0,na,['sudden'],1,1,1,0,sudden,[1943],[1922],3530,0.1,353,1,0,1
7214,log_1327_1708943080.xes,0.0,na,['sudden'],1,1,1,0,gradual_start,[],[],3530,0.1,353,0,0,0
7215,log_1327_1708943080.xes,0.0,na,['sudden'],1,1,1,0,gradual_end,[],[],3530,0.1,353,0,0,0
7216,log_1945_1708943079.xes,0.3,na,[],0,0,0,0,no_drift,[0],[0],4713,0.1,471,1,0,1
7217,log_1945_1708943079.xes,0.3,na,[],0,0,0,0,sudden,[],[],4713,0.1,471,0,0,0
7218,log_1945_1708943079.xes,0.3,na,[],0,0,0,0,gradual_start,[],[],4713,0.1,471,0,0,0
7219,log_1945_1708943079.xes,0.3,na,[],0,0,0,0,gradual_end,[],[],4713,0.1,471,0,0,0
7220,log_1328_1708943082.xes,0.0,na,['sudden'],1,1,1,0,no_drift,[],[0],2529,0.1,252,0,1,0
7221,log_1328_1708943082.xes,0.0,na,['sudden'],1,1,1,0,sudden,[1244],[],2529,0.1,252,0,0,1
7222,log_1328_1708943082.xes,0.0,na,['sudden'],1,1,1,0,gradual_start,[],[],2529,0.1,252,0,0,0
7223,log_1328_1708943082.xes,0.0,na,['sudden'],1,1,1,0,gradual_end,[],[],2529,0.1,252,0,0,0
7224,log_2057_1708943078.xes,0.3,na,"['gradual', 'sudden', 'gradual']",3,5,1,2,no_drift,[],[],6179,0.1,617,0,0,0
7225,log_2057_1708943078.xes,0.3,na,"['gradual', 'sudden', 'gradual']",3,5,1,2,sudden,[3164],[3151],6179,0.1,617,1,0,1
7226,log_2057_1708943078.xes,0.3,na,"['gradual', 'sudden', 'gradual']",3,5,1,2,gradual_start,"[1465, 4311]","[4291, 1381]",6179,0.1,617,2,0,2
7227,log_2057_1708943078.xes,0.3,na,"['gradual', 'sudden', 'gradual']",3,5,1,2,gradual_end,"[1775, 4908]","[4891, 1771]",6179,0.1,617,2,0,2
7228,log_1329_1708943084.xes,0.0,na,[],0,0,0,0,no_drift,[0],[0],1537,0.1,153,1,0,1
7229,log_1329_1708943084.xes,0.0,na,[],0,0,0,0,sudden,[],[],1537,0.1,153,0,0,0
7230,log_1329_1708943084.xes,0.0,na,[],0,0,0,0,gradual_start,[],[],1537,0.1,153,0,0,0
7231,log_1329_1708943084.xes,0.0,na,[],0,0,0,0,gradual_end,[],[],1537,0.1,153,0,0,0
7232,log_1177_1708943081.xes,0.6,na,"['sudden', 'gradual']",2,3,1,1,no_drift,[],[],4985,0.1,498,0,0,0
7233,log_1177_1708943081.xes,0.6,na,"['sudden', 'gradual']",2,3,1,1,sudden,[1218],[1225],4985,0.1,498,1,0,1
7234,log_1177_1708943081.xes,0.6,na,"['sudden', 'gradual']",2,3,1,1,gradual_start,[3191],[3169],4985,0.1,498,1,0,1
7235,log_1177_1708943081.xes,0.6,na,"['sudden', 'gradual']",2,3,1,1,gradual_end,[3717],[3649],4985,0.1,498,1,0,1
7236,log_1480_1708943079.xes,0.0,na,['sudden'],1,1,1,0,no_drift,[],[],3442,0.1,344,0,0,0
7237,log_1480_1708943079.xes,0.0,na,['sudden'],1,1,1,0,sudden,[1963],[1939],3442,0.1,344,1,0,1
7238,log_1480_1708943079.xes,0.0,na,['sudden'],1,1,1,0,gradual_start,[],[],3442,0.1,344,0,0,0
7239,log_1480_1708943079.xes,0.0,na,['sudden'],1,1,1,0,gradual_end,[],[],3442,0.1,344,0,0,0
7240,log_2058_1708943083.xes,0.6,na,['sudden'],1,1,1,0,no_drift,[],[],3161,0.1,316,0,0,0
7241,log_2058_1708943083.xes,0.6,na,['sudden'],1,1,1,0,sudden,[1997],[1996],3161,0.1,316,1,0,1
7242,log_2058_1708943083.xes,0.6,na,['sudden'],1,1,1,0,gradual_start,[],[],3161,0.1,316,0,0,0
7243,log_2058_1708943083.xes,0.6,na,['sudden'],1,1,1,0,gradual_end,[],[],3161,0.1,316,0,0,0
7244,log_1852_1708943084.xes,0.6,na,[],0,0,0,0,no_drift,[0],[0],3402,0.1,340,1,0,1
7245,log_1852_1708943084.xes,0.6,na,[],0,0,0,0,sudden,[],[],3402,0.1,340,0,0,0
7246,log_1852_1708943084.xes,0.6,na,[],0,0,0,0,gradual_start,[],[],3402,0.1,340,0,0,0
7247,log_1852_1708943084.xes,0.6,na,[],0,0,0,0,gradual_end,[],[],3402,0.1,340,0,0,0
7248,log_1983_1708943080.xes,0.6,na,['gradual'],1,2,0,1,no_drift,[],[],3871,0.1,387,0,0,0
7249,log_1983_1708943080.xes,0.6,na,['gradual'],1,2,0,1,sudden,[],[],3871,0.1,387,0,0,0
7250,log_1983_1708943080.xes,0.6,na,['gradual'],1,2,0,1,gradual_start,[1589],[1597],3871,0.1,387,1,0,1
7251,log_1983_1708943080.xes,0.6,na,['gradual'],1,2,0,1,gradual_end,[2058],[2034],3871,0.1,387,1,0,1
7252,log_1851_1708943078.xes,0.0,na,"['sudden', 'sudden', 'gradual']",3,4,2,1,no_drift,[],[],6820,0.1,682,0,0,0
7253,log_1851_1708943078.xes,0.0,na,"['sudden', 'sudden', 'gradual']",3,4,2,1,sudden,"[1457, 2935]",[2925],6820,0.1,682,1,0,2
7254,log_1851_1708943078.xes,0.0,na,"['sudden', 'sudden', 'gradual']",3,4,2,1,gradual_start,[4621],[],6820,0.1,682,0,0,1
7255,log_1851_1708943078.xes,0.0,na,"['sudden', 'sudden', 'gradual']",3,4,2,1,gradual_end,[5221],[],6820,0.1,682,0,0,1
7256,log_1438_1708943074.xes,0.6,na,"['sudden', 'sudden', 'gradual']",3,4,2,1,no_drift,[],[],6366,0.1,636,0,0,0
7257,log_1438_1708943074.xes,0.6,na,"['sudden', 'sudden', 'gradual']",3,4,2,1,sudden,"[1468, 2775]","[1427, 2729]",6366,0.1,636,2,0,2
7258,log_1438_1708943074.xes,0.6,na,"['sudden', 'sudden', 'gradual']",3,4,2,1,gradual_start,[4336],[4341],6366,0.1,636,1,0,1
7259,log_1438_1708943074.xes,0.6,na,"['sudden', 'sudden', 'gradual']",3,4,2,1,gradual_end,[4761],[4713],6366,0.1,636,1,0,1
7260,log_1518_1708943082.xes,0.0,na,[],0,0,0,0,no_drift,[0],[0],7312,0.1,731,1,0,1
7261,log_1518_1708943082.xes,0.0,na,[],0,0,0,0,sudden,[],[],7312,0.1,731,0,0,0
7262,log_1518_1708943082.xes,0.0,na,[],0,0,0,0,gradual_start,[],[],7312,0.1,731,0,0,0
7263,log_1518_1708943082.xes,0.0,na,[],0,0,0,0,gradual_end,[],[],7312,0.1,731,0,0,0
7264,log_1739_1708943078.xes,0.0,na,"['sudden', 'sudden']",2,2,2,0,no_drift,[],[],5166,0.1,516,0,0,0
7265,log_1739_1708943078.xes,0.0,na,"['sudden', 'sudden']",2,2,2,0,sudden,"[1863, 3608]","[3576, 1801]",5166,0.1,516,2,0,2
7266,log_1739_1708943078.xes,0.0,na,"['sudden', 'sudden']",2,2,2,0,gradual_start,[],[],5166,0.1,516,0,0,0
7267,log_1739_1708943078.xes,0.0,na,"['sudden', 'sudden']",2,2,2,0,gradual_end,[],[],5166,0.1,516,0,0,0
7268,log_1699_1708943077.xes,0.0,na,['gradual'],1,2,0,1,no_drift,[],[],4173,0.1,417,0,0,0
7269,log_1699_1708943077.xes,0.0,na,['gradual'],1,2,0,1,sudden,[],[],4173,0.1,417,0,0,0
7270,log_1699_1708943077.xes,0.0,na,['gradual'],1,2,0,1,gradual_start,[1715],[1781],4173,0.1,417,1,0,1
7271,log_1699_1708943077.xes,0.0,na,['gradual'],1,2,0,1,gradual_end,[2223],[2221],4173,0.1,417,1,0,1
7272,log_1818_1708943085.xes,0.3,na,[],0,0,0,0,no_drift,[0],[0],2868,0.1,286,1,0,1
7273,log_1818_1708943085.xes,0.3,na,[],0,0,0,0,sudden,[],[],2868,0.1,286,0,0,0
7274,log_1818_1708943085.xes,0.3,na,[],0,0,0,0,gradual_start,[],[],2868,0.1,286,0,0,0
7275,log_1818_1708943085.xes,0.3,na,[],0,0,0,0,gradual_end,[],[],2868,0.1,286,0,0,0
7276,log_1102_1708943080.xes,0.6,na,"['gradual', 'sudden']",2,3,1,1,no_drift,[],[],4600,0.1,460,0,0,0
7277,log_1102_1708943080.xes,0.6,na,"['gradual', 'sudden']",2,3,1,1,sudden,[3564],[3543],4600,0.1,460,1,0,1
7278,log_1102_1708943080.xes,0.6,na,"['gradual', 'sudden']",2,3,1,1,gradual_start,[1947],[1910],4600,0.1,460,1,0,1
7279,log_1102_1708943080.xes,0.6,na,"['gradual', 'sudden']",2,3,1,1,gradual_end,[2434],[2416],4600,0.1,460,1,0,1
7280,log_2205_1708943085.xes,0.0,na,[],0,0,0,0,no_drift,[0],[0],2880,0.1,288,1,0,1
7281,log_2205_1708943085.xes,0.0,na,[],0,0,0,0,sudden,[],[],2880,0.1,288,0,0,0
7282,log_2205_1708943085.xes,0.0,na,[],0,0,0,0,gradual_start,[],[],2880,0.1,288,0,0,0
7283,log_2205_1708943085.xes,0.0,na,[],0,0,0,0,gradual_end,[],[],2880,0.1,288,0,0,0
7284,log_1624_1708943079.xes,0.6,na,"['sudden', 'gradual']",2,3,1,1,no_drift,[],[],5080,0.1,508,0,0,0
7285,log_1624_1708943079.xes,0.6,na,"['sudden', 'gradual']",2,3,1,1,sudden,[1817],[1801],5080,0.1,508,1,0,1
7286,log_1624_1708943079.xes,0.6,na,"['sudden', 'gradual']",2,3,1,1,gradual_start,[3265],[3251],5080,0.1,508,1,0,1
7287,log_1624_1708943079.xes,0.6,na,"['sudden', 'gradual']",2,3,1,1,gradual_end,[3857],[3851],5080,0.1,508,1,0,1
7288,log_1908_1708943083.xes,0.0,na,['gradual'],1,2,0,1,no_drift,[],[],3645,0.1,364,0,0,0
7289,log_1908_1708943083.xes,0.0,na,['gradual'],1,2,0,1,sudden,[],[],3645,0.1,364,0,0,0
7290,log_1908_1708943083.xes,0.0,na,['gradual'],1,2,0,1,gradual_start,[1981],[1981],3645,0.1,364,1,0,1
7291,log_1908_1708943083.xes,0.0,na,['gradual'],1,2,0,1,gradual_end,[2489],[2431],3645,0.1,364,1,0,1
7292,log_1402_1708943077.xes,0.6,na,"['gradual', 'gradual']",2,4,0,2,no_drift,[],[],4441,0.1,444,0,0,0
7293,log_1402_1708943077.xes,0.6,na,"['gradual', 'gradual']",2,4,0,2,sudden,[],[],4441,0.1,444,0,0,0
7294,log_1402_1708943077.xes,0.6,na,"['gradual', 'gradual']",2,4,0,2,gradual_start,"[1045, 3005]","[991, 2993]",4441,0.1,444,2,0,2
7295,log_1402_1708943077.xes,0.6,na,"['gradual', 'gradual']",2,4,0,2,gradual_end,"[1645, 3348]","[1629, 3433]",4441,0.1,444,2,0,2
7296,log_1584_1708943080.xes,0.6,na,[],0,0,0,0,no_drift,[0],[0],7832,0.1,783,1,0,1
7297,log_1584_1708943080.xes,0.6,na,[],0,0,0,0,sudden,[],[],7832,0.1,783,0,0,0
7298,log_1584_1708943080.xes,0.6,na,[],0,0,0,0,gradual_start,[],[],7832,0.1,783,0,0,0
7299,log_1584_1708943080.xes,0.6,na,[],0,0,0,0,gradual_end,[],[],7832,0.1,783,0,0,0
7300,log_1330_1708943086.xes,0.0,na,['gradual'],1,2,0,1,no_drift,[],[],3047,0.1,304,0,0,0
7301,log_1330_1708943086.xes,0.0,na,['gradual'],1,2,0,1,sudden,[],[],3047,0.1,304,0,0,0
7302,log_1330_1708943086.xes,0.0,na,['gradual'],1,2,0,1,gradual_start,[1423],[1396],3047,0.1,304,1,0,1
7303,log_1330_1708943086.xes,0.0,na,['gradual'],1,2,0,1,gradual_end,[1935],[1921],3047,0.1,304,1,0,1
7304,log_1817_1708943081.xes,0.0,na,[],0,0,0,0,no_drift,[0],[0],6160,0.1,616,1,0,1
7305,log_1817_1708943081.xes,0.0,na,[],0,0,0,0,sudden,[],[],6160,0.1,616,0,0,0
7306,log_1817_1708943081.xes,0.0,na,[],0,0,0,0,gradual_start,[],[],6160,0.1,616,0,0,0
7307,log_1817_1708943081.xes,0.0,na,[],0,0,0,0,gradual_end,[],[],6160,0.1,616,0,0,0
7308,log_1555_1708943084.xes,0.0,na,"['sudden', 'sudden']",2,2,2,0,no_drift,[],[0],4371,0.1,437,0,1,0
7309,log_1555_1708943084.xes,0.0,na,"['sudden', 'sudden']",2,2,2,0,sudden,"[1133, 2744]",[],4371,0.1,437,0,0,2
7310,log_1555_1708943084.xes,0.0,na,"['sudden', 'sudden']",2,2,2,0,gradual_start,[],[],4371,0.1,437,0,0,0
7311,log_1555_1708943084.xes,0.0,na,"['sudden', 'sudden']",2,2,2,0,gradual_end,[],[],4371,0.1,437,0,0,0
7312,log_1700_1708943084.xes,0.3,na,"['gradual', 'gradual', 'sudden']",3,5,1,2,no_drift,[],[],5764,0.1,576,0,0,0
7313,log_1700_1708943084.xes,0.3,na,"['gradual', 'gradual', 'sudden']",3,5,1,2,sudden,[4248],[4201],5764,0.1,576,1,0,1
7314,log_1700_1708943084.xes,0.3,na,"['gradual', 'gradual', 'sudden']",3,5,1,2,gradual_start,"[1201, 2672]","[2661, 1177]",5764,0.1,576,2,0,2
7315,log_1700_1708943084.xes,0.3,na,"['gradual', 'gradual', 'sudden']",3,5,1,2,gradual_end,"[1619, 2977]","[2969, 1597]",5764,0.1,576,2,0,2
7316,log_1556_1708943086.xes,0.0,na,['sudden'],1,1,1,0,no_drift,[],[],3188,0.1,318,0,0,0
7317,log_1556_1708943086.xes,0.0,na,['sudden'],1,1,1,0,sudden,[1555],[1531],3188,0.1,318,1,0,1
7318,log_1556_1708943086.xes,0.0,na,['sudden'],1,1,1,0,gradual_start,[],[],3188,0.1,318,0,0,0
7319,log_1556_1708943086.xes,0.0,na,['sudden'],1,1,1,0,gradual_end,[],[],3188,0.1,318,0,0,0
7320,log_2059_1708943085.xes,0.0,na,[],0,0,0,0,no_drift,[0],[0],2520,0.1,252,1,0,1
7321,log_2059_1708943085.xes,0.0,na,[],0,0,0,0,sudden,[],[],2520,0.1,252,0,0,0
7322,log_2059_1708943085.xes,0.0,na,[],0,0,0,0,gradual_start,[],[],2520,0.1,252,0,0,0
7323,log_2059_1708943085.xes,0.0,na,[],0,0,0,0,gradual_end,[],[],2520,0.1,252,0,0,0
7324,log_2206_1708943087.xes,0.0,na,"['gradual', 'gradual']",2,4,0,2,no_drift,[],[],5843,0.1,584,0,0,0
7325,log_2206_1708943087.xes,0.0,na,"['gradual', 'gradual']",2,4,0,2,sudden,[],[],5843,0.1,584,0,0,0
7326,log_2206_1708943087.xes,0.0,na,"['gradual', 'gradual']",2,4,0,2,gradual_start,"[1287, 3548]",[3539],5843,0.1,584,1,0,2
7327,log_2206_1708943087.xes,0.0,na,"['gradual', 'gradual']",2,4,0,2,gradual_end,"[1596, 3882]",[3887],5843,0.1,584,1,0,2
7328,log_1178_1708943084.xes,0.3,na,"['gradual', 'gradual']",2,4,0,2,no_drift,[],[0],6285,0.1,628,0,1,0
7329,log_1178_1708943084.xes,0.3,na,"['gradual', 'gradual']",2,4,0,2,sudden,[],[],6285,0.1,628,0,0,0
7330,log_1178_1708943084.xes,0.3,na,"['gradual', 'gradual']",2,4,0,2,gradual_start,"[1882, 4049]",[],6285,0.1,628,0,0,2
7331,log_1178_1708943084.xes,0.3,na,"['gradual', 'gradual']",2,4,0,2,gradual_end,"[2424, 4551]",[],6285,0.1,628,0,0,2
7332,log_2060_1708943087.xes,0.0,na,"['gradual', 'sudden', 'sudden']",3,4,2,1,no_drift,[],[],6086,0.1,608,0,0,0
7333,log_2060_1708943087.xes,0.0,na,"['gradual', 'sudden', 'sudden']",3,4,2,1,sudden,"[3473, 4615]","[3451, 4591]",6086,0.1,608,2,0,2
7334,log_2060_1708943087.xes,0.0,na,"['gradual', 'sudden', 'sudden']",3,4,2,1,gradual_start,[1776],[1771],6086,0.1,608,1,0,1
7335,log_2060_1708943087.xes,0.0,na,"['gradual', 'sudden', 'sudden']",3,4,2,1,gradual_end,[2193],[2161],6086,0.1,608,1,0,1
7336,log_1984_1708943084.xes,0.0,na,['gradual'],1,2,0,1,no_drift,[],[],3344,0.1,334,0,0,0
7337,log_1984_1708943084.xes,0.0,na,['gradual'],1,2,0,1,sudden,[],[],3344,0.1,334,0,0,0
7338,log_1984_1708943084.xes,0.0,na,['gradual'],1,2,0,1,gradual_start,[1222],[1185],3344,0.1,334,1,0,1
7339,log_1984_1708943084.xes,0.0,na,['gradual'],1,2,0,1,gradual_end,[1681],[1681],3344,0.1,334,1,0,1
7340,log_1519_1708943085.xes,0.6,na,['gradual'],1,2,0,1,no_drift,[],[],3171,0.1,317,0,0,0
7341,log_1519_1708943085.xes,0.6,na,['gradual'],1,2,0,1,sudden,[],[],3171,0.1,317,0,0,0
7342,log_1519_1708943085.xes,0.6,na,['gradual'],1,2,0,1,gradual_start,[1223],[1216],3171,0.1,317,1,0,1
7343,log_1519_1708943085.xes,0.6,na,['gradual'],1,2,0,1,gradual_end,[1713],[1711],3171,0.1,317,1,0,1
7344,log_1663_1708943081.xes,0.6,na,"['sudden', 'gradual']",2,3,1,1,no_drift,[],[0],5016,0.1,501,0,1,0
7345,log_1663_1708943081.xes,0.6,na,"['sudden', 'gradual']",2,3,1,1,sudden,[1727],[],5016,0.1,501,0,0,1
7346,log_1663_1708943081.xes,0.6,na,"['sudden', 'gradual']",2,3,1,1,gradual_start,[2778],[],5016,0.1,501,0,0,1
7347,log_1663_1708943081.xes,0.6,na,"['sudden', 'gradual']",2,3,1,1,gradual_end,[3112],[],5016,0.1,501,0,0,1
7348,log_1819_1708943088.xes,0.6,na,[],0,0,0,0,no_drift,[0],[0],5528,0.1,552,1,0,1
7349,log_1819_1708943088.xes,0.6,na,[],0,0,0,0,sudden,[],[],5528,0.1,552,0,0,0
7350,log_1819_1708943088.xes,0.6,na,[],0,0,0,0,gradual_start,[],[],5528,0.1,552,0,0,0
7351,log_1819_1708943088.xes,0.6,na,[],0,0,0,0,gradual_end,[],[],5528,0.1,552,0,0,0
7352,log_2094_1708943082.xes,0.0,na,"['gradual', 'sudden']",2,3,1,1,no_drift,[],[],4940,0.1,494,0,0,0
7353,log_2094_1708943082.xes,0.0,na,"['gradual', 'sudden']",2,3,1,1,sudden,[3937],[3913],4940,0.1,494,1,0,1
7354,log_2094_1708943082.xes,0.0,na,"['gradual', 'sudden']",2,3,1,1,gradual_start,[1736],[],4940,0.1,494,0,0,1
7355,log_2094_1708943082.xes,0.0,na,"['gradual', 'sudden']",2,3,1,1,gradual_end,[2088],[],4940,0.1,494,0,0,1
7356,log_1403_1708943085.xes,0.0,na,['sudden'],1,1,1,0,no_drift,[],[],2974,0.1,297,0,0,0
7357,log_1403_1708943085.xes,0.0,na,['sudden'],1,1,1,0,sudden,[1740],[1723],2974,0.1,297,1,0,1
7358,log_1403_1708943085.xes,0.0,na,['sudden'],1,1,1,0,gradual_start,[],[],2974,0.1,297,0,0,0
7359,log_1403_1708943085.xes,0.0,na,['sudden'],1,1,1,0,gradual_end,[],[],2974,0.1,297,0,0,0
7360,log_1946_1708943083.xes,0.6,na,"['gradual', 'sudden']",2,3,1,1,no_drift,[],[],4314,0.1,431,0,0,0
7361,log_1946_1708943083.xes,0.6,na,"['gradual', 'sudden']",2,3,1,1,sudden,[2864],[2836],4314,0.1,431,1,0,1
7362,log_1946_1708943083.xes,0.6,na,"['gradual', 'sudden']",2,3,1,1,gradual_start,[1350],[1366],4314,0.1,431,1,0,1
7363,log_1946_1708943083.xes,0.6,na,"['gradual', 'sudden']",2,3,1,1,gradual_end,[1793],[1786],4314,0.1,431,1,0,1
7364,log_1740_1708943084.xes,0.6,na,"['sudden', 'gradual', 'sudden']",3,4,2,1,no_drift,[],[],6137,0.1,613,0,0,0
7365,log_1740_1708943084.xes,0.6,na,"['sudden', 'gradual', 'sudden']",3,4,2,1,sudden,"[1194, 4763]","[1141, 4741]",6137,0.1,613,2,0,2
7366,log_1740_1708943084.xes,0.6,na,"['sudden', 'gradual', 'sudden']",3,4,2,1,gradual_start,[2798],[],6137,0.1,613,0,0,1
7367,log_1740_1708943084.xes,0.6,na,"['sudden', 'gradual', 'sudden']",3,4,2,1,gradual_end,[3302],[],6137,0.1,613,0,0,1
7368,log_2095_1708943089.xes,0.0,na,['sudden'],1,1,1,0,no_drift,[],[],3072,0.1,307,0,0,0
7369,log_2095_1708943089.xes,0.0,na,['sudden'],1,1,1,0,sudden,[1830],[1816],3072,0.1,307,1,0,1
7370,log_2095_1708943089.xes,0.0,na,['sudden'],1,1,1,0,gradual_start,[],[],3072,0.1,307,0,0,0
7371,log_2095_1708943089.xes,0.0,na,['sudden'],1,1,1,0,gradual_end,[],[],3072,0.1,307,0,0,0
7372,log_2167_1708943083.xes,0.6,na,"['gradual', 'gradual']",2,4,0,2,no_drift,[],[0],4766,0.1,476,0,1,0
7373,log_2167_1708943083.xes,0.6,na,"['gradual', 'gradual']",2,4,0,2,sudden,[],[],4766,0.1,476,0,0,0
7374,log_2167_1708943083.xes,0.6,na,"['gradual', 'gradual']",2,4,0,2,gradual_start,"[1606, 3431]",[],4766,0.1,476,0,0,2
7375,log_2167_1708943083.xes,0.6,na,"['gradual', 'gradual']",2,4,0,2,gradual_end,"[2200, 3758]",[],4766,0.1,476,0,0,2
7376,log_1701_1708943088.xes,0.0,na,[],0,0,0,0,no_drift,[0],[0],5588,0.1,558,1,0,1
7377,log_1701_1708943088.xes,0.0,na,[],0,0,0,0,sudden,[],[],5588,0.1,558,0,0,0
7378,log_1701_1708943088.xes,0.0,na,[],0,0,0,0,gradual_start,[],[],5588,0.1,558,0,0,0
7379,log_1701_1708943088.xes,0.0,na,[],0,0,0,0,gradual_end,[],[],5588,0.1,558,0,0,0
7380,log_1853_1708943086.xes,0.6,na,"['gradual', 'gradual']",2,4,0,2,no_drift,[],[0],5220,0.1,522,0,1,0
7381,log_1853_1708943086.xes,0.6,na,"['gradual', 'gradual']",2,4,0,2,sudden,[],[],5220,0.1,522,0,0,0
7382,log_1853_1708943086.xes,0.6,na,"['gradual', 'gradual']",2,4,0,2,gradual_start,"[1222, 3089]",[],5220,0.1,522,0,0,2
7383,log_1853_1708943086.xes,0.6,na,"['gradual', 'gradual']",2,4,0,2,gradual_end,"[1564, 3397]",[],5220,0.1,522,0,0,2
7384,log_1664_1708943088.xes,0.3,na,[],0,0,0,0,no_drift,[0],[0],4432,0.1,443,1,0,1
7385,log_1664_1708943088.xes,0.3,na,[],0,0,0,0,sudden,[],[],4432,0.1,443,0,0,0
7386,log_1664_1708943088.xes,0.3,na,[],0,0,0,0,gradual_start,[],[],4432,0.1,443,0,0,0
7387,log_1664_1708943088.xes,0.3,na,[],0,0,0,0,gradual_end,[],[],4432,0.1,443,0,0,0
7388,log_1909_1708943086.xes,0.6,na,"['gradual', 'sudden', 'sudden']",3,4,2,1,no_drift,[],[],5311,0.1,531,0,0,0
7389,log_1909_1708943086.xes,0.6,na,"['gradual', 'sudden', 'sudden']",3,4,2,1,sudden,"[2632, 4257]","[4239, 2601]",5311,0.1,531,2,0,2
7390,log_1909_1708943086.xes,0.6,na,"['gradual', 'sudden', 'sudden']",3,4,2,1,gradual_start,[1094],[],5311,0.1,531,0,0,1
7391,log_1909_1708943086.xes,0.6,na,"['gradual', 'sudden', 'sudden']",3,4,2,1,gradual_end,[1555],[],5311,0.1,531,0,0,1
7392,log_1557_1708943087.xes,0.3,na,"['gradual', 'sudden', 'sudden']",3,4,2,1,no_drift,[],[],6221,0.1,622,0,0,0
7393,log_1557_1708943087.xes,0.3,na,"['gradual', 'sudden', 'sudden']",3,4,2,1,sudden,"[3199, 4457]",[3194],6221,0.1,622,1,0,2
7394,log_1557_1708943087.xes,0.3,na,"['gradual', 'sudden', 'sudden']",3,4,2,1,gradual_start,[1555],[],6221,0.1,622,0,0,1
7395,log_1557_1708943087.xes,0.3,na,"['gradual', 'sudden', 'sudden']",3,4,2,1,gradual_end,[2024],[],6221,0.1,622,0,0,1
7396,log_1741_1708943089.xes,0.6,na,['gradual'],1,2,0,1,no_drift,[],[],3525,0.1,352,0,0,0
7397,log_1741_1708943089.xes,0.6,na,['gradual'],1,2,0,1,sudden,[],[],3525,0.1,352,0,0,0
7398,log_1741_1708943089.xes,0.6,na,['gradual'],1,2,0,1,gradual_start,[1143],[1157],3525,0.1,352,1,0,1
7399,log_1741_1708943089.xes,0.6,na,['gradual'],1,2,0,1,gradual_end,[1614],[1599],3525,0.1,352,1,0,1
7400,log_2243_1708943087.xes,0.0,na,"['gradual', 'gradual', 'sudden']",3,5,1,2,no_drift,[],[],5774,0.1,577,0,0,0
7401,log_2243_1708943087.xes,0.0,na,"['gradual', 'gradual', 'sudden']",3,5,1,2,sudden,[4661],[4621],5774,0.1,577,1,0,1
7402,log_2243_1708943087.xes,0.0,na,"['gradual', 'gradual', 'sudden']",3,5,1,2,gradual_start,"[1531, 3082]","[3053, 1513]",5774,0.1,577,2,0,2
7403,log_2243_1708943087.xes,0.0,na,"['gradual', 'gradual', 'sudden']",3,5,1,2,gradual_end,"[1837, 3645]","[3613, 1821]",5774,0.1,577,2,0,2
7404,log_1481_1708943084.xes,0.3,na,"['gradual', 'sudden', 'gradual']",3,5,1,2,no_drift,[],[],7182,0.1,718,0,0,0
7405,log_1481_1708943084.xes,0.3,na,"['gradual', 'sudden', 'gradual']",3,5,1,2,sudden,[4118],[4061],7182,0.1,718,1,0,1
7406,log_1481_1708943084.xes,0.3,na,"['gradual', 'sudden', 'gradual']",3,5,1,2,gradual_start,"[1740, 5571]","[5566, 1786]",7182,0.1,718,2,0,2
7407,log_1481_1708943084.xes,0.3,na,"['gradual', 'sudden', 'gradual']",3,5,1,2,gradual_end,"[2177, 6149]","[6126, 2171]",7182,0.1,718,2,0,2
7408,log_1820_1708943090.xes,0.0,na,[],0,0,0,0,no_drift,[0],[0],1424,0.1,142,1,0,1
7409,log_1820_1708943090.xes,0.0,na,[],0,0,0,0,sudden,[],[],1424,0.1,142,0,0,0
7410,log_1820_1708943090.xes,0.0,na,[],0,0,0,0,gradual_start,[],[],1424,0.1,142,0,0,0
7411,log_1820_1708943090.xes,0.0,na,[],0,0,0,0,gradual_end,[],[],1424,0.1,142,0,0,0
7412,log_2319_1708943093.xes,0.0,na,[],0,0,0,0,no_drift,[0],[0],3015,0.1,301,1,0,1
7413,log_2319_1708943093.xes,0.0,na,[],0,0,0,0,sudden,[],[],3015,0.1,301,0,0,0
7414,log_2319_1708943093.xes,0.0,na,[],0,0,0,0,gradual_start,[],[],3015,0.1,301,0,0,0
7415,log_2319_1708943093.xes,0.0,na,[],0,0,0,0,gradual_end,[],[],3015,0.1,301,0,0,0
7416,log_1520_1708943088.xes,0.3,na,"['sudden', 'gradual']",2,3,1,1,no_drift,[],[],5474,0.1,547,0,0,0
7417,log_1520_1708943088.xes,0.3,na,"['sudden', 'gradual']",2,3,1,1,sudden,[1619],[1594],5474,0.1,547,1,0,1
7418,log_1520_1708943088.xes,0.3,na,"['sudden', 'gradual']",2,3,1,1,gradual_start,[2916],[2917],5474,0.1,547,1,0,1
7419,log_1520_1708943088.xes,0.3,na,"['sudden', 'gradual']",2,3,1,1,gradual_end,[3516],[3511],5474,0.1,547,1,0,1
7420,log_1404_1708943090.xes,0.0,na,"['sudden', 'sudden', 'sudden']",3,3,3,0,no_drift,[],[],6162,0.1,616,0,0,0
7421,log_1404_1708943090.xes,0.0,na,"['sudden', 'sudden', 'sudden']",3,3,3,0,sudden,"[1460, 3026, 4432]","[4411, 1411, 3001]",6162,0.1,616,3,0,3
7422,log_1404_1708943090.xes,0.0,na,"['sudden', 'sudden', 'sudden']",3,3,3,0,gradual_start,[],[],6162,0.1,616,0,0,0
7423,log_1404_1708943090.xes,0.0,na,"['sudden', 'sudden', 'sudden']",3,3,3,0,gradual_end,[],[],6162,0.1,616,0,0,0
7424,log_2281_1708943090.xes,0.0,na,[],0,0,0,0,no_drift,[0],[0],4428,0.1,442,1,0,1
7425,log_2281_1708943090.xes,0.0,na,[],0,0,0,0,sudden,[],[],4428,0.1,442,0,0,0
7426,log_2281_1708943090.xes,0.0,na,[],0,0,0,0,gradual_start,[],[],4428,0.1,442,0,0,0
7427,log_2281_1708943090.xes,0.0,na,[],0,0,0,0,gradual_end,[],[],4428,0.1,442,0,0,0
7428,log_1665_1708943091.xes,0.0,na,['sudden'],1,1,1,0,no_drift,[],[],2793,0.1,279,0,0,0
7429,log_1665_1708943091.xes,0.0,na,['sudden'],1,1,1,0,sudden,[1622],[1613],2793,0.1,279,1,0,1
7430,log_1665_1708943091.xes,0.0,na,['sudden'],1,1,1,0,gradual_start,[],[],2793,0.1,279,0,0,0
7431,log_1665_1708943091.xes,0.0,na,['sudden'],1,1,1,0,gradual_end,[],[],2793,0.1,279,0,0,0
7432,log_1775_1708943081.xes,0.0,na,"['gradual', 'gradual']",2,4,0,2,no_drift,[],[],5721,0.1,572,0,0,0
7433,log_1775_1708943081.xes,0.0,na,"['gradual', 'gradual']",2,4,0,2,sudden,[],[],5721,0.1,572,0,0,0
7434,log_1775_1708943081.xes,0.0,na,"['gradual', 'gradual']",2,4,0,2,gradual_start,"[1797, 4070]",[4061],5721,0.1,572,1,0,2
7435,log_1775_1708943081.xes,0.0,na,"['gradual', 'gradual']",2,4,0,2,gradual_end,"[2245, 4488]",[4453],5721,0.1,572,1,0,2
7436,log_1910_1708943091.xes,0.0,na,['gradual'],1,2,0,1,no_drift,[],[],4138,0.1,413,0,0,0
7437,log_1910_1708943091.xes,0.0,na,['gradual'],1,2,0,1,sudden,[],[],4138,0.1,413,0,0,0
7438,log_1910_1708943091.xes,0.0,na,['gradual'],1,2,0,1,gradual_start,[1676],[1661],4138,0.1,413,1,0,1
7439,log_1910_1708943091.xes,0.0,na,['gradual'],1,2,0,1,gradual_end,[2261],[2241],4138,0.1,413,1,0,1
7440,log_1742_1708943092.xes,0.0,na,['gradual'],1,2,0,1,no_drift,[],[],3504,0.1,350,0,0,0
7441,log_1742_1708943092.xes,0.0,na,['gradual'],1,2,0,1,sudden,[],[],3504,0.1,350,0,0,0
7442,log_1742_1708943092.xes,0.0,na,['gradual'],1,2,0,1,gradual_start,[1634],[1633],3504,0.1,350,1,0,1
7443,log_1742_1708943092.xes,0.0,na,['gradual'],1,2,0,1,gradual_end,[2227],[2194],3504,0.1,350,1,0,1
7444,log_1702_1708943090.xes,0.6,na,[],0,0,0,0,no_drift,[0],[0],5704,0.1,570,1,0,1
7445,log_1702_1708943090.xes,0.6,na,[],0,0,0,0,sudden,[],[],5704,0.1,570,0,0,0
7446,log_1702_1708943090.xes,0.6,na,[],0,0,0,0,gradual_start,[],[],5704,0.1,570,0,0,0
7447,log_1702_1708943090.xes,0.6,na,[],0,0,0,0,gradual_end,[],[],5704,0.1,570,0,0,0
7448,log_1947_1708943089.xes,0.3,na,['gradual'],1,2,0,1,no_drift,[],[],3956,0.1,395,0,0,0
7449,log_1947_1708943089.xes,0.3,na,['gradual'],1,2,0,1,sudden,[],[],3956,0.1,395,0,0,0
7450,log_1947_1708943089.xes,0.3,na,['gradual'],1,2,0,1,gradual_start,[1782],[1749],3956,0.1,395,1,0,1
7451,log_1947_1708943089.xes,0.3,na,['gradual'],1,2,0,1,gradual_end,[2130],[2129],3956,0.1,395,1,0,1
7452,log_2207_1708943091.xes,0.3,na,[],0,0,0,0,no_drift,[0],[0],3872,0.1,387,1,0,1
7453,log_2207_1708943091.xes,0.3,na,[],0,0,0,0,sudden,[],[],3872,0.1,387,0,0,0
7454,log_2207_1708943091.xes,0.3,na,[],0,0,0,0,gradual_start,[],[],3872,0.1,387,0,0,0
7455,log_2207_1708943091.xes,0.3,na,[],0,0,0,0,gradual_end,[],[],3872,0.1,387,0,0,0
7456,log_1821_1708943092.xes,0.0,na,"['sudden', 'sudden']",2,2,2,0,no_drift,[],[],4097,0.1,409,0,0,0
7457,log_1821_1708943092.xes,0.0,na,"['sudden', 'sudden']",2,2,2,0,sudden,"[1276, 2761]",[1261],4097,0.1,409,1,0,2
7458,log_1821_1708943092.xes,0.0,na,"['sudden', 'sudden']",2,2,2,0,gradual_start,[],[],4097,0.1,409,0,0,0
7459,log_1821_1708943092.xes,0.0,na,"['sudden', 'sudden']",2,2,2,0,gradual_end,[],[],4097,0.1,409,0,0,0
7460,log_1439_1708943084.xes,0.0,na,"['gradual', 'gradual']",2,4,0,2,no_drift,[],[],5973,0.1,597,0,0,0
7461,log_1439_1708943084.xes,0.0,na,"['gradual', 'gradual']",2,4,0,2,sudden,[],[],5973,0.1,597,0,0,0
7462,log_1439_1708943084.xes,0.0,na,"['gradual', 'gradual']",2,4,0,2,gradual_start,"[1980, 3929]",[1857],5973,0.1,597,1,0,2
7463,log_1439_1708943084.xes,0.0,na,"['gradual', 'gradual']",2,4,0,2,gradual_end,"[2526, 4349]",[2495],5973,0.1,597,1,0,2
7464,log_2096_1708943091.xes,0.0,na,['gradual'],1,2,0,1,no_drift,[],[],3866,0.1,386,0,0,0
7465,log_2096_1708943091.xes,0.0,na,['gradual'],1,2,0,1,sudden,[],[],3866,0.1,386,0,0,0
7466,log_2096_1708943091.xes,0.0,na,['gradual'],1,2,0,1,gradual_start,[1959],[1939],3866,0.1,386,1,0,1
7467,log_2096_1708943091.xes,0.0,na,['gradual'],1,2,0,1,gradual_end,[2361],[2338],3866,0.1,386,1,0,1
7468,log_1948_1708943093.xes,0.3,na,['sudden'],1,1,1,0,no_drift,[],[],2841,0.1,284,0,0,0
7469,log_1948_1708943093.xes,0.3,na,['sudden'],1,1,1,0,sudden,[1742],[1723],2841,0.1,284,1,0,1
7470,log_1948_1708943093.xes,0.3,na,['sudden'],1,1,1,0,gradual_start,[],[],2841,0.1,284,0,0,0
7471,log_1948_1708943093.xes,0.3,na,['sudden'],1,1,1,0,gradual_end,[],[],2841,0.1,284,0,0,0
7472,log_2021_1708943084.xes,0.0,na,"['sudden', 'sudden', 'gradual']",3,4,2,1,no_drift,[],[],7116,0.1,711,0,0,0
7473,log_2021_1708943084.xes,0.0,na,"['sudden', 'sudden', 'gradual']",3,4,2,1,sudden,"[1943, 3910]","[3886, 1926]",7116,0.1,711,2,0,2
7474,log_2021_1708943084.xes,0.0,na,"['sudden', 'sudden', 'gradual']",3,4,2,1,gradual_start,[5243],[],7116,0.1,711,0,0,1
7475,log_2021_1708943084.xes,0.0,na,"['sudden', 'sudden', 'gradual']",3,4,2,1,gradual_end,[5758],[],7116,0.1,711,0,0,1
7476,log_1985_1708943088.xes,0.6,na,"['sudden', 'gradual', 'sudden']",3,4,2,1,no_drift,[],[],6159,0.1,615,0,0,0
7477,log_1985_1708943088.xes,0.6,na,"['sudden', 'gradual', 'sudden']",3,4,2,1,sudden,"[1187, 4246]","[4231, 1171]",6159,0.1,615,2,0,2
7478,log_1985_1708943088.xes,0.6,na,"['sudden', 'gradual', 'sudden']",3,4,2,1,gradual_start,[2562],[],6159,0.1,615,0,0,1
7479,log_1985_1708943088.xes,0.6,na,"['sudden', 'gradual', 'sudden']",3,4,2,1,gradual_end,[3096],[],6159,0.1,615,0,0,1
7480,log_1405_1708943094.xes,0.3,na,['sudden'],1,1,1,0,no_drift,[],[],2860,0.1,286,0,0,0
7481,log_1405_1708943094.xes,0.3,na,['sudden'],1,1,1,0,sudden,[1476],[1457],2860,0.1,286,1,0,1
7482,log_1405_1708943094.xes,0.3,na,['sudden'],1,1,1,0,gradual_start,[],[],2860,0.1,286,0,0,0
7483,log_1405_1708943094.xes,0.3,na,['sudden'],1,1,1,0,gradual_end,[],[],2860,0.1,286,0,0,0
7484,log_1743_1708943095.xes,0.3,na,[],0,0,0,0,no_drift,[0],[0],1143,0.1,114,1,0,1
7485,log_1743_1708943095.xes,0.3,na,[],0,0,0,0,sudden,[],[],1143,0.1,114,0,0,0
7486,log_1743_1708943095.xes,0.3,na,[],0,0,0,0,gradual_start,[],[],1143,0.1,114,0,0,0
7487,log_1743_1708943095.xes,0.3,na,[],0,0,0,0,gradual_end,[],[],1143,0.1,114,0,0,0
7488,log_1822_1708943095.xes,0.3,na,[],0,0,0,0,no_drift,[0],[0],1963,0.1,196,1,0,1
7489,log_1822_1708943095.xes,0.3,na,[],0,0,0,0,sudden,[],[],1963,0.1,196,0,0,0
7490,log_1822_1708943095.xes,0.3,na,[],0,0,0,0,gradual_start,[],[],1963,0.1,196,0,0,0
7491,log_1822_1708943095.xes,0.3,na,[],0,0,0,0,gradual_end,[],[],1963,0.1,196,0,0,0
7492,log_1482_1708943094.xes,0.0,na,['gradual'],1,2,0,1,no_drift,[],[],3539,0.1,353,0,0,0
7493,log_1482_1708943094.xes,0.0,na,['gradual'],1,2,0,1,sudden,[],[],3539,0.1,353,0,0,0
7494,log_1482_1708943094.xes,0.0,na,['gradual'],1,2,0,1,gradual_start,[1888],[1888],3539,0.1,353,1,0,1
7495,log_1482_1708943094.xes,0.0,na,['gradual'],1,2,0,1,gradual_end,[2335],[2313],3539,0.1,353,1,0,1
7496,log_1776_1708943094.xes,0.0,na,"['sudden', 'sudden', 'gradual']",3,4,2,1,no_drift,[],[],7080,0.1,708,0,0,0
7497,log_1776_1708943094.xes,0.0,na,"['sudden', 'sudden', 'gradual']",3,4,2,1,sudden,"[1710, 3061]","[1646, 3046]",7080,0.1,708,2,0,2
7498,log_1776_1708943094.xes,0.0,na,"['sudden', 'sudden', 'gradual']",3,4,2,1,gradual_start,[5013],[],7080,0.1,708,0,0,1
7499,log_1776_1708943094.xes,0.0,na,"['sudden', 'sudden', 'gradual']",3,4,2,1,gradual_end,[5602],[],7080,0.1,708,0,0,1
7500,log_2282_1708943093.xes,0.6,na,[],0,0,0,0,no_drift,[0],[0],5355,0.1,535,1,0,1
7501,log_2282_1708943093.xes,0.6,na,[],0,0,0,0,sudden,[],[],5355,0.1,535,0,0,0
7502,log_2282_1708943093.xes,0.6,na,[],0,0,0,0,gradual_start,[],[],5355,0.1,535,0,0,0
7503,log_2282_1708943093.xes,0.6,na,[],0,0,0,0,gradual_end,[],[],5355,0.1,535,0,0,0
7504,log_2022_1708943094.xes,0.3,na,"['gradual', 'sudden']",2,3,1,1,no_drift,[],[],4630,0.1,463,0,0,0
7505,log_2022_1708943094.xes,0.3,na,"['gradual', 'sudden']",2,3,1,1,sudden,[2944],[2945],4630,0.1,463,1,0,1
7506,log_2022_1708943094.xes,0.3,na,"['gradual', 'sudden']",2,3,1,1,gradual_start,[1233],[],4630,0.1,463,0,0,1
7507,log_2022_1708943094.xes,0.3,na,"['gradual', 'sudden']",2,3,1,1,gradual_end,[1648],[],4630,0.1,463,0,0,1
7508,log_1986_1708943096.xes,0.0,na,[],0,0,0,0,no_drift,[0],[0],3244,0.1,324,1,0,1
7509,log_1986_1708943096.xes,0.0,na,[],0,0,0,0,sudden,[],[],3244,0.1,324,0,0,0
7510,log_1986_1708943096.xes,0.0,na,[],0,0,0,0,gradual_start,[],[],3244,0.1,324,0,0,0
7511,log_1986_1708943096.xes,0.0,na,[],0,0,0,0,gradual_end,[],[],3244,0.1,324,0,0,0
7512,log_1890_1708943096.xes,0.6,na,"['sudden', 'sudden']",2,2,2,0,no_drift,[],[],4323,0.1,432,0,0,0
7513,log_1890_1708943096.xes,0.6,na,"['sudden', 'sudden']",2,2,2,0,sudden,"[1181, 3034]","[1177, 3025]",4323,0.1,432,2,0,2
7514,log_1890_1708943096.xes,0.6,na,"['sudden', 'sudden']",2,2,2,0,gradual_start,[],[],4323,0.1,432,0,0,0
7515,log_1890_1708943096.xes,0.6,na,"['sudden', 'sudden']",2,2,2,0,gradual_end,[],[],4323,0.1,432,0,0,0
7516,log_2023_1708943097.xes,0.0,na,['sudden'],1,1,1,0,no_drift,[],[0],3239,0.1,323,0,1,0
7517,log_2023_1708943097.xes,0.0,na,['sudden'],1,1,1,0,sudden,[1986],[],3239,0.1,323,0,0,1
7518,log_2023_1708943097.xes,0.0,na,['sudden'],1,1,1,0,gradual_start,[],[],3239,0.1,323,0,0,0
7519,log_2023_1708943097.xes,0.0,na,['sudden'],1,1,1,0,gradual_end,[],[],3239,0.1,323,0,0,0
7520,log_1854_1708943091.xes,0.3,na,['gradual'],1,2,0,1,no_drift,[],[],3934,0.1,393,0,0,0
7521,log_1854_1708943091.xes,0.3,na,['gradual'],1,2,0,1,sudden,[],[],3934,0.1,393,0,0,0
7522,log_1854_1708943091.xes,0.3,na,['gradual'],1,2,0,1,gradual_start,[1960],[1939],3934,0.1,393,1,0,1
7523,log_1854_1708943091.xes,0.3,na,['gradual'],1,2,0,1,gradual_end,[2365],[2357],3934,0.1,393,1,0,1
7524,log_1823_1708943097.xes,0.0,na,['gradual'],1,2,0,1,no_drift,[],[],3143,0.1,314,0,0,0
7525,log_1823_1708943097.xes,0.0,na,['gradual'],1,2,0,1,sudden,[],[],3143,0.1,314,0,0,0
7526,log_1823_1708943097.xes,0.0,na,['gradual'],1,2,0,1,gradual_start,[1647],[1606],3143,0.1,314,1,0,1
7527,log_1823_1708943097.xes,0.0,na,['gradual'],1,2,0,1,gradual_end,[1966],[2011],3143,0.1,314,1,0,1
7528,log_1911_1708943094.xes,0.0,na,['gradual'],1,2,0,1,no_drift,[],[],3522,0.1,352,0,0,0
7529,log_1911_1708943094.xes,0.0,na,['gradual'],1,2,0,1,sudden,[],[],3522,0.1,352,0,0,0
7530,log_1911_1708943094.xes,0.0,na,['gradual'],1,2,0,1,gradual_start,[1875],[1888],3522,0.1,352,1,0,1
7531,log_1911_1708943094.xes,0.0,na,['gradual'],1,2,0,1,gradual_end,[2271],[2262],3522,0.1,352,1,0,1
7532,log_1703_1708943093.xes,0.0,na,"['gradual', 'gradual', 'sudden']",3,5,1,2,no_drift,[],[],7880,0.1,788,0,0,0
7533,log_1703_1708943093.xes,0.0,na,"['gradual', 'gradual', 'sudden']",3,5,1,2,sudden,[6041],[6007],7880,0.1,788,1,0,1
7534,log_1703_1708943093.xes,0.0,na,"['gradual', 'gradual', 'sudden']",3,5,1,2,gradual_start,"[1846, 3658]",[1795],7880,0.1,788,1,0,2
7535,log_1703_1708943093.xes,0.0,na,"['gradual', 'gradual', 'sudden']",3,5,1,2,gradual_end,"[2223, 4160]",[2185],7880,0.1,788,1,0,2
7536,log_2357_1708943097.xes,0.3,na,['gradual'],1,2,0,1,no_drift,[],[],3368,0.1,336,0,0,0
7537,log_2357_1708943097.xes,0.3,na,['gradual'],1,2,0,1,sudden,[],[],3368,0.1,336,0,0,0
7538,log_2357_1708943097.xes,0.3,na,['gradual'],1,2,0,1,gradual_start,[1774],[1729],3368,0.1,336,1,0,1
7539,log_2357_1708943097.xes,0.3,na,['gradual'],1,2,0,1,gradual_end,[2253],[2273],3368,0.1,336,1,0,1
7540,log_2320_1708943095.xes,0.6,na,"['gradual', 'sudden']",2,3,1,1,no_drift,[],[],5391,0.1,539,0,0,0
7541,log_2320_1708943095.xes,0.6,na,"['gradual', 'sudden']",2,3,1,1,sudden,[3461],[],5391,0.1,539,0,0,1
7542,log_2320_1708943095.xes,0.6,na,"['gradual', 'sudden']",2,3,1,1,gradual_start,[1532],[1509],5391,0.1,539,1,0,1
7543,log_2320_1708943095.xes,0.6,na,"['gradual', 'sudden']",2,3,1,1,gradual_end,[2091],[2081],5391,0.1,539,1,0,1
7544,log_2130_1708943097.xes,0.0,na,"['gradual', 'gradual']",2,4,0,2,no_drift,[],[],4942,0.1,494,0,0,0
7545,log_2130_1708943097.xes,0.0,na,"['gradual', 'gradual']",2,4,0,2,sudden,[],[],4942,0.1,494,0,0,0
7546,log_2130_1708943097.xes,0.0,na,"['gradual', 'gradual']",2,4,0,2,gradual_start,"[1598, 3225]",[1609],4942,0.1,494,1,0,2
7547,log_2130_1708943097.xes,0.0,na,"['gradual', 'gradual']",2,4,0,2,gradual_end,"[2111, 3609]",[2089],4942,0.1,494,1,0,2
7548,log_1406_1708943097.xes,0.6,na,['sudden'],1,1,1,0,no_drift,[],[0],3047,0.1,304,0,1,0
7549,log_1406_1708943097.xes,0.6,na,['sudden'],1,1,1,0,sudden,[1852],[],3047,0.1,304,0,0,1
7550,log_1406_1708943097.xes,0.6,na,['sudden'],1,1,1,0,gradual_start,[],[],3047,0.1,304,0,0,0
7551,log_1406_1708943097.xes,0.6,na,['sudden'],1,1,1,0,gradual_end,[],[],3047,0.1,304,0,0,0
7552,log_1744_1708943096.xes,0.6,na,"['gradual', 'gradual']",2,4,0,2,no_drift,[],[],6006,0.1,600,0,0,0
7553,log_1744_1708943096.xes,0.6,na,"['gradual', 'gradual']",2,4,0,2,sudden,[],[],6006,0.1,600,0,0,0
7554,log_1744_1708943096.xes,0.6,na,"['gradual', 'gradual']",2,4,0,2,gradual_start,"[1521, 3606]",[3601],6006,0.1,600,1,0,2
7555,log_1744_1708943096.xes,0.6,na,"['gradual', 'gradual']",2,4,0,2,gradual_end,"[2035, 4102]",[4051],6006,0.1,600,1,0,2
7556,log_1585_1708943087.xes,0.3,na,"['gradual', 'sudden', 'gradual']",3,5,1,2,no_drift,[],[],7359,0.1,735,0,0,0
7557,log_1585_1708943087.xes,0.3,na,"['gradual', 'sudden', 'gradual']",3,5,1,2,sudden,[3812],[3745],7359,0.1,735,1,0,1
7558,log_1585_1708943087.xes,0.3,na,"['gradual', 'sudden', 'gradual']",3,5,1,2,gradual_start,"[1403, 5742]",[],7359,0.1,735,0,0,2
7559,log_1585_1708943087.xes,0.3,na,"['gradual', 'sudden', 'gradual']",3,5,1,2,gradual_end,"[1872, 6249]",[],7359,0.1,735,0,0,2
7560,log_2244_1708943092.xes,0.6,na,"['sudden', 'gradual', 'sudden']",3,4,2,1,no_drift,[],[],6269,0.1,626,0,0,0
7561,log_2244_1708943092.xes,0.6,na,"['sudden', 'gradual', 'sudden']",3,4,2,1,sudden,"[1950, 4707]","[4682, 1923]",6269,0.1,626,2,0,2
7562,log_2244_1708943092.xes,0.6,na,"['sudden', 'gradual', 'sudden']",3,4,2,1,gradual_start,[3133],[],6269,0.1,626,0,0,1
7563,log_2244_1708943092.xes,0.6,na,"['sudden', 'gradual', 'sudden']",3,4,2,1,gradual_end,[3628],[],6269,0.1,626,0,0,1
7564,log_2024_1708943098.xes,0.0,na,[],0,0,0,0,no_drift,[0],[0],3346,0.1,334,1,0,1
7565,log_2024_1708943098.xes,0.0,na,[],0,0,0,0,sudden,[],[],3346,0.1,334,0,0,0
7566,log_2024_1708943098.xes,0.0,na,[],0,0,0,0,gradual_start,[],[],3346,0.1,334,0,0,0
7567,log_2024_1708943098.xes,0.0,na,[],0,0,0,0,gradual_end,[],[],3346,0.1,334,0,0,0
7568,log_2168_1708943090.xes,0.6,na,"['sudden', 'sudden']",2,2,2,0,no_drift,[],[],5438,0.1,543,0,0,0
7569,log_2168_1708943090.xes,0.6,na,"['sudden', 'sudden']",2,2,2,0,sudden,"[1826, 3711]","[1783, 3700]",5438,0.1,543,2,0,2
7570,log_2168_1708943090.xes,0.6,na,"['sudden', 'sudden']",2,2,2,0,gradual_start,[],[],5438,0.1,543,0,0,0
7571,log_2168_1708943090.xes,0.6,na,"['sudden', 'sudden']",2,2,2,0,gradual_end,[],[],5438,0.1,543,0,0,0
7572,log_1949_1708943095.xes,0.3,na,[],0,0,0,0,no_drift,[0],[0],2746,0.1,274,1,0,1
7573,log_1949_1708943095.xes,0.3,na,[],0,0,0,0,sudden,[],[],2746,0.1,274,0,0,0
7574,log_1949_1708943095.xes,0.3,na,[],0,0,0,0,gradual_start,[],[],2746,0.1,274,0,0,0
7575,log_1949_1708943095.xes,0.3,na,[],0,0,0,0,gradual_end,[],[],2746,0.1,274,0,0,0
7576,log_1625_1708943086.xes,0.0,na,"['gradual', 'sudden', 'sudden']",3,4,2,1,no_drift,[],[],7285,0.1,728,0,0,0
7577,log_1625_1708943086.xes,0.0,na,"['gradual', 'sudden', 'sudden']",3,4,2,1,sudden,"[3643, 5579]","[5545, 3601]",7285,0.1,728,2,0,2
7578,log_1625_1708943086.xes,0.0,na,"['gradual', 'sudden', 'sudden']",3,4,2,1,gradual_start,[1526],[],7285,0.1,728,0,0,1
7579,log_1625_1708943086.xes,0.0,na,"['gradual', 'sudden', 'sudden']",3,4,2,1,gradual_end,[1978],[],7285,0.1,728,0,0,1
7580,log_1440_1708943093.xes,0.6,na,"['sudden', 'gradual']",2,3,1,1,no_drift,[],[],5927,0.1,592,0,0,0
7581,log_1440_1708943093.xes,0.6,na,"['sudden', 'gradual']",2,3,1,1,sudden,[1492],[1480],5927,0.1,592,1,0,1
7582,log_1440_1708943093.xes,0.6,na,"['sudden', 'gradual']",2,3,1,1,gradual_start,[3375],[3365],5927,0.1,592,1,0,1
7583,log_1440_1708943093.xes,0.6,na,"['sudden', 'gradual']",2,3,1,1,gradual_end,[3930],[3945],5927,0.1,592,1,0,1
7584,log_1777_1708943097.xes,0.0,na,"['gradual', 'gradual']",2,4,0,2,no_drift,[],[],5440,0.1,544,0,0,0
7585,log_1777_1708943097.xes,0.0,na,"['gradual', 'gradual']",2,4,0,2,sudden,[],[],5440,0.1,544,0,0,0
7586,log_1777_1708943097.xes,0.0,na,"['gradual', 'gradual']",2,4,0,2,gradual_start,"[1563, 3299]",[1540],5440,0.1,544,1,0,2
7587,log_1777_1708943097.xes,0.0,na,"['gradual', 'gradual']",2,4,0,2,gradual_end,"[2148, 3795]",[2107],5440,0.1,544,1,0,2
7588,log_1889_1708943066.xes,0.0,na,"['sudden', 'sudden', 'sudden']",3,3,3,0,no_drift,[],[],5153,0.1,515,0,0,0
7589,log_1889_1708943066.xes,0.0,na,"['sudden', 'sudden', 'sudden']",3,3,3,0,sudden,"[1318, 2420, 3549]",[3526],5153,0.1,515,1,0,3
7590,log_1889_1708943066.xes,0.0,na,"['sudden', 'sudden', 'sudden']",3,3,3,0,gradual_start,[],[],5153,0.1,515,0,0,0
7591,log_1889_1708943066.xes,0.0,na,"['sudden', 'sudden', 'sudden']",3,3,3,0,gradual_end,[],[],5153,0.1,515,0,0,0
7592,log_2129_1708943077.xes,0.0,na,"['sudden', 'sudden', 'gradual']",3,4,2,1,no_drift,[],[],6758,0.1,675,0,0,0
7593,log_2129_1708943077.xes,0.0,na,"['sudden', 'sudden', 'gradual']",3,4,2,1,sudden,"[1642, 3588]","[1585, 3565]",6758,0.1,675,2,0,2
7594,log_2129_1708943077.xes,0.0,na,"['sudden', 'sudden', 'gradual']",3,4,2,1,gradual_start,[4753],[],6758,0.1,675,0,0,1
7595,log_2129_1708943077.xes,0.0,na,"['sudden', 'sudden', 'gradual']",3,4,2,1,gradual_end,[5185],[],6758,0.1,675,0,0,1
7596,log_1704_1708943098.xes,0.0,na,['sudden'],1,1,1,0,no_drift,[],[],2757,0.1,275,0,0,0
7597,log_1704_1708943098.xes,0.0,na,['sudden'],1,1,1,0,sudden,[1524],[1496],2757,0.1,275,1,0,1
7598,log_1704_1708943098.xes,0.0,na,['sudden'],1,1,1,0,gradual_start,[],[],2757,0.1,275,0,0,0
7599,log_1704_1708943098.xes,0.0,na,['sudden'],1,1,1,0,gradual_end,[],[],2757,0.1,275,0,0,0
7600,log_1912_1708943099.xes,0.0,na,['sudden'],1,1,1,0,no_drift,[],[],3150,0.1,315,0,0,0
7601,log_1912_1708943099.xes,0.0,na,['sudden'],1,1,1,0,sudden,[1576],[1561],3150,0.1,315,1,0,1
7602,log_1912_1708943099.xes,0.0,na,['sudden'],1,1,1,0,gradual_start,[],[],3150,0.1,315,0,0,0
7603,log_1912_1708943099.xes,0.0,na,['sudden'],1,1,1,0,gradual_end,[],[],3150,0.1,315,0,0,0
7604,log_1891_1708943098.xes,0.6,na,"['sudden', 'sudden']",2,2,2,0,no_drift,[],[],4686,0.1,468,0,0,0
7605,log_1891_1708943098.xes,0.6,na,"['sudden', 'sudden']",2,2,2,0,sudden,"[1776, 2796]","[1772, 2784]",4686,0.1,468,2,0,2
7606,log_1891_1708943098.xes,0.6,na,"['sudden', 'sudden']",2,2,2,0,gradual_start,[],[],4686,0.1,468,0,0,0
7607,log_1891_1708943098.xes,0.6,na,"['sudden', 'sudden']",2,2,2,0,gradual_end,[],[],4686,0.1,468,0,0,0
7608,log_1987_1708943098.xes,0.6,na,"['gradual', 'gradual']",2,4,0,2,no_drift,[],[0],5145,0.1,514,0,1,0
7609,log_1987_1708943098.xes,0.6,na,"['gradual', 'gradual']",2,4,0,2,sudden,[],[],5145,0.1,514,0,0,0
7610,log_1987_1708943098.xes,0.6,na,"['gradual', 'gradual']",2,4,0,2,gradual_start,"[1561, 3348]",[],5145,0.1,514,0,0,2
7611,log_1987_1708943098.xes,0.6,na,"['gradual', 'gradual']",2,4,0,2,gradual_end,"[1911, 3728]",[],5145,0.1,514,0,0,2
7612,log_2169_1708943098.xes,0.3,na,"['gradual', 'gradual']",2,4,0,2,no_drift,[],[],5000,0.1,500,0,0,0
7613,log_2169_1708943098.xes,0.3,na,"['gradual', 'gradual']",2,4,0,2,sudden,[],[],5000,0.1,500,0,0,0
7614,log_2169_1708943098.xes,0.3,na,"['gradual', 'gradual']",2,4,0,2,gradual_start,"[1157, 2725]",[2701],5000,0.1,500,1,0,2
7615,log_2169_1708943098.xes,0.3,na,"['gradual', 'gradual']",2,4,0,2,gradual_end,"[1623, 3263]",[3251],5000,0.1,500,1,0,2
7616,log_1824_1708943100.xes,0.0,na,[],0,0,0,0,no_drift,[0],[0],5112,0.1,511,1,0,1
7617,log_1824_1708943100.xes,0.0,na,[],0,0,0,0,sudden,[],[],5112,0.1,511,0,0,0
7618,log_1824_1708943100.xes,0.0,na,[],0,0,0,0,gradual_start,[],[],5112,0.1,511,0,0,0
7619,log_1824_1708943100.xes,0.0,na,[],0,0,0,0,gradual_end,[],[],5112,0.1,511,0,0,0
7620,log_2025_1708943100.xes,0.0,na,[],0,0,0,0,no_drift,[0],[0],1975,0.1,197,1,0,1
7621,log_2025_1708943100.xes,0.0,na,[],0,0,0,0,sudden,[],[],1975,0.1,197,0,0,0
7622,log_2025_1708943100.xes,0.0,na,[],0,0,0,0,gradual_start,[],[],1975,0.1,197,0,0,0
7623,log_2025_1708943100.xes,0.0,na,[],0,0,0,0,gradual_end,[],[],1975,0.1,197,0,0,0
7624,log_2098_1708943101.xes,0.0,na,[],0,0,0,0,no_drift,[0],[0],1614,0.1,161,1,0,1
7625,log_2098_1708943101.xes,0.0,na,[],0,0,0,0,sudden,[],[],1614,0.1,161,0,0,0
7626,log_2098_1708943101.xes,0.0,na,[],0,0,0,0,gradual_start,[],[],1614,0.1,161,0,0,0
7627,log_2098_1708943101.xes,0.0,na,[],0,0,0,0,gradual_end,[],[],1614,0.1,161,0,0,0
7628,log_2283_1708943097.xes,0.6,na,[],0,0,0,0,no_drift,[0],[0],3675,0.1,367,1,0,1
7629,log_2283_1708943097.xes,0.6,na,[],0,0,0,0,sudden,[],[],3675,0.1,367,0,0,0
7630,log_2283_1708943097.xes,0.6,na,[],0,0,0,0,gradual_start,[],[],3675,0.1,367,0,0,0
7631,log_2283_1708943097.xes,0.6,na,[],0,0,0,0,gradual_end,[],[],3675,0.1,367,0,0,0
7632,log_2061_1708943090.xes,0.6,na,"['sudden', 'sudden']",2,2,2,0,no_drift,[],[],4763,0.1,476,0,0,0
7633,log_2061_1708943090.xes,0.6,na,"['sudden', 'sudden']",2,2,2,0,sudden,"[1417, 2960]","[2945, 1404]",4763,0.1,476,2,0,2
7634,log_2061_1708943090.xes,0.6,na,"['sudden', 'sudden']",2,2,2,0,gradual_start,[],[],4763,0.1,476,0,0,0
7635,log_2061_1708943090.xes,0.6,na,"['sudden', 'sudden']",2,2,2,0,gradual_end,[],[],4763,0.1,476,0,0,0
7636,log_1745_1708943100.xes,0.6,na,['gradual'],1,2,0,1,no_drift,[],[],3246,0.1,324,0,0,0
7637,log_1745_1708943100.xes,0.6,na,['gradual'],1,2,0,1,sudden,[],[],3246,0.1,324,0,0,0
7638,log_1745_1708943100.xes,0.6,na,['gradual'],1,2,0,1,gradual_start,[1678],[1633],3246,0.1,324,1,0,1
7639,log_1745_1708943100.xes,0.6,na,['gradual'],1,2,0,1,gradual_end,[2001],[2001],3246,0.1,324,1,0,1
7640,log_1913_1708943101.xes,0.0,na,[],0,0,0,0,no_drift,[0],[0],2518,0.1,251,1,0,1
7641,log_1913_1708943101.xes,0.0,na,[],0,0,0,0,sudden,[],[],2518,0.1,251,0,0,0
7642,log_1913_1708943101.xes,0.0,na,[],0,0,0,0,gradual_start,[],[],2518,0.1,251,0,0,0
7643,log_1913_1708943101.xes,0.0,na,[],0,0,0,0,gradual_end,[],[],2518,0.1,251,0,0,0
7644,log_1441_1708943100.xes,0.0,na,"['sudden', 'sudden']",2,2,2,0,no_drift,[],[],4779,0.1,477,0,0,0
7645,log_1441_1708943100.xes,0.0,na,"['sudden', 'sudden']",2,2,2,0,sudden,"[1581, 3456]",[1565],4779,0.1,477,1,0,2
7646,log_1441_1708943100.xes,0.0,na,"['sudden', 'sudden']",2,2,2,0,gradual_start,[],[],4779,0.1,477,0,0,0
7647,log_1441_1708943100.xes,0.0,na,"['sudden', 'sudden']",2,2,2,0,gradual_end,[],[],4779,0.1,477,0,0,0
7648,log_1988_1708943101.xes,0.0,na,['sudden'],1,1,1,0,no_drift,[],[],2957,0.1,295,0,0,0
7649,log_1988_1708943101.xes,0.0,na,['sudden'],1,1,1,0,sudden,[1063],[1037],2957,0.1,295,1,0,1
7650,log_1988_1708943101.xes,0.0,na,['sudden'],1,1,1,0,gradual_start,[],[],2957,0.1,295,0,0,0
7651,log_1988_1708943101.xes,0.0,na,['sudden'],1,1,1,0,gradual_end,[],[],2957,0.1,295,0,0,0
7652,log_1855_1708943097.xes,0.6,na,"['sudden', 'sudden', 'gradual']",3,4,2,1,no_drift,[],[],6345,0.1,634,0,0,0
7653,log_1855_1708943097.xes,0.6,na,"['sudden', 'sudden', 'gradual']",3,4,2,1,sudden,"[1224, 2996]","[1210, 2977]",6345,0.1,634,2,0,2
7654,log_1855_1708943097.xes,0.6,na,"['sudden', 'sudden', 'gradual']",3,4,2,1,gradual_start,[4730],[],6345,0.1,634,0,0,1
7655,log_1855_1708943097.xes,0.6,na,"['sudden', 'sudden', 'gradual']",3,4,2,1,gradual_end,[5216],[],6345,0.1,634,0,0,1
7656,log_1950_1708943100.xes,0.0,na,"['sudden', 'sudden']",2,2,2,0,no_drift,[],[],4516,0.1,451,0,0,0
7657,log_1950_1708943100.xes,0.0,na,"['sudden', 'sudden']",2,2,2,0,sudden,"[1407, 3223]","[1387, 3213]",4516,0.1,451,2,0,2
7658,log_1950_1708943100.xes,0.0,na,"['sudden', 'sudden']",2,2,2,0,gradual_start,[],[],4516,0.1,451,0,0,0
7659,log_1950_1708943100.xes,0.0,na,"['sudden', 'sudden']",2,2,2,0,gradual_end,[],[],4516,0.1,451,0,0,0
7660,log_1626_1708943099.xes,0.3,na,[],0,0,0,0,no_drift,[0],[0],3738,0.1,373,1,0,1
7661,log_1626_1708943099.xes,0.3,na,[],0,0,0,0,sudden,[],[],3738,0.1,373,0,0,0
7662,log_1626_1708943099.xes,0.3,na,[],0,0,0,0,gradual_start,[],[],3738,0.1,373,0,0,0
7663,log_1626_1708943099.xes,0.3,na,[],0,0,0,0,gradual_end,[],[],3738,0.1,373,0,0,0
7664,log_1778_1708943100.xes,0.6,na,['gradual'],1,2,0,1,no_drift,[],[0],4013,0.1,401,0,1,0
7665,log_1778_1708943100.xes,0.6,na,['gradual'],1,2,0,1,sudden,[],[],4013,0.1,401,0,0,0
7666,log_1778_1708943100.xes,0.6,na,['gradual'],1,2,0,1,gradual_start,[1844],[],4013,0.1,401,0,0,1
7667,log_1778_1708943100.xes,0.6,na,['gradual'],1,2,0,1,gradual_end,[2210],[],4013,0.1,401,0,0,1
7668,log_2245_1708943100.xes,0.0,na,"['gradual', 'sudden']",2,3,1,1,no_drift,[],[],5692,0.1,569,0,0,0
7669,log_2245_1708943100.xes,0.0,na,"['gradual', 'sudden']",2,3,1,1,sudden,[3911],[3865],5692,0.1,569,1,0,1
7670,log_2245_1708943100.xes,0.0,na,"['gradual', 'sudden']",2,3,1,1,gradual_start,[1787],[],5692,0.1,569,0,0,1
7671,log_2245_1708943100.xes,0.0,na,"['gradual', 'sudden']",2,3,1,1,gradual_end,[2249],[],5692,0.1,569,0,0,1
7672,log_2395_1708943100.xes,0.3,na,"['gradual', 'sudden', 'sudden']",3,4,2,1,no_drift,[],[],7049,0.1,704,0,0,0
7673,log_2395_1708943100.xes,0.3,na,"['gradual', 'sudden', 'sudden']",3,4,2,1,sudden,"[3860, 5362]","[3816, 5356]",7049,0.1,704,2,0,2
7674,log_2395_1708943100.xes,0.3,na,"['gradual', 'sudden', 'sudden']",3,4,2,1,gradual_start,[1623],[],7049,0.1,704,0,0,1
7675,log_2395_1708943100.xes,0.3,na,"['gradual', 'sudden', 'sudden']",3,4,2,1,gradual_end,[1970],[],7049,0.1,704,0,0,1
7676,log_2097_1708943094.xes,0.0,na,"['gradual', 'sudden']",2,3,1,1,no_drift,[],[],4502,0.1,450,0,0,0
7677,log_2097_1708943094.xes,0.0,na,"['gradual', 'sudden']",2,3,1,1,sudden,[3442],[3433],4502,0.1,450,1,0,1
7678,log_2097_1708943094.xes,0.0,na,"['gradual', 'sudden']",2,3,1,1,gradual_start,[1767],[],4502,0.1,450,0,0,1
7679,log_2097_1708943094.xes,0.0,na,"['gradual', 'sudden']",2,3,1,1,gradual_end,[2116],[],4502,0.1,450,0,0,1
7680,log_2321_1708943101.xes,0.6,na,['sudden'],1,1,1,0,no_drift,[],[0],2904,0.1,290,0,1,0
7681,log_2321_1708943101.xes,0.6,na,['sudden'],1,1,1,0,sudden,[1662],[],2904,0.1,290,0,0,1
7682,log_2321_1708943101.xes,0.6,na,['sudden'],1,1,1,0,gradual_start,[],[],2904,0.1,290,0,0,0
7683,log_2321_1708943101.xes,0.6,na,['sudden'],1,1,1,0,gradual_end,[],[],2904,0.1,290,0,0,0
7684,log_1666_1708943093.xes,0.0,na,"['gradual', 'gradual']",2,4,0,2,no_drift,[],[],6218,0.1,621,0,0,0
7685,log_1666_1708943093.xes,0.0,na,"['gradual', 'gradual']",2,4,0,2,sudden,[],[],6218,0.1,621,0,0,0
7686,log_1666_1708943093.xes,0.0,na,"['gradual', 'gradual']",2,4,0,2,gradual_start,"[1700, 3797]","[3783, 1675]",6218,0.1,621,2,0,2
7687,log_1666_1708943093.xes,0.0,na,"['gradual', 'gradual']",2,4,0,2,gradual_end,"[2038, 4296]","[4279, 2047]",6218,0.1,621,2,0,2
7688,log_2358_1708943100.xes,0.6,na,"['gradual', 'gradual']",2,4,0,2,no_drift,[],[],5397,0.1,539,0,0,0
7689,log_2358_1708943100.xes,0.6,na,"['gradual', 'gradual']",2,4,0,2,sudden,[],[],5397,0.1,539,0,0,0
7690,log_2358_1708943100.xes,0.6,na,"['gradual', 'gradual']",2,4,0,2,gradual_start,"[1295, 3563]","[3563, 1353]",5397,0.1,539,2,0,2
7691,log_2358_1708943100.xes,0.6,na,"['gradual', 'gradual']",2,4,0,2,gradual_end,"[1818, 4057]","[4057, 1795]",5397,0.1,539,2,0,2
7692,log_2170_1708943102.xes,0.0,na,"['sudden', 'sudden']",2,2,2,0,no_drift,[],[],4948,0.1,494,0,0,0
7693,log_2170_1708943102.xes,0.0,na,"['sudden', 'sudden']",2,2,2,0,sudden,"[1389, 3245]",[3217],4948,0.1,494,1,0,2
7694,log_2170_1708943102.xes,0.0,na,"['sudden', 'sudden']",2,2,2,0,gradual_start,[],[],4948,0.1,494,0,0,0
7695,log_2170_1708943102.xes,0.0,na,"['sudden', 'sudden']",2,2,2,0,gradual_end,[],[],4948,0.1,494,0,0,0
7696,log_2433_1708943102.xes,0.6,na,"['gradual', 'sudden']",2,3,1,1,no_drift,[],[],5863,0.1,586,0,0,0
7697,log_2433_1708943102.xes,0.6,na,"['gradual', 'sudden']",2,3,1,1,sudden,[3927],[3916],5863,0.1,586,1,0,1
7698,log_2433_1708943102.xes,0.6,na,"['gradual', 'sudden']",2,3,1,1,gradual_start,[1638],[1596],5863,0.1,586,1,0,1
7699,log_2433_1708943102.xes,0.6,na,"['gradual', 'sudden']",2,3,1,1,gradual_end,[2216],[2205],5863,0.1,586,1,0,1
7700,log_2246_1708943104.xes,0.3,na,['gradual'],1,2,0,1,no_drift,[],[],2745,0.1,274,0,0,0
7701,log_2246_1708943104.xes,0.3,na,['gradual'],1,2,0,1,sudden,[],[],2745,0.1,274,0,0,0
7702,log_2246_1708943104.xes,0.3,na,['gradual'],1,2,0,1,gradual_start,[1171],[1132],2745,0.1,274,1,0,1
7703,log_2246_1708943104.xes,0.3,na,['gradual'],1,2,0,1,gradual_end,[1506],[1548],2745,0.1,274,1,0,1
7704,log_1746_1708943103.xes,0.0,na,['gradual'],1,2,0,1,no_drift,[],[],3625,0.1,362,0,0,0
7705,log_1746_1708943103.xes,0.0,na,['gradual'],1,2,0,1,sudden,[],[],3625,0.1,362,0,0,0
7706,log_1746_1708943103.xes,0.0,na,['gradual'],1,2,0,1,gradual_start,[1673],[1603],3625,0.1,362,1,0,1
7707,log_1746_1708943103.xes,0.0,na,['gradual'],1,2,0,1,gradual_end,[1986],[2017],3625,0.1,362,1,0,1
7708,log_2062_1708943100.xes,0.0,na,"['gradual', 'gradual', 'sudden']",3,5,1,2,no_drift,[],[],6653,0.1,665,0,0,0
7709,log_2062_1708943100.xes,0.0,na,"['gradual', 'gradual', 'sudden']",3,5,1,2,sudden,[5331],[5281],6653,0.1,665,1,0,1
7710,log_2062_1708943100.xes,0.0,na,"['gradual', 'gradual', 'sudden']",3,5,1,2,gradual_start,"[1712, 3259]","[3235, 1717]",6653,0.1,665,2,0,2
7711,log_2062_1708943100.xes,0.0,na,"['gradual', 'gradual', 'sudden']",3,5,1,2,gradual_end,"[2225, 3741]","[3730, 2146]",6653,0.1,665,2,0,2
7712,log_1892_1708943102.xes,0.3,na,['gradual'],1,2,0,1,no_drift,[],[],3142,0.1,314,0,0,0
7713,log_1892_1708943102.xes,0.3,na,['gradual'],1,2,0,1,sudden,[],[],3142,0.1,314,0,0,0
7714,log_1892_1708943102.xes,0.3,na,['gradual'],1,2,0,1,gradual_start,[1240],[1216],3142,0.1,314,1,0,1
7715,log_1892_1708943102.xes,0.3,na,['gradual'],1,2,0,1,gradual_end,[1569],[1591],3142,0.1,314,1,0,1
7716,log_1705_1708943101.xes,0.3,na,['gradual'],1,2,0,1,no_drift,[],[],4365,0.1,436,0,0,0
7717,log_1705_1708943101.xes,0.3,na,['gradual'],1,2,0,1,sudden,[],[],4365,0.1,436,0,0,0
7718,log_1705_1708943101.xes,0.3,na,['gradual'],1,2,0,1,gradual_start,[1999],[1954],4365,0.1,436,1,0,1
7719,log_1705_1708943101.xes,0.3,na,['gradual'],1,2,0,1,gradual_end,[2595],[2521],4365,0.1,436,1,0,1
7720,log_1627_1708943103.xes,0.0,na,[],0,0,0,0,no_drift,[0],[0],5496,0.1,549,1,0,1
7721,log_1627_1708943103.xes,0.0,na,[],0,0,0,0,sudden,[],[],5496,0.1,549,0,0,0
7722,log_1627_1708943103.xes,0.0,na,[],0,0,0,0,gradual_start,[],[],5496,0.1,549,0,0,0
7723,log_1627_1708943103.xes,0.0,na,[],0,0,0,0,gradual_end,[],[],5496,0.1,549,0,0,0
7724,log_2322_1708943105.xes,0.0,na,['gradual'],1,2,0,1,no_drift,[],[],3083,0.1,308,0,0,0
7725,log_2322_1708943105.xes,0.0,na,['gradual'],1,2,0,1,sudden,[],[],3083,0.1,308,0,0,0
7726,log_2322_1708943105.xes,0.0,na,['gradual'],1,2,0,1,gradual_start,[1537],[1486],3083,0.1,308,1,0,1
7727,log_2322_1708943105.xes,0.0,na,['gradual'],1,2,0,1,gradual_end,[1888],[1906],3083,0.1,308,1,0,1
7728,log_1558_1708943092.xes,0.3,na,"['gradual', 'sudden']",2,3,1,1,no_drift,[],[],5000,0.1,500,0,0,0
7729,log_1558_1708943092.xes,0.3,na,"['gradual', 'sudden']",2,3,1,1,sudden,[3648],[3626],5000,0.1,500,1,0,1
7730,log_1558_1708943092.xes,0.3,na,"['gradual', 'sudden']",2,3,1,1,gradual_start,[1550],[],5000,0.1,500,0,0,1
7731,log_1558_1708943092.xes,0.3,na,"['gradual', 'sudden']",2,3,1,1,gradual_end,[1914],[],5000,0.1,500,0,0,1
7732,log_2063_1708943105.xes,0.3,na,['sudden'],1,1,1,0,no_drift,[],[],3036,0.1,303,0,0,0
7733,log_2063_1708943105.xes,0.3,na,['sudden'],1,1,1,0,sudden,[1855],[1846],3036,0.1,303,1,0,1
7734,log_2063_1708943105.xes,0.3,na,['sudden'],1,1,1,0,gradual_start,[],[],3036,0.1,303,0,0,0
7735,log_2063_1708943105.xes,0.3,na,['sudden'],1,1,1,0,gradual_end,[],[],3036,0.1,303,0,0,0
7736,log_1989_1708943104.xes,0.0,na,"['gradual', 'sudden']",2,3,1,1,no_drift,[],[],5358,0.1,535,0,0,0
7737,log_1989_1708943104.xes,0.0,na,"['gradual', 'sudden']",2,3,1,1,sudden,[3879],[3849],5358,0.1,535,1,0,1
7738,log_1989_1708943104.xes,0.0,na,"['gradual', 'sudden']",2,3,1,1,gradual_start,[1318],[1301],5358,0.1,535,1,0,1
7739,log_1989_1708943104.xes,0.0,na,"['gradual', 'sudden']",2,3,1,1,gradual_end,[1902],[1873],5358,0.1,535,1,0,1
7740,log_2359_1708943107.xes,0.0,na,['sudden'],1,1,1,0,no_drift,[],[],2400,0.1,240,0,0,0
7741,log_2359_1708943107.xes,0.0,na,['sudden'],1,1,1,0,sudden,[1139],[1117],2400,0.1,240,1,0,1
7742,log_2359_1708943107.xes,0.0,na,['sudden'],1,1,1,0,gradual_start,[],[],2400,0.1,240,0,0,0
7743,log_2359_1708943107.xes,0.0,na,['sudden'],1,1,1,0,gradual_end,[],[],2400,0.1,240,0,0,0
7744,log_1667_1708943103.xes,0.0,na,"['sudden', 'gradual', 'gradual']",3,5,1,2,no_drift,[],[],6004,0.1,600,0,0,0
7745,log_1667_1708943103.xes,0.0,na,"['sudden', 'gradual', 'gradual']",3,5,1,2,sudden,[1225],[],6004,0.1,600,0,0,1
7746,log_1667_1708943103.xes,0.0,na,"['sudden', 'gradual', 'gradual']",3,5,1,2,gradual_start,"[2254, 3852]",[2191],6004,0.1,600,1,0,2
7747,log_1667_1708943103.xes,0.0,na,"['sudden', 'gradual', 'gradual']",3,5,1,2,gradual_end,"[2569, 4259]",[2551],6004,0.1,600,1,0,2
7748,log_1893_1708943108.xes,0.0,na,['sudden'],1,1,1,0,no_drift,[],[],2601,0.1,260,0,0,0
7749,log_1893_1708943108.xes,0.0,na,['sudden'],1,1,1,0,sudden,[1339],[1327],2601,0.1,260,1,0,1
7750,log_1893_1708943108.xes,0.0,na,['sudden'],1,1,1,0,gradual_start,[],[],2601,0.1,260,0,0,0
7751,log_1893_1708943108.xes,0.0,na,['sudden'],1,1,1,0,gradual_end,[],[],2601,0.1,260,0,0,0
7752,log_1747_1708943106.xes,0.3,na,['gradual'],1,2,0,1,no_drift,[],[],3451,0.1,345,0,0,0
7753,log_1747_1708943106.xes,0.3,na,['gradual'],1,2,0,1,sudden,[],[],3451,0.1,345,0,0,0
7754,log_1747_1708943106.xes,0.3,na,['gradual'],1,2,0,1,gradual_start,[1461],[1463],3451,0.1,345,1,0,1
7755,log_1747_1708943106.xes,0.3,na,['gradual'],1,2,0,1,gradual_end,[2013],[2041],3451,0.1,345,1,0,1
7756,log_2396_1708943105.xes,0.3,na,"['gradual', 'sudden', 'sudden']",3,4,2,1,no_drift,[],[],6855,0.1,685,0,0,0
7757,log_2396_1708943105.xes,0.3,na,"['gradual', 'sudden', 'sudden']",3,4,2,1,sudden,"[3491, 5372]",[5339],6855,0.1,685,1,0,2
7758,log_2396_1708943105.xes,0.3,na,"['gradual', 'sudden', 'sudden']",3,4,2,1,gradual_start,[1386],[],6855,0.1,685,0,0,1
7759,log_2396_1708943105.xes,0.3,na,"['gradual', 'sudden', 'sudden']",3,4,2,1,gradual_end,[1754],[],6855,0.1,685,0,0,1
7760,log_2026_1708943102.xes,0.3,na,[],0,0,0,0,no_drift,[0],[0],6280,0.1,628,1,0,1
7761,log_2026_1708943102.xes,0.3,na,[],0,0,0,0,sudden,[],[],6280,0.1,628,0,0,0
7762,log_2026_1708943102.xes,0.3,na,[],0,0,0,0,gradual_start,[],[],6280,0.1,628,0,0,0
7763,log_2026_1708943102.xes,0.3,na,[],0,0,0,0,gradual_end,[],[],6280,0.1,628,0,0,0
7764,log_1586_1708943098.xes,0.0,na,[],0,0,0,0,no_drift,[0],[0],3285,0.1,328,1,0,1
7765,log_1586_1708943098.xes,0.0,na,[],0,0,0,0,sudden,[],[],3285,0.1,328,0,0,0
7766,log_1586_1708943098.xes,0.0,na,[],0,0,0,0,gradual_start,[],[],3285,0.1,328,0,0,0
7767,log_1586_1708943098.xes,0.0,na,[],0,0,0,0,gradual_end,[],[],3285,0.1,328,0,0,0
7768,log_2323_1708943107.xes,0.0,na,['sudden'],1,1,1,0,no_drift,[],[],2706,0.1,270,0,0,0
7769,log_2323_1708943107.xes,0.0,na,['sudden'],1,1,1,0,sudden,[1040],[1041],2706,0.1,270,1,0,1
7770,log_2323_1708943107.xes,0.0,na,['sudden'],1,1,1,0,gradual_start,[],[],2706,0.1,270,0,0,0
7771,log_2323_1708943107.xes,0.0,na,['sudden'],1,1,1,0,gradual_end,[],[],2706,0.1,270,0,0,0
7772,log_2131_1708943100.xes,0.6,na,"['sudden', 'gradual']",2,3,1,1,no_drift,[],[],4810,0.1,481,0,0,0
7773,log_2131_1708943100.xes,0.6,na,"['sudden', 'gradual']",2,3,1,1,sudden,[1041],[],4810,0.1,481,0,0,1
7774,log_2131_1708943100.xes,0.6,na,"['sudden', 'gradual']",2,3,1,1,gradual_start,[2739],[2713],4810,0.1,481,1,0,1
7775,log_2131_1708943100.xes,0.6,na,"['sudden', 'gradual']",2,3,1,1,gradual_end,[3215],[3241],4810,0.1,481,1,0,1
7776,log_2099_1708943103.xes,0.3,na,"['sudden', 'sudden', 'sudden']",3,3,3,0,no_drift,[],[],6665,0.1,666,0,0,0
7777,log_2099_1708943103.xes,0.3,na,"['sudden', 'sudden', 'sudden']",3,3,3,0,sudden,"[1625, 3488, 4993]","[3466, 4984, 1618]",6665,0.1,666,3,0,3
7778,log_2099_1708943103.xes,0.3,na,"['sudden', 'sudden', 'sudden']",3,3,3,0,gradual_start,[],[],6665,0.1,666,0,0,0
7779,log_2099_1708943103.xes,0.3,na,"['sudden', 'sudden', 'sudden']",3,3,3,0,gradual_end,[],[],6665,0.1,666,0,0,0
7780,log_1856_1708943103.xes,0.3,na,"['gradual', 'sudden', 'sudden']",3,4,2,1,no_drift,[],[],6884,0.1,688,0,0,0
7781,log_1856_1708943103.xes,0.3,na,"['gradual', 'sudden', 'sudden']",3,4,2,1,sudden,"[3741, 5495]","[3707, 5441]",6884,0.1,688,2,0,2
7782,log_1856_1708943103.xes,0.3,na,"['gradual', 'sudden', 'sudden']",3,4,2,1,gradual_start,[1541],[1531],6884,0.1,688,1,0,1
7783,log_1856_1708943103.xes,0.3,na,"['gradual', 'sudden', 'sudden']",3,4,2,1,gradual_end,[1916],[1905],6884,0.1,688,1,0,1
7784,log_2209_1708943107.xes,0.6,na,['gradual'],1,2,0,1,no_drift,[],[],3105,0.1,310,0,0,0
7785,log_2209_1708943107.xes,0.6,na,['gradual'],1,2,0,1,sudden,[],[],3105,0.1,310,0,0,0
7786,log_2209_1708943107.xes,0.6,na,['gradual'],1,2,0,1,gradual_start,[1247],[1246],3105,0.1,310,1,0,1
7787,log_2209_1708943107.xes,0.6,na,['gradual'],1,2,0,1,gradual_end,[1728],[1711],3105,0.1,310,1,0,1
7788,log_1442_1708943105.xes,0.0,na,[],0,0,0,0,no_drift,[0],[0],4508,0.1,450,1,0,1
7789,log_1442_1708943105.xes,0.0,na,[],0,0,0,0,sudden,[],[],4508,0.1,450,0,0,0
7790,log_1442_1708943105.xes,0.0,na,[],0,0,0,0,gradual_start,[],[],4508,0.1,450,0,0,0
7791,log_1442_1708943105.xes,0.0,na,[],0,0,0,0,gradual_end,[],[],4508,0.1,450,0,0,0
7792,log_1779_1708943105.xes,0.0,na,['gradual'],1,2,0,1,no_drift,[],[],3147,0.1,314,0,0,0
7793,log_1779_1708943105.xes,0.0,na,['gradual'],1,2,0,1,sudden,[],[],3147,0.1,314,0,0,0
7794,log_1779_1708943105.xes,0.0,na,['gradual'],1,2,0,1,gradual_start,[1178],[1216],3147,0.1,314,1,0,1
7795,log_1779_1708943105.xes,0.0,na,['gradual'],1,2,0,1,gradual_end,[1613],[1561],3147,0.1,314,1,0,1
7796,log_1587_1708943107.xes,0.3,na,"['sudden', 'sudden']",2,2,2,0,no_drift,[],[],4306,0.1,430,0,0,0
7797,log_1587_1708943107.xes,0.3,na,"['sudden', 'sudden']",2,2,2,0,sudden,"[1227, 2406]",[2395],4306,0.1,430,1,0,2
7798,log_1587_1708943107.xes,0.3,na,"['sudden', 'sudden']",2,2,2,0,gradual_start,[],[],4306,0.1,430,0,0,0
7799,log_1587_1708943107.xes,0.3,na,"['sudden', 'sudden']",2,2,2,0,gradual_end,[],[],4306,0.1,430,0,0,0
7800,log_1914_1708943103.xes,0.3,na,['gradual'],1,2,0,1,no_drift,[],[],3807,0.1,380,0,0,0
7801,log_1914_1708943103.xes,0.3,na,['gradual'],1,2,0,1,sudden,[],[],3807,0.1,380,0,0,0
7802,log_1914_1708943103.xes,0.3,na,['gradual'],1,2,0,1,gradual_start,[1504],[1483],3807,0.1,380,1,0,1
7803,log_1914_1708943103.xes,0.3,na,['gradual'],1,2,0,1,gradual_end,[1956],[1939],3807,0.1,380,1,0,1
7804,log_2208_1708943095.xes,0.6,na,"['gradual', 'sudden']",2,3,1,1,no_drift,[],[],5780,0.1,578,0,0,0
7805,log_2208_1708943095.xes,0.6,na,"['gradual', 'sudden']",2,3,1,1,sudden,[3804],[3781],5780,0.1,578,1,0,1
7806,log_2208_1708943095.xes,0.6,na,"['gradual', 'sudden']",2,3,1,1,gradual_start,[1652],[1653],5780,0.1,578,1,0,1
7807,log_2208_1708943095.xes,0.6,na,"['gradual', 'sudden']",2,3,1,1,gradual_end,[2161],[2129],5780,0.1,578,1,0,1
7808,log_2248_1708943111.xes,0.0,na,[],0,0,0,0,no_drift,[0],[0],1501,0.1,150,1,0,1
7809,log_2248_1708943111.xes,0.0,na,[],0,0,0,0,sudden,[],[],1501,0.1,150,0,0,0
7810,log_2248_1708943111.xes,0.0,na,[],0,0,0,0,gradual_start,[],[],1501,0.1,150,0,0,0
7811,log_2248_1708943111.xes,0.0,na,[],0,0,0,0,gradual_end,[],[],1501,0.1,150,0,0,0
7812,log_1748_1708943109.xes,0.3,na,['gradual'],1,2,0,1,no_drift,[],[],3153,0.1,315,0,0,0
7813,log_1748_1708943109.xes,0.3,na,['gradual'],1,2,0,1,sudden,[],[],3153,0.1,315,0,0,0
7814,log_1748_1708943109.xes,0.3,na,['gradual'],1,2,0,1,gradual_start,[1471],[1441],3153,0.1,315,1,0,1
7815,log_1748_1708943109.xes,0.3,na,['gradual'],1,2,0,1,gradual_end,[1779],[1756],3153,0.1,315,1,0,1
7816,log_1951_1708943104.xes,0.0,na,"['gradual', 'gradual', 'gradual']",3,6,0,3,no_drift,[],[],7620,0.1,762,0,0,0
7817,log_1951_1708943104.xes,0.0,na,"['gradual', 'gradual', 'gradual']",3,6,0,3,sudden,[],[],7620,0.1,762,0,0,0
7818,log_1951_1708943104.xes,0.0,na,"['gradual', 'gradual', 'gradual']",3,6,0,3,gradual_start,"[1192, 3528, 5988]","[3497, 5967, 1141]",7620,0.1,762,3,0,3
7819,log_1951_1708943104.xes,0.0,na,"['gradual', 'gradual', 'gradual']",3,6,0,3,gradual_end,"[1721, 4103, 6562]","[4067, 6537, 1673]",7620,0.1,762,3,0,3
7820,log_2247_1708943106.xes,0.3,na,"['gradual', 'gradual', 'sudden']",3,5,1,2,no_drift,[],[],7892,0.1,789,0,0,0
7821,log_2247_1708943106.xes,0.3,na,"['gradual', 'gradual', 'sudden']",3,5,1,2,sudden,[6324],[],7892,0.1,789,0,0,1
7822,log_2247_1708943106.xes,0.3,na,"['gradual', 'gradual', 'sudden']",3,5,1,2,gradual_start,"[1672, 4223]","[4213, 1600]",7892,0.1,789,2,0,2
7823,log_2247_1708943106.xes,0.3,na,"['gradual', 'gradual', 'sudden']",3,5,1,2,gradual_end,"[2239, 4590]","[4642, 2224]",7892,0.1,789,2,0,2
7824,log_2100_1708943109.xes,0.0,na,[],0,0,0,0,no_drift,[0],[0],1756,0.1,175,1,0,1
7825,log_2100_1708943109.xes,0.0,na,[],0,0,0,0,sudden,[],[],1756,0.1,175,0,0,0
7826,log_2100_1708943109.xes,0.0,na,[],0,0,0,0,gradual_start,[],[],1756,0.1,175,0,0,0
7827,log_2100_1708943109.xes,0.0,na,[],0,0,0,0,gradual_end,[],[],1756,0.1,175,0,0,0
7828,log_1915_1708943109.xes,0.0,na,[],0,0,0,0,no_drift,[0],[0],3350,0.1,335,1,0,1
7829,log_1915_1708943109.xes,0.0,na,[],0,0,0,0,sudden,[],[],3350,0.1,335,0,0,0
7830,log_1915_1708943109.xes,0.0,na,[],0,0,0,0,gradual_start,[],[],3350,0.1,335,0,0,0
7831,log_1915_1708943109.xes,0.0,na,[],0,0,0,0,gradual_end,[],[],3350,0.1,335,0,0,0
7832,log_1857_1708943109.xes,0.6,na,['gradual'],1,2,0,1,no_drift,[],[],2925,0.1,292,0,0,0
7833,log_1857_1708943109.xes,0.6,na,['gradual'],1,2,0,1,sudden,[],[],2925,0.1,292,0,0,0
7834,log_1857_1708943109.xes,0.6,na,['gradual'],1,2,0,1,gradual_start,[1067],[1037],2925,0.1,292,1,0,1
7835,log_1857_1708943109.xes,0.6,na,['gradual'],1,2,0,1,gradual_end,[1450],[1471],2925,0.1,292,1,0,1
7836,log_1858_1708943111.xes,0.6,na,[],0,0,0,0,no_drift,[0],[0],1033,0.1,103,1,0,1
7837,log_1858_1708943111.xes,0.6,na,[],0,0,0,0,sudden,[],[],1033,0.1,103,0,0,0
7838,log_1858_1708943111.xes,0.6,na,[],0,0,0,0,gradual_start,[],[],1033,0.1,103,0,0,0
7839,log_1858_1708943111.xes,0.6,na,[],0,0,0,0,gradual_end,[],[],1033,0.1,103,0,0,0
7840,log_1628_1708943106.xes,0.0,na,"['gradual', 'sudden']",2,3,1,1,no_drift,[],[],5778,0.1,577,0,0,0
7841,log_1628_1708943106.xes,0.0,na,"['gradual', 'sudden']",2,3,1,1,sudden,[3798],[3781],5778,0.1,577,1,0,1
7842,log_1628_1708943106.xes,0.0,na,"['gradual', 'sudden']",2,3,1,1,gradual_start,[1992],[1989],5778,0.1,577,1,0,1
7843,log_1628_1708943106.xes,0.0,na,"['gradual', 'sudden']",2,3,1,1,gradual_end,[2531],[2521],5778,0.1,577,1,0,1
7844,log_1780_1708943109.xes,0.0,na,"['gradual', 'sudden']",2,3,1,1,no_drift,[],[],5760,0.1,576,0,0,0
7845,log_1780_1708943109.xes,0.0,na,"['gradual', 'sudden']",2,3,1,1,sudden,[4037],[4033],5760,0.1,576,1,0,1
7846,log_1780_1708943109.xes,0.0,na,"['gradual', 'sudden']",2,3,1,1,gradual_start,[1954],[1961],5760,0.1,576,1,0,1
7847,log_1780_1708943109.xes,0.0,na,"['gradual', 'sudden']",2,3,1,1,gradual_end,[2461],[2465],5760,0.1,576,1,0,1
7848,log_1629_1708943110.xes,0.3,na,"['sudden', 'gradual']",2,3,1,1,no_drift,[],[],4350,0.1,435,0,0,0
7849,log_1629_1708943110.xes,0.3,na,"['sudden', 'gradual']",2,3,1,1,sudden,[1348],[1324],4350,0.1,435,1,0,1
7850,log_1629_1708943110.xes,0.3,na,"['sudden', 'gradual']",2,3,1,1,gradual_start,[2617],[2584],4350,0.1,435,1,0,1
7851,log_1629_1708943110.xes,0.3,na,"['sudden', 'gradual']",2,3,1,1,gradual_end,[3175],[3130],4350,0.1,435,1,0,1
7852,log_2361_1708943113.xes,0.3,na,[],0,0,0,0,no_drift,[0],[0],1298,0.1,129,1,0,1
7853,log_2361_1708943113.xes,0.3,na,[],0,0,0,0,sudden,[],[],1298,0.1,129,0,0,0
7854,log_2361_1708943113.xes,0.3,na,[],0,0,0,0,gradual_start,[],[],1298,0.1,129,0,0,0
7855,log_2361_1708943113.xes,0.3,na,[],0,0,0,0,gradual_end,[],[],1298,0.1,129,0,0,0
7856,log_1706_1708943106.xes,0.0,na,['sudden'],1,1,1,0,no_drift,[],[0],3024,0.1,302,0,1,0
7857,log_1706_1708943106.xes,0.0,na,['sudden'],1,1,1,0,sudden,[1310],[],3024,0.1,302,0,0,1
7858,log_1706_1708943106.xes,0.0,na,['sudden'],1,1,1,0,gradual_start,[],[],3024,0.1,302,0,0,0
7859,log_1706_1708943106.xes,0.0,na,['sudden'],1,1,1,0,gradual_end,[],[],3024,0.1,302,0,0,0
7860,log_2027_1708943110.xes,0.3,na,['sudden'],1,1,1,0,no_drift,[],[],2994,0.1,299,0,0,0
7861,log_2027_1708943110.xes,0.3,na,['sudden'],1,1,1,0,sudden,[1933],[1919],2994,0.1,299,1,0,1
7862,log_2027_1708943110.xes,0.3,na,['sudden'],1,1,1,0,gradual_start,[],[],2994,0.1,299,0,0,0
7863,log_2027_1708943110.xes,0.3,na,['sudden'],1,1,1,0,gradual_end,[],[],2994,0.1,299,0,0,0
7864,log_2509_1708943110.xes,0.0,na,[],0,0,0,0,no_drift,[0],[0],2272,0.1,227,1,0,1
7865,log_2509_1708943110.xes,0.0,na,[],0,0,0,0,sudden,[],[],2272,0.1,227,0,0,0
7866,log_2509_1708943110.xes,0.0,na,[],0,0,0,0,gradual_start,[],[],2272,0.1,227,0,0,0
7867,log_2509_1708943110.xes,0.0,na,[],0,0,0,0,gradual_end,[],[],2272,0.1,227,0,0,0
7868,log_2360_1708943108.xes,0.0,na,"['sudden', 'sudden', 'sudden']",3,3,3,0,no_drift,[],[],5082,0.1,508,0,0,0
7869,log_2360_1708943108.xes,0.0,na,"['sudden', 'sudden', 'sudden']",3,3,3,0,sudden,"[1441, 2834, 3866]","[3826, 2826, 1426]",5082,0.1,508,3,0,3
7870,log_2360_1708943108.xes,0.0,na,"['sudden', 'sudden', 'sudden']",3,3,3,0,gradual_start,[],[],5082,0.1,508,0,0,0
7871,log_2360_1708943108.xes,0.0,na,"['sudden', 'sudden', 'sudden']",3,3,3,0,gradual_end,[],[],5082,0.1,508,0,0,0
7872,log_2132_1708943108.xes,0.6,na,"['gradual', 'sudden', 'gradual']",3,5,1,2,no_drift,[],[],7900,0.1,790,0,0,0
7873,log_2132_1708943108.xes,0.6,na,"['gradual', 'sudden', 'gradual']",3,5,1,2,sudden,[3675],[3667],7900,0.1,790,1,0,1
7874,log_2132_1708943108.xes,0.6,na,"['gradual', 'sudden', 'gradual']",3,5,1,2,gradual_start,"[1510, 5664]",[],7900,0.1,790,0,0,2
7875,log_2132_1708943108.xes,0.6,na,"['gradual', 'sudden', 'gradual']",3,5,1,2,gradual_end,"[2033, 6118]",[],7900,0.1,790,0,0,2
7876,log_1707_1708943111.xes,0.6,na,[],0,0,0,0,no_drift,[0],[0],1598,0.1,159,1,0,1
7877,log_1707_1708943111.xes,0.6,na,[],0,0,0,0,sudden,[],[],1598,0.1,159,0,0,0
7878,log_1707_1708943111.xes,0.6,na,[],0,0,0,0,gradual_start,[],[],1598,0.1,159,0,0,0
7879,log_1707_1708943111.xes,0.6,na,[],0,0,0,0,gradual_end,[],[],1598,0.1,159,0,0,0
7880,log_2434_1708943108.xes,0.6,na,"['sudden', 'gradual', 'sudden']",3,4,2,1,no_drift,[],[],7712,0.1,771,0,0,0
7881,log_2434_1708943108.xes,0.6,na,"['sudden', 'gradual', 'sudden']",3,4,2,1,sudden,"[1897, 5769]",[5739],7712,0.1,771,1,0,2
7882,log_2434_1708943108.xes,0.6,na,"['sudden', 'gradual', 'sudden']",3,4,2,1,gradual_start,[3546],[],7712,0.1,771,0,0,1
7883,log_2434_1708943108.xes,0.6,na,"['sudden', 'gradual', 'sudden']",3,4,2,1,gradual_end,[4034],[],7712,0.1,771,0,0,1
7884,log_1952_1708943110.xes,0.3,na,"['sudden', 'sudden']",2,2,2,0,no_drift,[],[],4590,0.1,459,0,0,0
7885,log_1952_1708943110.xes,0.3,na,"['sudden', 'sudden']",2,2,2,0,sudden,"[1238, 2737]","[2729, 1211]",4590,0.1,459,2,0,2
7886,log_1952_1708943110.xes,0.3,na,"['sudden', 'sudden']",2,2,2,0,gradual_start,[],[],4590,0.1,459,0,0,0
7887,log_1952_1708943110.xes,0.3,na,"['sudden', 'sudden']",2,2,2,0,gradual_end,[],[],4590,0.1,459,0,0,0
7888,log_1894_1708943110.xes,0.3,na,"['gradual', 'gradual', 'gradual']",3,6,0,3,no_drift,[],[],7179,0.1,717,0,0,0
7889,log_1894_1708943110.xes,0.3,na,"['gradual', 'gradual', 'gradual']",3,6,0,3,sudden,[],[],7179,0.1,717,0,0,0
7890,log_1894_1708943110.xes,0.3,na,"['gradual', 'gradual', 'gradual']",3,6,0,3,gradual_start,"[1454, 3235, 5057]","[1471, 3221]",7179,0.1,717,2,0,3
7891,log_1894_1708943110.xes,0.3,na,"['gradual', 'gradual', 'gradual']",3,6,0,3,gradual_end,"[1986, 3597, 5433]","[1996, 3606]",7179,0.1,717,2,0,3
7892,log_2284_1708943105.xes,0.0,na,"['sudden', 'gradual', 'gradual']",3,5,1,2,no_drift,[],[],6376,0.1,637,0,0,0
7893,log_2284_1708943105.xes,0.0,na,"['sudden', 'gradual', 'gradual']",3,5,1,2,sudden,[1549],[1489],6376,0.1,637,1,0,1
7894,log_2284_1708943105.xes,0.0,na,"['sudden', 'gradual', 'gradual']",3,5,1,2,gradual_start,"[2893, 4572]","[2853, 4589]",6376,0.1,637,2,0,2
7895,log_2284_1708943105.xes,0.0,na,"['sudden', 'gradual', 'gradual']",3,5,1,2,gradual_end,"[3328, 5064]","[3318, 5054]",6376,0.1,637,2,0,2
7896,log_2133_1708943113.xes,0.0,na,['gradual'],1,2,0,1,no_drift,[],[],3814,0.1,381,0,0,0
7897,log_2133_1708943113.xes,0.0,na,['gradual'],1,2,0,1,sudden,[],[],3814,0.1,381,0,0,0
7898,log_2133_1708943113.xes,0.0,na,['gradual'],1,2,0,1,gradual_start,[1591],[1597],3814,0.1,381,1,0,1
7899,log_2133_1708943113.xes,0.0,na,['gradual'],1,2,0,1,gradual_end,[2067],[2072],3814,0.1,381,1,0,1
7900,log_2101_1708943110.xes,0.0,na,"['sudden', 'gradual']",2,3,1,1,no_drift,[],[],4050,0.1,405,0,0,0
7901,log_2101_1708943110.xes,0.0,na,"['sudden', 'gradual']",2,3,1,1,sudden,[1163],[1141],4050,0.1,405,1,0,1
7902,log_2101_1708943110.xes,0.0,na,"['sudden', 'gradual']",2,3,1,1,gradual_start,[2516],[2521],4050,0.1,405,1,0,1
7903,log_2101_1708943110.xes,0.0,na,"['sudden', 'gradual']",2,3,1,1,gradual_end,[2930],[2921],4050,0.1,405,1,0,1
7904,log_1668_1708943108.xes,0.0,na,"['sudden', 'gradual', 'gradual']",3,5,1,2,no_drift,[],[],7224,0.1,722,0,0,0
7905,log_1668_1708943108.xes,0.0,na,"['sudden', 'gradual', 'gradual']",3,5,1,2,sudden,[1288],[1261],7224,0.1,722,1,0,1
7906,log_1668_1708943108.xes,0.0,na,"['sudden', 'gradual', 'gradual']",3,5,1,2,gradual_start,"[2896, 4753]",[],7224,0.1,722,0,0,2
7907,log_1668_1708943108.xes,0.0,na,"['sudden', 'gradual', 'gradual']",3,5,1,2,gradual_end,"[3437, 5335]",[],7224,0.1,722,0,0,2
7908,log_1859_1708943112.xes,0.0,na,"['gradual', 'sudden', 'sudden']",3,4,2,1,no_drift,[],[],5534,0.1,553,0,0,0
7909,log_1859_1708943112.xes,0.0,na,"['gradual', 'sudden', 'sudden']",3,4,2,1,sudden,"[2866, 3936]",[2836],5534,0.1,553,1,0,2
7910,log_1859_1708943112.xes,0.0,na,"['gradual', 'sudden', 'sudden']",3,4,2,1,gradual_start,[1284],[1270],5534,0.1,553,1,0,1
7911,log_1859_1708943112.xes,0.0,na,"['gradual', 'sudden', 'sudden']",3,4,2,1,gradual_end,[1670],[1594],5534,0.1,553,1,0,1
7912,log_2171_1708943105.xes,0.6,na,[],0,0,0,0,no_drift,[0],[0],7952,0.1,795,1,0,1
7913,log_2171_1708943105.xes,0.6,na,[],0,0,0,0,sudden,[],[],7952,0.1,795,0,0,0
7914,log_2171_1708943105.xes,0.6,na,[],0,0,0,0,gradual_start,[],[],7952,0.1,795,0,0,0
7915,log_2171_1708943105.xes,0.6,na,[],0,0,0,0,gradual_end,[],[],7952,0.1,795,0,0,0
7916,log_1708_1708943114.xes,0.0,na,[],0,0,0,0,no_drift,[0],[0],1443,0.1,144,1,0,1
7917,log_1708_1708943114.xes,0.0,na,[],0,0,0,0,sudden,[],[],1443,0.1,144,0,0,0
7918,log_1708_1708943114.xes,0.0,na,[],0,0,0,0,gradual_start,[],[],1443,0.1,144,0,0,0
7919,log_1708_1708943114.xes,0.0,na,[],0,0,0,0,gradual_end,[],[],1443,0.1,144,0,0,0
7920,log_1895_1708943113.xes,0.6,na,['sudden'],1,1,1,0,no_drift,[],[],2774,0.1,277,0,0,0
7921,log_1895_1708943113.xes,0.6,na,['sudden'],1,1,1,0,sudden,[1169],[1158],2774,0.1,277,1,0,1
7922,log_1895_1708943113.xes,0.6,na,['sudden'],1,1,1,0,gradual_start,[],[],2774,0.1,277,0,0,0
7923,log_1895_1708943113.xes,0.6,na,['sudden'],1,1,1,0,gradual_end,[],[],2774,0.1,277,0,0,0
7924,log_2362_1708943113.xes,0.0,na,[],0,0,0,0,no_drift,[0],[0],2374,0.1,237,1,0,1
7925,log_2362_1708943113.xes,0.0,na,[],0,0,0,0,sudden,[],[],2374,0.1,237,0,0,0
7926,log_2362_1708943113.xes,0.0,na,[],0,0,0,0,gradual_start,[],[],2374,0.1,237,0,0,0
7927,log_2362_1708943113.xes,0.0,na,[],0,0,0,0,gradual_end,[],[],2374,0.1,237,0,0,0
7928,log_2285_1708943113.xes,0.6,na,['gradual'],1,2,0,1,no_drift,[],[],3249,0.1,324,0,0,0
7929,log_2285_1708943113.xes,0.6,na,['gradual'],1,2,0,1,sudden,[],[],3249,0.1,324,0,0,0
7930,log_2285_1708943113.xes,0.6,na,['gradual'],1,2,0,1,gradual_start,[1618],[1665],3249,0.1,324,1,0,1
7931,log_2285_1708943113.xes,0.6,na,['gradual'],1,2,0,1,gradual_end,[2122],[2097],3249,0.1,324,1,0,1
7932,log_1588_1708943111.xes,0.0,na,[],0,0,0,0,no_drift,[0],[0],7492,0.1,749,1,0,1
7933,log_1588_1708943111.xes,0.0,na,[],0,0,0,0,sudden,[],[],7492,0.1,749,0,0,0
7934,log_1588_1708943111.xes,0.0,na,[],0,0,0,0,gradual_start,[],[],7492,0.1,749,0,0,0
7935,log_1588_1708943111.xes,0.0,na,[],0,0,0,0,gradual_end,[],[],7492,0.1,749,0,0,0
7936,log_2065_1708943116.xes,0.3,na,[],0,0,0,0,no_drift,[0],[0],3186,0.1,318,1,0,1
7937,log_2065_1708943116.xes,0.3,na,[],0,0,0,0,sudden,[],[],3186,0.1,318,0,0,0
7938,log_2065_1708943116.xes,0.3,na,[],0,0,0,0,gradual_start,[],[],3186,0.1,318,0,0,0
7939,log_2065_1708943116.xes,0.3,na,[],0,0,0,0,gradual_end,[],[],3186,0.1,318,0,0,0
7940,log_2064_1708943108.xes,0.6,na,[],0,0,0,0,no_drift,[0],[0],6160,0.1,616,1,0,1
7941,log_2064_1708943108.xes,0.6,na,[],0,0,0,0,sudden,[],[],6160,0.1,616,0,0,0
7942,log_2064_1708943108.xes,0.6,na,[],0,0,0,0,gradual_start,[],[],6160,0.1,616,0,0,0
7943,log_2064_1708943108.xes,0.6,na,[],0,0,0,0,gradual_end,[],[],6160,0.1,616,0,0,0
7944,log_2102_1708943115.xes,0.0,na,['gradual'],1,2,0,1,no_drift,[],[],3423,0.1,342,0,0,0
7945,log_2102_1708943115.xes,0.0,na,['gradual'],1,2,0,1,sudden,[],[],3423,0.1,342,0,0,0
7946,log_2102_1708943115.xes,0.0,na,['gradual'],1,2,0,1,gradual_start,[1365],[1327],3423,0.1,342,1,0,1
7947,log_2102_1708943115.xes,0.0,na,['gradual'],1,2,0,1,gradual_end,[1736],[1667],3423,0.1,342,1,0,1
7948,log_1781_1708943112.xes,0.0,na,[],0,0,0,0,no_drift,[0],[0],4638,0.1,463,1,0,1
7949,log_1781_1708943112.xes,0.0,na,[],0,0,0,0,sudden,[],[],4638,0.1,463,0,0,0
7950,log_1781_1708943112.xes,0.0,na,[],0,0,0,0,gradual_start,[],[],4638,0.1,463,0,0,0
7951,log_1781_1708943112.xes,0.0,na,[],0,0,0,0,gradual_end,[],[],4638,0.1,463,0,0,0
7952,log_2511_1708943117.xes,0.0,na,"['sudden', 'sudden']",2,2,2,0,no_drift,[],[],4982,0.1,498,0,0,0
7953,log_2511_1708943117.xes,0.0,na,"['sudden', 'sudden']",2,2,2,0,sudden,"[1469, 3172]","[3145, 1441]",4982,0.1,498,2,0,2
7954,log_2511_1708943117.xes,0.0,na,"['sudden', 'sudden']",2,2,2,0,gradual_start,[],[],4982,0.1,498,0,0,0
7955,log_2511_1708943117.xes,0.0,na,"['sudden', 'sudden']",2,2,2,0,gradual_end,[],[],4982,0.1,498,0,0,0
7956,log_2510_1708943113.xes,0.0,na,"['gradual', 'gradual']",2,4,0,2,no_drift,[],[],5337,0.1,533,0,0,0
7957,log_2510_1708943113.xes,0.0,na,"['gradual', 'gradual']",2,4,0,2,sudden,[],[],5337,0.1,533,0,0,0
7958,log_2510_1708943113.xes,0.0,na,"['gradual', 'gradual']",2,4,0,2,gradual_start,"[1465, 3150]",[3121],5337,0.1,533,1,0,2
7959,log_2510_1708943113.xes,0.0,na,"['gradual', 'gradual']",2,4,0,2,gradual_end,"[1780, 3732]",[3693],5337,0.1,533,1,0,2
7960,log_1953_1708943114.xes,0.6,na,['sudden'],1,1,1,0,no_drift,[],[],3283,0.1,328,0,0,0
7961,log_1953_1708943114.xes,0.6,na,['sudden'],1,1,1,0,sudden,[1435],[1409],3283,0.1,328,1,0,1
7962,log_1953_1708943114.xes,0.6,na,['sudden'],1,1,1,0,gradual_start,[],[],3283,0.1,328,0,0,0
7963,log_1953_1708943114.xes,0.6,na,['sudden'],1,1,1,0,gradual_end,[],[],3283,0.1,328,0,0,0
7964,log_2471_1708943104.xes,0.3,na,"['sudden', 'gradual', 'gradual']",3,5,1,2,no_drift,[],[0],8377,0.1,837,0,1,0
7965,log_2471_1708943104.xes,0.3,na,"['sudden', 'gradual', 'gradual']",3,5,1,2,sudden,[1712],[],8377,0.1,837,0,0,1
7966,log_2471_1708943104.xes,0.3,na,"['sudden', 'gradual', 'gradual']",3,5,1,2,gradual_start,"[3527, 6023]",[],8377,0.1,837,0,0,2
7967,log_2471_1708943104.xes,0.3,na,"['sudden', 'gradual', 'gradual']",3,5,1,2,gradual_end,"[4081, 6584]",[],8377,0.1,837,0,0,2
7968,log_2028_1708943112.xes,0.6,na,"['sudden', 'sudden']",2,2,2,0,no_drift,[],[],4491,0.1,449,0,0,0
7969,log_2028_1708943112.xes,0.6,na,"['sudden', 'sudden']",2,2,2,0,sudden,"[1859, 2936]","[1849, 2927]",4491,0.1,449,2,0,2
7970,log_2028_1708943112.xes,0.6,na,"['sudden', 'sudden']",2,2,2,0,gradual_start,[],[],4491,0.1,449,0,0,0
7971,log_2028_1708943112.xes,0.6,na,"['sudden', 'sudden']",2,2,2,0,gradual_end,[],[],4491,0.1,449,0,0,0
7972,log_1990_1708943108.xes,0.0,na,"['gradual', 'gradual']",2,4,0,2,no_drift,[],[],4948,0.1,494,0,0,0
7973,log_1990_1708943108.xes,0.0,na,"['gradual', 'gradual']",2,4,0,2,sudden,[],[],4948,0.1,494,0,0,0
7974,log_1990_1708943108.xes,0.0,na,"['gradual', 'gradual']",2,4,0,2,gradual_start,"[1086, 3369]",[3361],4948,0.1,494,1,0,2
7975,log_1990_1708943108.xes,0.0,na,"['gradual', 'gradual']",2,4,0,2,gradual_end,"[1612, 3878]",[3841],4948,0.1,494,1,0,2
7976,log_1589_1708943115.xes,0.6,na,['sudden'],1,1,1,0,no_drift,[],[0],3339,0.1,333,0,1,0
7977,log_1589_1708943115.xes,0.6,na,['sudden'],1,1,1,0,sudden,[1492],[],3339,0.1,333,0,0,1
7978,log_1589_1708943115.xes,0.6,na,['sudden'],1,1,1,0,gradual_start,[],[],3339,0.1,333,0,0,0
7979,log_1589_1708943115.xes,0.6,na,['sudden'],1,1,1,0,gradual_end,[],[],3339,0.1,333,0,0,0
7980,log_1443_1708943111.xes,0.6,na,"['gradual', 'gradual', 'sudden']",3,5,1,2,no_drift,[],[],6397,0.1,639,0,0,0
7981,log_1443_1708943111.xes,0.6,na,"['gradual', 'gradual', 'sudden']",3,5,1,2,sudden,[4899],[4868],6397,0.1,639,1,0,1
7982,log_1443_1708943111.xes,0.6,na,"['gradual', 'gradual', 'sudden']",3,5,1,2,gradual_start,"[1238, 3446]","[3411, 1241]",6397,0.1,639,2,0,2
7983,log_1443_1708943111.xes,0.6,na,"['gradual', 'gradual', 'sudden']",3,5,1,2,gradual_end,"[1832, 3838]","[3783, 1799]",6397,0.1,639,2,0,2
7984,log_2398_1708943118.xes,0.0,na,[],0,0,0,0,no_drift,[0],[0],3242,0.1,324,1,0,1
7985,log_2398_1708943118.xes,0.0,na,[],0,0,0,0,sudden,[],[],3242,0.1,324,0,0,0
7986,log_2398_1708943118.xes,0.0,na,[],0,0,0,0,gradual_start,[],[],3242,0.1,324,0,0,0
7987,log_2398_1708943118.xes,0.0,na,[],0,0,0,0,gradual_end,[],[],3242,0.1,324,0,0,0
7988,log_1896_1708943116.xes,0.0,na,"['gradual', 'sudden', 'sudden']",3,4,2,1,no_drift,[],[],5972,0.1,597,0,0,0
7989,log_1896_1708943116.xes,0.0,na,"['gradual', 'sudden', 'sudden']",3,4,2,1,sudden,"[2849, 4238]","[2814, 4206]",5972,0.1,597,2,0,2
7990,log_1896_1708943116.xes,0.0,na,"['gradual', 'sudden', 'sudden']",3,4,2,1,gradual_start,[1085],[1132],5972,0.1,597,1,0,1
7991,log_1896_1708943116.xes,0.0,na,"['gradual', 'sudden', 'sudden']",3,4,2,1,gradual_end,[1683],[1683],5972,0.1,597,1,0,1
7992,log_2397_1708943108.xes,0.3,na,"['gradual', 'gradual']",2,4,0,2,no_drift,[],[],4870,0.1,487,0,0,0
7993,log_2397_1708943108.xes,0.3,na,"['gradual', 'gradual']",2,4,0,2,sudden,[],[],4870,0.1,487,0,0,0
7994,log_2397_1708943108.xes,0.3,na,"['gradual', 'gradual']",2,4,0,2,gradual_start,"[1094, 2540]",[2521],4870,0.1,487,1,0,2
7995,log_2397_1708943108.xes,0.3,na,"['gradual', 'gradual']",2,4,0,2,gradual_end,"[1487, 3066]",[3025],4870,0.1,487,1,0,2
7996,log_2029_1708943118.xes,0.0,na,[],0,0,0,0,no_drift,[0],[0],7612,0.1,761,1,0,1
7997,log_2029_1708943118.xes,0.0,na,[],0,0,0,0,sudden,[],[],7612,0.1,761,0,0,0
7998,log_2029_1708943118.xes,0.0,na,[],0,0,0,0,gradual_start,[],[],7612,0.1,761,0,0,0
7999,log_2029_1708943118.xes,0.0,na,[],0,0,0,0,gradual_end,[],[],7612,0.1,761,0,0,0
8000,log_2135_1708943122.xes,0.3,na,[],0,0,0,0,no_drift,[0],[0],3844,0.1,384,1,0,1
8001,log_2135_1708943122.xes,0.3,na,[],0,0,0,0,sudden,[],[],3844,0.1,384,0,0,0
8002,log_2135_1708943122.xes,0.3,na,[],0,0,0,0,gradual_start,[],[],3844,0.1,384,0,0,0
8003,log_2135_1708943122.xes,0.3,na,[],0,0,0,0,gradual_end,[],[],3844,0.1,384,0,0,0
8004,log_1590_1708943119.xes,0.0,na,[],0,0,0,0,no_drift,[0],[0],4080,0.1,408,1,0,1
8005,log_1590_1708943119.xes,0.0,na,[],0,0,0,0,sudden,[],[],4080,0.1,408,0,0,0
8006,log_1590_1708943119.xes,0.0,na,[],0,0,0,0,gradual_start,[],[],4080,0.1,408,0,0,0
8007,log_1590_1708943119.xes,0.0,na,[],0,0,0,0,gradual_end,[],[],4080,0.1,408,0,0,0
8008,log_2134_1708943116.xes,0.3,na,['sudden'],1,1,1,0,no_drift,[],[],3049,0.1,304,0,0,0
8009,log_2134_1708943116.xes,0.3,na,['sudden'],1,1,1,0,sudden,[1559],[1546],3049,0.1,304,1,0,1
8010,log_2134_1708943116.xes,0.3,na,['sudden'],1,1,1,0,gradual_start,[],[],3049,0.1,304,0,0,0
8011,log_2134_1708943116.xes,0.3,na,['sudden'],1,1,1,0,gradual_end,[],[],3049,0.1,304,0,0,0
8012,log_1591_1708943121.xes,0.0,na,[],0,0,0,0,no_drift,[0],[0],6024,0.1,602,1,0,1
8013,log_1591_1708943121.xes,0.0,na,[],0,0,0,0,sudden,[],[],6024,0.1,602,0,0,0
8014,log_1591_1708943121.xes,0.0,na,[],0,0,0,0,gradual_start,[],[],6024,0.1,602,0,0,0
8015,log_1591_1708943121.xes,0.0,na,[],0,0,0,0,gradual_end,[],[],6024,0.1,602,0,0,0
8016,log_2473_1708943123.xes,0.0,na,[],0,0,0,0,no_drift,[0],[0],1123,0.1,112,1,0,1
8017,log_2473_1708943123.xes,0.0,na,[],0,0,0,0,sudden,[],[],1123,0.1,112,0,0,0
8018,log_2473_1708943123.xes,0.0,na,[],0,0,0,0,gradual_start,[],[],1123,0.1,112,0,0,0
8019,log_2473_1708943123.xes,0.0,na,[],0,0,0,0,gradual_end,[],[],1123,0.1,112,0,0,0
8020,log_2172_1708943115.xes,0.6,na,['gradual'],1,2,0,1,no_drift,[],[],3993,0.1,399,0,0,0
8021,log_2172_1708943115.xes,0.6,na,['gradual'],1,2,0,1,sudden,[],[],3993,0.1,399,0,0,0
8022,log_2172_1708943115.xes,0.6,na,['gradual'],1,2,0,1,gradual_start,[1791],[1844],3993,0.1,399,1,0,1
8023,log_2172_1708943115.xes,0.6,na,['gradual'],1,2,0,1,gradual_end,[2317],[2262],3993,0.1,399,1,0,1
8024,log_1897_1708943120.xes,0.0,na,['gradual'],1,2,0,1,no_drift,[],[0],3946,0.1,394,0,1,0
8025,log_1897_1708943120.xes,0.0,na,['gradual'],1,2,0,1,sudden,[],[],3946,0.1,394,0,0,0
8026,log_1897_1708943120.xes,0.0,na,['gradual'],1,2,0,1,gradual_start,[1933],[],3946,0.1,394,0,0,1
8027,log_1897_1708943120.xes,0.0,na,['gradual'],1,2,0,1,gradual_end,[2254],[],3946,0.1,394,0,0,1
8028,log_1992_1708943123.xes,0.3,na,[],0,0,0,0,no_drift,[0],[0],1048,0.1,104,1,0,1
8029,log_1992_1708943123.xes,0.3,na,[],0,0,0,0,sudden,[],[],1048,0.1,104,0,0,0
8030,log_1992_1708943123.xes,0.3,na,[],0,0,0,0,gradual_start,[],[],1048,0.1,104,0,0,0
8031,log_1992_1708943123.xes,0.3,na,[],0,0,0,0,gradual_end,[],[],1048,0.1,104,0,0,0
8032,log_1444_1708943118.xes,0.3,na,"['sudden', 'gradual']",2,3,1,1,no_drift,[],[],4661,0.1,466,0,0,0
8033,log_1444_1708943118.xes,0.3,na,"['sudden', 'gradual']",2,3,1,1,sudden,[1558],[1542],4661,0.1,466,1,0,1
8034,log_1444_1708943118.xes,0.3,na,"['sudden', 'gradual']",2,3,1,1,gradual_start,[2610],[2600],4661,0.1,466,1,0,1
8035,log_1444_1708943118.xes,0.3,na,"['sudden', 'gradual']",2,3,1,1,gradual_end,[3136],[3106],4661,0.1,466,1,0,1
8036,log_2286_1708943116.xes,0.0,na,"['gradual', 'gradual', 'sudden']",3,5,1,2,no_drift,[],[],6435,0.1,643,0,0,0
8037,log_2286_1708943116.xes,0.0,na,"['gradual', 'gradual', 'sudden']",3,5,1,2,sudden,[5286],[5249],6435,0.1,643,1,0,1
8038,log_2286_1708943116.xes,0.0,na,"['gradual', 'gradual', 'sudden']",3,5,1,2,gradual_start,"[1556, 3405]","[3393, 1537]",6435,0.1,643,2,0,2
8039,log_2286_1708943116.xes,0.0,na,"['gradual', 'gradual', 'sudden']",3,5,1,2,gradual_end,"[2126, 3974]","[3969, 2113]",6435,0.1,643,2,0,2
8040,log_2363_1708943115.xes,0.6,na,[],0,0,0,0,no_drift,[0],[0],7344,0.1,734,1,0,1
8041,log_2363_1708943115.xes,0.6,na,[],0,0,0,0,sudden,[],[],7344,0.1,734,0,0,0
8042,log_2363_1708943115.xes,0.6,na,[],0,0,0,0,gradual_start,[],[],7344,0.1,734,0,0,0
8043,log_2363_1708943115.xes,0.6,na,[],0,0,0,0,gradual_end,[],[],7344,0.1,734,0,0,0
8044,log_2324_1708943110.xes,0.0,na,"['gradual', 'gradual', 'sudden']",3,5,1,2,no_drift,[],[],7118,0.1,711,0,0,0
8045,log_2324_1708943110.xes,0.0,na,"['gradual', 'gradual', 'sudden']",3,5,1,2,sudden,[5876],[5846],7118,0.1,711,1,0,1
8046,log_2324_1708943110.xes,0.0,na,"['gradual', 'gradual', 'sudden']",3,5,1,2,gradual_start,"[1902, 3863]",[1821],7118,0.1,711,1,0,2
8047,log_2324_1708943110.xes,0.0,na,"['gradual', 'gradual', 'sudden']",3,5,1,2,gradual_end,"[2280, 4333]",[2311],7118,0.1,711,1,0,2
8048,log_2472_1708943117.xes,0.6,na,"['gradual', 'sudden', 'gradual']",3,5,1,2,no_drift,[],[],5934,0.1,593,0,0,0
8049,log_2472_1708943117.xes,0.6,na,"['gradual', 'sudden', 'gradual']",3,5,1,2,sudden,[2518],[2495],5934,0.1,593,1,0,1
8050,log_2472_1708943117.xes,0.6,na,"['gradual', 'sudden', 'gradual']",3,5,1,2,gradual_start,"[1041, 3897]",[],5934,0.1,593,0,0,2
8051,log_2472_1708943117.xes,0.6,na,"['gradual', 'sudden', 'gradual']",3,5,1,2,gradual_end,"[1375, 4307]",[],5934,0.1,593,0,0,2
8052,log_2399_1708943120.xes,0.3,na,"['sudden', 'gradual']",2,3,1,1,no_drift,[],[],5409,0.1,540,0,0,0
8053,log_2399_1708943120.xes,0.3,na,"['sudden', 'gradual']",2,3,1,1,sudden,[1528],[1486],5409,0.1,540,1,0,1
8054,log_2399_1708943120.xes,0.3,na,"['sudden', 'gradual']",2,3,1,1,gradual_start,[3189],[],5409,0.1,540,0,0,1
8055,log_2399_1708943120.xes,0.3,na,"['sudden', 'gradual']",2,3,1,1,gradual_end,[3597],[],5409,0.1,540,0,0,1
8056,log_1991_1708943118.xes,0.0,na,['sudden'],1,1,1,0,no_drift,[],[],3310,0.1,331,0,0,0
8057,log_1991_1708943118.xes,0.0,na,['sudden'],1,1,1,0,sudden,[1845],[1825],3310,0.1,331,1,0,1
8058,log_1991_1708943118.xes,0.0,na,['sudden'],1,1,1,0,gradual_start,[],[],3310,0.1,331,0,0,0
8059,log_1991_1708943118.xes,0.0,na,['sudden'],1,1,1,0,gradual_end,[],[],3310,0.1,331,0,0,0
8060,log_1916_1708943111.xes,0.3,na,"['gradual', 'gradual', 'gradual']",3,6,0,3,no_drift,[],[],7610,0.1,761,0,0,0
8061,log_1916_1708943111.xes,0.3,na,"['gradual', 'gradual', 'gradual']",3,6,0,3,sudden,[],[],7610,0.1,761,0,0,0
8062,log_1916_1708943111.xes,0.3,na,"['gradual', 'gradual', 'gradual']",3,6,0,3,gradual_start,"[1527, 3138, 5458]","[1521, 5473]",7610,0.1,761,2,0,3
8063,log_1916_1708943111.xes,0.3,na,"['gradual', 'gradual', 'gradual']",3,6,0,3,gradual_end,"[1899, 3570, 5801]","[1901, 5853]",7610,0.1,761,2,0,3
8064,log_2435_1708943116.xes,0.0,na,"['sudden', 'sudden', 'gradual']",3,4,2,1,no_drift,[],[],6253,0.1,625,0,0,0
8065,log_2435_1708943116.xes,0.0,na,"['sudden', 'sudden', 'gradual']",3,4,2,1,sudden,"[1153, 2734]","[1117, 2698]",6253,0.1,625,2,0,2
8066,log_2435_1708943116.xes,0.0,na,"['sudden', 'sudden', 'gradual']",3,4,2,1,gradual_start,[4455],[],6253,0.1,625,0,0,1
8067,log_2435_1708943116.xes,0.0,na,"['sudden', 'sudden', 'gradual']",3,4,2,1,gradual_end,[4810],[],6253,0.1,625,0,0,1
8068,log_2474_1708943124.xes,0.0,na,[],0,0,0,0,no_drift,[0],[0],4305,0.1,430,1,0,1
8069,log_2474_1708943124.xes,0.0,na,[],0,0,0,0,sudden,[],[],4305,0.1,430,0,0,0
8070,log_2474_1708943124.xes,0.0,na,[],0,0,0,0,gradual_start,[],[],4305,0.1,430,0,0,0
8071,log_2474_1708943124.xes,0.0,na,[],0,0,0,0,gradual_end,[],[],4305,0.1,430,0,0,0
8072,log_2210_1708943110.xes,0.3,na,"['gradual', 'sudden', 'gradual']",3,5,1,2,no_drift,[],[],7046,0.1,704,0,0,0
8073,log_2210_1708943110.xes,0.3,na,"['gradual', 'sudden', 'gradual']",3,5,1,2,sudden,[3613],[],7046,0.1,704,0,0,1
8074,log_2210_1708943110.xes,0.3,na,"['gradual', 'sudden', 'gradual']",3,5,1,2,gradual_start,"[1772, 4744]",[4691],7046,0.1,704,1,0,2
8075,log_2210_1708943110.xes,0.3,na,"['gradual', 'sudden', 'gradual']",3,5,1,2,gradual_end,"[2167, 5048]",[5041],7046,0.1,704,1,0,2
8076,log_1860_1708943117.xes,0.0,na,"['gradual', 'gradual', 'gradual']",3,6,0,3,no_drift,[],[0],7743,0.1,774,0,1,0
8077,log_1860_1708943117.xes,0.0,na,"['gradual', 'gradual', 'gradual']",3,6,0,3,sudden,[],[],7743,0.1,774,0,0,0
8078,log_1860_1708943117.xes,0.0,na,"['gradual', 'gradual', 'gradual']",3,6,0,3,gradual_start,"[1900, 3658, 5477]",[],7743,0.1,774,0,0,3
8079,log_1860_1708943117.xes,0.0,na,"['gradual', 'gradual', 'gradual']",3,6,0,3,gradual_end,"[2341, 4016, 5887]",[],7743,0.1,774,0,0,3
8080,log_2066_1708943118.xes,0.6,na,"['sudden', 'gradual', 'sudden']",3,4,2,1,no_drift,[],[],6334,0.1,633,0,0,0
8081,log_2066_1708943118.xes,0.6,na,"['sudden', 'gradual', 'sudden']",3,4,2,1,sudden,"[1410, 4901]","[1365, 4868]",6334,0.1,633,2,0,2
8082,log_2066_1708943118.xes,0.6,na,"['sudden', 'gradual', 'sudden']",3,4,2,1,gradual_start,[2602],[2605],6334,0.1,633,1,0,1
8083,log_2066_1708943118.xes,0.6,na,"['sudden', 'gradual', 'sudden']",3,4,2,1,gradual_end,[3129],[3132],6334,0.1,633,1,0,1
8084,log_1993_1708943124.xes,0.6,na,[],0,0,0,0,no_drift,[0],[0],4772,0.1,477,1,0,1
8085,log_1993_1708943124.xes,0.6,na,[],0,0,0,0,sudden,[],[],4772,0.1,477,0,0,0
8086,log_1993_1708943124.xes,0.6,na,[],0,0,0,0,gradual_start,[],[],4772,0.1,477,0,0,0
8087,log_1993_1708943124.xes,0.6,na,[],0,0,0,0,gradual_end,[],[],4772,0.1,477,0,0,0
8088,log_1631_1708943124.xes,0.6,na,[],0,0,0,0,no_drift,[0],[0],2164,0.1,216,1,0,1
8089,log_1631_1708943124.xes,0.6,na,[],0,0,0,0,sudden,[],[],2164,0.1,216,0,0,0
8090,log_1631_1708943124.xes,0.6,na,[],0,0,0,0,gradual_start,[],[],2164,0.1,216,0,0,0
8091,log_1631_1708943124.xes,0.6,na,[],0,0,0,0,gradual_end,[],[],2164,0.1,216,0,0,0
8092,log_2547_1708943123.xes,0.6,na,[],0,0,0,0,no_drift,[0],[0],1032,0.1,103,1,0,1
8093,log_2547_1708943123.xes,0.6,na,[],0,0,0,0,sudden,[],[],1032,0.1,103,0,0,0
8094,log_2547_1708943123.xes,0.6,na,[],0,0,0,0,gradual_start,[],[],1032,0.1,103,0,0,0
8095,log_2547_1708943123.xes,0.6,na,[],0,0,0,0,gradual_end,[],[],1032,0.1,103,0,0,0
8096,log_2512_1708943120.xes,0.6,na,['sudden'],1,1,1,0,no_drift,[],[0],3361,0.1,336,0,1,0
8097,log_2512_1708943120.xes,0.6,na,['sudden'],1,1,1,0,sudden,[1548],[],3361,0.1,336,0,0,1
8098,log_2512_1708943120.xes,0.6,na,['sudden'],1,1,1,0,gradual_start,[],[],3361,0.1,336,0,0,0
8099,log_2512_1708943120.xes,0.6,na,['sudden'],1,1,1,0,gradual_end,[],[],3361,0.1,336,0,0,0
8100,log_1918_1708943125.xes,0.0,na,[],0,0,0,0,no_drift,[0],[0],1160,0.1,116,1,0,1
8101,log_1918_1708943125.xes,0.0,na,[],0,0,0,0,sudden,[],[],1160,0.1,116,0,0,0
8102,log_1918_1708943125.xes,0.0,na,[],0,0,0,0,gradual_start,[],[],1160,0.1,116,0,0,0
8103,log_1918_1708943125.xes,0.0,na,[],0,0,0,0,gradual_end,[],[],1160,0.1,116,0,0,0
8104,log_2364_1708943123.xes,0.3,na,['sudden'],1,1,1,0,no_drift,[],[],2690,0.1,269,0,0,0
8105,log_2364_1708943123.xes,0.3,na,['sudden'],1,1,1,0,sudden,[1460],[1444],2690,0.1,269,1,0,1
8106,log_2364_1708943123.xes,0.3,na,['sudden'],1,1,1,0,gradual_start,[],[],2690,0.1,269,0,0,0
8107,log_2364_1708943123.xes,0.3,na,['sudden'],1,1,1,0,gradual_end,[],[],2690,0.1,269,0,0,0
8108,log_1630_1708943113.xes,0.6,na,['gradual'],1,2,0,1,no_drift,[],[],3612,0.1,361,0,0,0
8109,log_1630_1708943113.xes,0.6,na,['gradual'],1,2,0,1,sudden,[],[],3612,0.1,361,0,0,0
8110,log_1630_1708943113.xes,0.6,na,['gradual'],1,2,0,1,gradual_start,[1361],[1387],3612,0.1,361,1,0,1
8111,log_1630_1708943113.xes,0.6,na,['gradual'],1,2,0,1,gradual_end,[1795],[1801],3612,0.1,361,1,0,1
8112,log_1917_1708943122.xes,0.6,na,['sudden'],1,1,1,0,no_drift,[],[],3272,0.1,327,0,0,0
8113,log_1917_1708943122.xes,0.6,na,['sudden'],1,1,1,0,sudden,[1930],[1921],3272,0.1,327,1,0,1
8114,log_1917_1708943122.xes,0.6,na,['sudden'],1,1,1,0,gradual_start,[],[],3272,0.1,327,0,0,0
8115,log_1917_1708943122.xes,0.6,na,['sudden'],1,1,1,0,gradual_end,[],[],3272,0.1,327,0,0,0
8116,log_2325_1708943122.xes,0.6,na,"['gradual', 'sudden']",2,3,1,1,no_drift,[],[],4596,0.1,459,0,0,0
8117,log_2325_1708943122.xes,0.6,na,"['gradual', 'sudden']",2,3,1,1,sudden,[3015],[],4596,0.1,459,0,0,1
8118,log_2325_1708943122.xes,0.6,na,"['gradual', 'sudden']",2,3,1,1,gradual_start,[1208],[1233],4596,0.1,459,1,0,1
8119,log_2325_1708943122.xes,0.6,na,"['gradual', 'sudden']",2,3,1,1,gradual_end,[1718],[1695],4596,0.1,459,1,0,1
8120,log_2250_1708943124.xes,0.0,na,[],0,0,0,0,no_drift,[0],[0],3192,0.1,319,1,0,1
8121,log_2250_1708943124.xes,0.0,na,[],0,0,0,0,sudden,[],[],3192,0.1,319,0,0,0
8122,log_2250_1708943124.xes,0.0,na,[],0,0,0,0,gradual_start,[],[],3192,0.1,319,0,0,0
8123,log_2250_1708943124.xes,0.0,na,[],0,0,0,0,gradual_end,[],[],3192,0.1,319,0,0,0
8124,log_2030_1708943120.xes,0.0,na,['sudden'],1,1,1,0,no_drift,[],[],2570,0.1,257,0,0,0
8125,log_2030_1708943120.xes,0.0,na,['sudden'],1,1,1,0,sudden,[1478],[1465],2570,0.1,257,1,0,1
8126,log_2030_1708943120.xes,0.0,na,['sudden'],1,1,1,0,gradual_start,[],[],2570,0.1,257,0,0,0
8127,log_2030_1708943120.xes,0.0,na,['sudden'],1,1,1,0,gradual_end,[],[],2570,0.1,257,0,0,0
8128,log_1861_1708943124.xes,0.0,na,[],0,0,0,0,no_drift,[0],[0],1442,0.1,144,1,0,1
8129,log_1861_1708943124.xes,0.0,na,[],0,0,0,0,sudden,[],[],1442,0.1,144,0,0,0
8130,log_1861_1708943124.xes,0.0,na,[],0,0,0,0,gradual_start,[],[],1442,0.1,144,0,0,0
8131,log_1861_1708943124.xes,0.0,na,[],0,0,0,0,gradual_end,[],[],1442,0.1,144,0,0,0
8132,log_2249_1708943111.xes,0.6,na,"['gradual', 'gradual']",2,4,0,2,no_drift,[],[],5135,0.1,513,0,0,0
8133,log_2249_1708943111.xes,0.6,na,"['gradual', 'gradual']",2,4,0,2,sudden,[],[],5135,0.1,513,0,0,0
8134,log_2249_1708943111.xes,0.6,na,"['gradual', 'gradual']",2,4,0,2,gradual_start,"[1242, 3078]",[3076],5135,0.1,513,1,0,2
8135,log_2249_1708943111.xes,0.6,na,"['gradual', 'gradual']",2,4,0,2,gradual_end,"[1577, 3670]",[3651],5135,0.1,513,1,0,2
8136,log_1710_1708943127.xes,0.0,na,['gradual'],1,2,0,1,no_drift,[],[],3912,0.1,391,0,0,0
8137,log_1710_1708943127.xes,0.0,na,['gradual'],1,2,0,1,sudden,[],[],3912,0.1,391,0,0,0
8138,log_1710_1708943127.xes,0.0,na,['gradual'],1,2,0,1,gradual_start,[1467],[1464],3912,0.1,391,1,0,1
8139,log_1710_1708943127.xes,0.0,na,['gradual'],1,2,0,1,gradual_end,[1992],[1958],3912,0.1,391,1,0,1
8140,log_2365_1708943126.xes,0.0,na,['sudden'],1,1,1,0,no_drift,[],[],2170,0.1,217,0,0,0
8141,log_2365_1708943126.xes,0.0,na,['sudden'],1,1,1,0,sudden,[1033],[1031],2170,0.1,217,1,0,1
8142,log_2365_1708943126.xes,0.0,na,['sudden'],1,1,1,0,gradual_start,[],[],2170,0.1,217,0,0,0
8143,log_2365_1708943126.xes,0.0,na,['sudden'],1,1,1,0,gradual_end,[],[],2170,0.1,217,0,0,0
8144,log_1994_1708943125.xes,0.6,na,[],0,0,0,0,no_drift,[0],[0],4296,0.1,429,1,0,1
8145,log_1994_1708943125.xes,0.6,na,[],0,0,0,0,sudden,[],[],4296,0.1,429,0,0,0
8146,log_1994_1708943125.xes,0.6,na,[],0,0,0,0,gradual_start,[],[],4296,0.1,429,0,0,0
8147,log_1994_1708943125.xes,0.6,na,[],0,0,0,0,gradual_end,[],[],4296,0.1,429,0,0,0
8148,log_1783_1708943128.xes,0.0,na,[],0,0,0,0,no_drift,[0],[0],4332,0.1,433,1,0,1
8149,log_1783_1708943128.xes,0.0,na,[],0,0,0,0,sudden,[],[],4332,0.1,433,0,0,0
8150,log_1783_1708943128.xes,0.0,na,[],0,0,0,0,gradual_start,[],[],4332,0.1,433,0,0,0
8151,log_1783_1708943128.xes,0.0,na,[],0,0,0,0,gradual_end,[],[],4332,0.1,433,0,0,0
8152,log_2548_1708943125.xes,0.3,na,['gradual'],1,2,0,1,no_drift,[],[],3739,0.1,373,0,0,0
8153,log_2548_1708943125.xes,0.3,na,['gradual'],1,2,0,1,sudden,[],[],3739,0.1,373,0,0,0
8154,log_2548_1708943125.xes,0.3,na,['gradual'],1,2,0,1,gradual_start,[1982],[1981],3739,0.1,373,1,0,1
8155,log_2548_1708943125.xes,0.3,na,['gradual'],1,2,0,1,gradual_end,[2321],[2323],3739,0.1,373,1,0,1
8156,log_2031_1708943127.xes,0.0,na,['sudden'],1,1,1,0,no_drift,[],[],2324,0.1,232,0,0,0
8157,log_2031_1708943127.xes,0.0,na,['sudden'],1,1,1,0,sudden,[1067],[1068],2324,0.1,232,1,0,1
8158,log_2031_1708943127.xes,0.0,na,['sudden'],1,1,1,0,gradual_start,[],[],2324,0.1,232,0,0,0
8159,log_2031_1708943127.xes,0.0,na,['sudden'],1,1,1,0,gradual_end,[],[],2324,0.1,232,0,0,0
8160,log_1782_1708943116.xes,0.3,na,"['sudden', 'sudden']",2,2,2,0,no_drift,[],[],4756,0.1,475,0,0,0
8161,log_1782_1708943116.xes,0.3,na,"['sudden', 'sudden']",2,2,2,0,sudden,"[1802, 3568]","[1772, 3543]",4756,0.1,475,2,0,2
8162,log_1782_1708943116.xes,0.3,na,"['sudden', 'sudden']",2,2,2,0,gradual_start,[],[],4756,0.1,475,0,0,0
8163,log_1782_1708943116.xes,0.3,na,"['sudden', 'sudden']",2,2,2,0,gradual_end,[],[],4756,0.1,475,0,0,0
8164,log_2103_1708943117.xes,0.6,na,"['sudden', 'gradual']",2,3,1,1,no_drift,[],[],5074,0.1,507,0,0,0
8165,log_2103_1708943117.xes,0.6,na,"['sudden', 'gradual']",2,3,1,1,sudden,[1284],[1251],5074,0.1,507,1,0,1
8166,log_2103_1708943117.xes,0.6,na,"['sudden', 'gradual']",2,3,1,1,gradual_start,[2964],[2951],5074,0.1,507,1,0,1
8167,log_2103_1708943117.xes,0.6,na,"['sudden', 'gradual']",2,3,1,1,gradual_end,[3546],[3551],5074,0.1,507,1,0,1
8168,log_1898_1708943122.xes,0.6,na,"['gradual', 'gradual']",2,4,0,2,no_drift,[],[],4396,0.1,439,0,0,0
8169,log_1898_1708943122.xes,0.6,na,"['gradual', 'gradual']",2,4,0,2,sudden,[],[],4396,0.1,439,0,0,0
8170,log_1898_1708943122.xes,0.6,na,"['gradual', 'gradual']",2,4,0,2,gradual_start,"[1145, 2858]","[1156, 2857]",4396,0.1,439,2,0,2
8171,log_1898_1708943122.xes,0.6,na,"['gradual', 'gradual']",2,4,0,2,gradual_end,"[1581, 3321]","[1576, 3277]",4396,0.1,439,2,0,2
8172,log_1709_1708943116.xes,0.0,na,"['gradual', 'gradual', 'gradual']",3,6,0,3,no_drift,[],[],7282,0.1,728,0,0,0
8173,log_1709_1708943116.xes,0.0,na,"['gradual', 'gradual', 'gradual']",3,6,0,3,sudden,[],[],7282,0.1,728,0,0,0
8174,log_1709_1708943116.xes,0.0,na,"['gradual', 'gradual', 'gradual']",3,6,0,3,gradual_start,"[1574, 3806, 5412]",[1549],7282,0.1,728,1,0,3
8175,log_1709_1708943116.xes,0.0,na,"['gradual', 'gradual', 'gradual']",3,6,0,3,gradual_end,"[1912, 4343, 5918]",[1909],7282,0.1,728,1,0,3
8176,log_1632_1708943126.xes,0.0,na,"['sudden', 'sudden', 'sudden']",3,3,3,0,no_drift,[],[],5330,0.1,533,0,0,0
8177,log_1632_1708943126.xes,0.0,na,"['sudden', 'sudden', 'sudden']",3,3,3,0,sudden,"[1558, 2638, 3944]","[3901, 2627, 1535]",5330,0.1,533,3,0,3
8178,log_1632_1708943126.xes,0.0,na,"['sudden', 'sudden', 'sudden']",3,3,3,0,gradual_start,[],[],5330,0.1,533,0,0,0
8179,log_1632_1708943126.xes,0.0,na,"['sudden', 'sudden', 'sudden']",3,3,3,0,gradual_end,[],[],5330,0.1,533,0,0,0
8180,log_2136_1708943123.xes,0.3,na,['gradual'],1,2,0,1,no_drift,[],[],3261,0.1,326,0,0,0
8181,log_2136_1708943123.xes,0.3,na,['gradual'],1,2,0,1,sudden,[],[],3261,0.1,326,0,0,0
8182,log_2136_1708943123.xes,0.3,na,['gradual'],1,2,0,1,gradual_start,[1578],[1585],3261,0.1,326,1,0,1
8183,log_2136_1708943123.xes,0.3,na,['gradual'],1,2,0,1,gradual_end,[2007],[2017],3261,0.1,326,1,0,1
8184,log_1633_1708943130.xes,0.0,na,"['gradual', 'sudden', 'gradual']",3,5,1,2,no_drift,[],[],6506,0.1,650,0,0,0
8185,log_1633_1708943130.xes,0.0,na,"['gradual', 'sudden', 'gradual']",3,5,1,2,sudden,[3180],[3169],6506,0.1,650,1,0,1
8186,log_1633_1708943130.xes,0.0,na,"['gradual', 'sudden', 'gradual']",3,5,1,2,gradual_start,"[1653, 4911]","[4897, 1633]",6506,0.1,650,2,0,2
8187,log_1633_1708943130.xes,0.0,na,"['gradual', 'sudden', 'gradual']",3,5,1,2,gradual_end,"[2030, 5390]","[5409, 1985]",6506,0.1,650,2,0,2
8188,log_2173_1708943124.xes,0.0,na,"['sudden', 'sudden', 'gradual']",3,4,2,1,no_drift,[],[],5763,0.1,576,0,0,0
8189,log_2173_1708943124.xes,0.0,na,"['sudden', 'sudden', 'gradual']",3,4,2,1,sudden,"[1341, 2547]","[2521, 1317]",5763,0.1,576,2,0,2
8190,log_2173_1708943124.xes,0.0,na,"['sudden', 'sudden', 'gradual']",3,4,2,1,gradual_start,[3932],[3921],5763,0.1,576,1,0,1
8191,log_2173_1708943124.xes,0.0,na,"['sudden', 'sudden', 'gradual']",3,4,2,1,gradual_end,[4527],[4509],5763,0.1,576,1,0,1
8192,log_2585_1708943129.xes,0.3,na,"['sudden', 'gradual']",2,3,1,1,no_drift,[],[],5132,0.1,513,0,0,0
8193,log_2585_1708943129.xes,0.3,na,"['sudden', 'gradual']",2,3,1,1,sudden,[1794],[],5132,0.1,513,0,0,1
8194,log_2585_1708943129.xes,0.3,na,"['sudden', 'gradual']",2,3,1,1,gradual_start,[3346],[3351],5132,0.1,513,1,0,1
8195,log_2585_1708943129.xes,0.3,na,"['sudden', 'gradual']",2,3,1,1,gradual_end,[3940],[3951],5132,0.1,513,1,0,1
8196,log_2549_1708943128.xes,0.0,na,"['gradual', 'sudden', 'gradual']",3,5,1,2,no_drift,[],[0],7296,0.1,729,0,1,0
8197,log_2549_1708943128.xes,0.0,na,"['gradual', 'sudden', 'gradual']",3,5,1,2,sudden,[3426],[],7296,0.1,729,0,0,1
8198,log_2549_1708943128.xes,0.0,na,"['gradual', 'sudden', 'gradual']",3,5,1,2,gradual_start,"[1586, 5112]",[],7296,0.1,729,0,0,2
8199,log_2549_1708943128.xes,0.0,na,"['gradual', 'sudden', 'gradual']",3,5,1,2,gradual_end,"[1895, 5513]",[],7296,0.1,729,0,0,2
8200,log_2032_1708943128.xes,0.0,na,['gradual'],1,2,0,1,no_drift,[],[],3223,0.1,322,0,0,0
8201,log_2032_1708943128.xes,0.0,na,['gradual'],1,2,0,1,sudden,[],[],3223,0.1,322,0,0,0
8202,log_2032_1708943128.xes,0.0,na,['gradual'],1,2,0,1,gradual_start,[1221],[1201],3223,0.1,322,1,0,1
8203,log_2032_1708943128.xes,0.0,na,['gradual'],1,2,0,1,gradual_end,[1616],[1633],3223,0.1,322,1,0,1
8204,log_1592_1708943123.xes,0.0,na,['gradual'],1,2,0,1,no_drift,[],[],3494,0.1,349,0,0,0
8205,log_1592_1708943123.xes,0.0,na,['gradual'],1,2,0,1,sudden,[],[],3494,0.1,349,0,0,0
8206,log_1592_1708943123.xes,0.0,na,['gradual'],1,2,0,1,gradual_start,[1939],[1922],3494,0.1,349,1,0,1
8207,log_1592_1708943123.xes,0.0,na,['gradual'],1,2,0,1,gradual_end,[2391],[2381],3494,0.1,349,1,0,1
8208,log_2252_1708943131.xes,0.3,na,[],0,0,0,0,no_drift,[0],[0],1795,0.1,179,1,0,1
8209,log_2252_1708943131.xes,0.3,na,[],0,0,0,0,sudden,[],[],1795,0.1,179,0,0,0
8210,log_2252_1708943131.xes,0.3,na,[],0,0,0,0,gradual_start,[],[],1795,0.1,179,0,0,0
8211,log_2252_1708943131.xes,0.3,na,[],0,0,0,0,gradual_end,[],[],1795,0.1,179,0,0,0
8212,log_2475_1708943125.xes,0.6,na,"['gradual', 'gradual', 'sudden']",3,5,1,2,no_drift,[],[],7085,0.1,708,0,0,0
8213,log_2475_1708943125.xes,0.6,na,"['gradual', 'gradual', 'sudden']",3,5,1,2,sudden,[5524],[5496],7085,0.1,708,1,0,1
8214,log_2475_1708943125.xes,0.6,na,"['gradual', 'gradual', 'sudden']",3,5,1,2,gradual_start,"[1940, 3622]",[],7085,0.1,708,0,0,2
8215,log_2475_1708943125.xes,0.6,na,"['gradual', 'gradual', 'sudden']",3,5,1,2,gradual_end,"[2445, 4104]",[],7085,0.1,708,0,0,2
8216,log_2251_1708943126.xes,0.0,na,"['sudden', 'gradual']",2,3,1,1,no_drift,[],[],4299,0.1,429,0,0,0
8217,log_2251_1708943126.xes,0.0,na,"['sudden', 'gradual']",2,3,1,1,sudden,[1416],[],4299,0.1,429,0,0,1
8218,log_2251_1708943126.xes,0.0,na,"['sudden', 'gradual']",2,3,1,1,gradual_start,[2561],[2563],4299,0.1,429,1,0,1
8219,log_2251_1708943126.xes,0.0,na,"['sudden', 'gradual']",2,3,1,1,gradual_end,[3019],[3046],4299,0.1,429,1,0,1
8220,log_2287_1708943122.xes,0.0,na,"['sudden', 'gradual', 'sudden']",3,4,2,1,no_drift,[],[],6346,0.1,634,0,0,0
8221,log_2287_1708943122.xes,0.0,na,"['sudden', 'gradual', 'sudden']",3,4,2,1,sudden,"[1123, 4574]","[4558, 1086]",6346,0.1,634,2,0,2
8222,log_2287_1708943122.xes,0.0,na,"['sudden', 'gradual', 'sudden']",3,4,2,1,gradual_start,[2921],[2915],6346,0.1,634,1,0,1
8223,log_2287_1708943122.xes,0.0,na,"['sudden', 'gradual', 'sudden']",3,4,2,1,gradual_end,[3343],[3287],6346,0.1,634,1,0,1
8224,log_1995_1708943128.xes,0.6,na,[],0,0,0,0,no_drift,[0],[0],3582,0.1,358,1,0,1
8225,log_1995_1708943128.xes,0.6,na,[],0,0,0,0,sudden,[],[],3582,0.1,358,0,0,0
8226,log_1995_1708943128.xes,0.6,na,[],0,0,0,0,gradual_start,[],[],3582,0.1,358,0,0,0
8227,log_1995_1708943128.xes,0.6,na,[],0,0,0,0,gradual_end,[],[],3582,0.1,358,0,0,0
8228,log_2067_1708943124.xes,0.6,na,"['gradual', 'gradual']",2,4,0,2,no_drift,[],[],4841,0.1,484,0,0,0
8229,log_2067_1708943124.xes,0.6,na,"['gradual', 'gradual']",2,4,0,2,sudden,[],[],4841,0.1,484,0,0,0
8230,log_2067_1708943124.xes,0.6,na,"['gradual', 'gradual']",2,4,0,2,gradual_start,"[1151, 2751]",[2737],4841,0.1,484,1,0,2
8231,log_2067_1708943124.xes,0.6,na,"['gradual', 'gradual']",2,4,0,2,gradual_end,"[1468, 3301]",[3241],4841,0.1,484,1,0,2
8232,log_2211_1708943123.xes,0.3,na,"['gradual', 'sudden', 'gradual']",3,5,1,2,no_drift,[],[],7222,0.1,722,0,0,0
8233,log_2211_1708943123.xes,0.3,na,"['gradual', 'sudden', 'gradual']",3,5,1,2,sudden,[3126],[3097],7222,0.1,722,1,0,1
8234,log_2211_1708943123.xes,0.3,na,"['gradual', 'sudden', 'gradual']",3,5,1,2,gradual_start,"[1347, 4969]",[],7222,0.1,722,0,0,2
8235,log_2211_1708943123.xes,0.3,na,"['gradual', 'sudden', 'gradual']",3,5,1,2,gradual_end,"[1668, 5400]",[],7222,0.1,722,0,0,2
8236,log_2174_1708943130.xes,0.0,na,['sudden'],1,1,1,0,no_drift,[],[],2364,0.1,236,0,0,0
8237,log_2174_1708943130.xes,0.0,na,['sudden'],1,1,1,0,sudden,[1076],[1057],2364,0.1,236,1,0,1
8238,log_2174_1708943130.xes,0.0,na,['sudden'],1,1,1,0,gradual_start,[],[],2364,0.1,236,0,0,0
8239,log_2174_1708943130.xes,0.0,na,['sudden'],1,1,1,0,gradual_end,[],[],2364,0.1,236,0,0,0
8240,log_1862_1708943127.xes,0.3,na,"['gradual', 'sudden']",2,3,1,1,no_drift,[],[],5054,0.1,505,0,0,0
8241,log_1862_1708943127.xes,0.3,na,"['gradual', 'sudden']",2,3,1,1,sudden,[3272],[3251],5054,0.1,505,1,0,1
8242,log_1862_1708943127.xes,0.3,na,"['gradual', 'sudden']",2,3,1,1,gradual_start,[1370],[],5054,0.1,505,0,0,1
8243,log_1862_1708943127.xes,0.3,na,"['gradual', 'sudden']",2,3,1,1,gradual_end,[1808],[],5054,0.1,505,0,0,1
8244,log_2366_1708943128.xes,0.0,na,['gradual'],1,2,0,1,no_drift,[],[],2860,0.1,286,0,0,0
8245,log_2366_1708943128.xes,0.0,na,['gradual'],1,2,0,1,sudden,[],[],2860,0.1,286,0,0,0
8246,log_2366_1708943128.xes,0.0,na,['gradual'],1,2,0,1,gradual_start,[1218],[1233],2860,0.1,286,1,0,1
8247,log_2366_1708943128.xes,0.0,na,['gradual'],1,2,0,1,gradual_end,[1788],[1821],2860,0.1,286,1,0,1
8248,log_2104_1708943128.xes,0.6,na,"['sudden', 'gradual', 'sudden']",3,4,2,1,no_drift,[],[],6316,0.1,631,0,0,0
8249,log_2104_1708943128.xes,0.6,na,"['sudden', 'gradual', 'sudden']",3,4,2,1,sudden,"[1968, 4776]","[4775, 1923]",6316,0.1,631,2,0,2
8250,log_2104_1708943128.xes,0.6,na,"['sudden', 'gradual', 'sudden']",3,4,2,1,gradual_start,[3213],[3194],6316,0.1,631,1,0,1
8251,log_2104_1708943128.xes,0.6,na,"['sudden', 'gradual', 'sudden']",3,4,2,1,gradual_end,[3520],[3535],6316,0.1,631,1,0,1
8252,log_1669_1708943115.xes,0.0,na,"['gradual', 'sudden', 'gradual']",3,5,1,2,no_drift,[],[],6118,0.1,611,0,0,0
8253,log_1669_1708943115.xes,0.0,na,"['gradual', 'sudden', 'gradual']",3,5,1,2,sudden,[3318],[3271],6118,0.1,611,1,0,1
8254,log_1669_1708943115.xes,0.0,na,"['gradual', 'sudden', 'gradual']",3,5,1,2,gradual_start,"[1832, 4628]",[4621],6118,0.1,611,1,0,2
8255,log_1669_1708943115.xes,0.0,na,"['gradual', 'sudden', 'gradual']",3,5,1,2,gradual_end,"[2204, 4959]",[4951],6118,0.1,611,1,0,2
8256,log_1593_1708943129.xes,0.0,na,[],0,0,0,0,no_drift,[0],[0],6580,0.1,658,1,0,1
8257,log_1593_1708943129.xes,0.0,na,[],0,0,0,0,sudden,[],[],6580,0.1,658,0,0,0
8258,log_1593_1708943129.xes,0.0,na,[],0,0,0,0,gradual_start,[],[],6580,0.1,658,0,0,0
8259,log_1593_1708943129.xes,0.0,na,[],0,0,0,0,gradual_end,[],[],6580,0.1,658,0,0,0
8260,log_2033_1708943130.xes,0.0,na,[],0,0,0,0,no_drift,[0],[0],4341,0.1,434,1,0,1
8261,log_2033_1708943130.xes,0.0,na,[],0,0,0,0,sudden,[],[],4341,0.1,434,0,0,0
8262,log_2033_1708943130.xes,0.0,na,[],0,0,0,0,gradual_start,[],[],4341,0.1,434,0,0,0
8263,log_2033_1708943130.xes,0.0,na,[],0,0,0,0,gradual_end,[],[],4341,0.1,434,0,0,0
8264,log_1899_1708943131.xes,0.6,na,['sudden'],1,1,1,0,no_drift,[],[],2688,0.1,268,0,0,0
8265,log_1899_1708943131.xes,0.6,na,['sudden'],1,1,1,0,sudden,[1356],[1340],2688,0.1,268,1,0,1
8266,log_1899_1708943131.xes,0.6,na,['sudden'],1,1,1,0,gradual_start,[],[],2688,0.1,268,0,0,0
8267,log_1899_1708943131.xes,0.6,na,['sudden'],1,1,1,0,gradual_end,[],[],2688,0.1,268,0,0,0
8268,log_1784_1708943130.xes,0.3,na,"['gradual', 'sudden']",2,3,1,1,no_drift,[],[],5014,0.1,501,0,0,0
8269,log_1784_1708943130.xes,0.3,na,"['gradual', 'sudden']",2,3,1,1,sudden,[3267],[3226],5014,0.1,501,1,0,1
8270,log_1784_1708943130.xes,0.3,na,"['gradual', 'sudden']",2,3,1,1,gradual_start,[1067],[1051],5014,0.1,501,1,0,1
8271,log_1784_1708943130.xes,0.3,na,"['gradual', 'sudden']",2,3,1,1,gradual_end,[1600],[1601],5014,0.1,501,1,0,1
8272,log_2105_1708943134.xes,0.0,na,['gradual'],1,2,0,1,no_drift,[],[],3358,0.1,335,0,0,0
8273,log_2105_1708943134.xes,0.0,na,['gradual'],1,2,0,1,sudden,[],[],3358,0.1,335,0,0,0
8274,log_2105_1708943134.xes,0.0,na,['gradual'],1,2,0,1,gradual_start,[1361],[1377],3358,0.1,335,1,0,1
8275,log_2105_1708943134.xes,0.0,na,['gradual'],1,2,0,1,gradual_end,[1881],[1841],3358,0.1,335,1,0,1
8276,log_1997_1708943134.xes,0.0,na,['sudden'],1,1,1,0,no_drift,[],[],2456,0.1,245,0,0,0
8277,log_1997_1708943134.xes,0.0,na,['sudden'],1,1,1,0,sudden,[1401],[1369],2456,0.1,245,1,0,1
8278,log_1997_1708943134.xes,0.0,na,['sudden'],1,1,1,0,gradual_start,[],[],2456,0.1,245,0,0,0
8279,log_1997_1708943134.xes,0.0,na,['sudden'],1,1,1,0,gradual_end,[],[],2456,0.1,245,0,0,0
8280,log_1996_1708943131.xes,0.3,na,['gradual'],1,2,0,1,no_drift,[],[],3446,0.1,344,0,0,0
8281,log_1996_1708943131.xes,0.3,na,['gradual'],1,2,0,1,sudden,[],[],3446,0.1,344,0,0,0
8282,log_1996_1708943131.xes,0.3,na,['gradual'],1,2,0,1,gradual_start,[1439],[1378],3446,0.1,344,1,0,1
8283,log_1996_1708943131.xes,0.3,na,['gradual'],1,2,0,1,gradual_end,[1944],[1990],3446,0.1,344,1,0,1
8284,log_2513_1708943125.xes,0.3,na,"['gradual', 'sudden']",2,3,1,1,no_drift,[],[],4025,0.1,402,0,0,0
8285,log_2513_1708943125.xes,0.3,na,"['gradual', 'sudden']",2,3,1,1,sudden,[2959],[2941],4025,0.1,402,1,0,1
8286,log_2513_1708943125.xes,0.3,na,"['gradual', 'sudden']",2,3,1,1,gradual_start,[1163],[1181],4025,0.1,402,1,0,1
8287,log_2513_1708943125.xes,0.3,na,"['gradual', 'sudden']",2,3,1,1,gradual_end,[1701],[1661],4025,0.1,402,1,0,1
8288,log_2476_1708943131.xes,0.3,na,"['gradual', 'sudden']",2,3,1,1,no_drift,[],[],5726,0.1,572,0,0,0
8289,log_2476_1708943131.xes,0.3,na,"['gradual', 'sudden']",2,3,1,1,sudden,[4064],[4005],5726,0.1,572,1,0,1
8290,log_2476_1708943131.xes,0.3,na,"['gradual', 'sudden']",2,3,1,1,gradual_start,[1925],[],5726,0.1,572,0,0,1
8291,log_2476_1708943131.xes,0.3,na,"['gradual', 'sudden']",2,3,1,1,gradual_end,[2264],[],5726,0.1,572,0,0,1
8292,log_2326_1708943126.xes,0.3,na,"['gradual', 'gradual', 'sudden']",3,5,1,2,no_drift,[],[],6630,0.1,663,0,0,0
8293,log_2326_1708943126.xes,0.3,na,"['gradual', 'gradual', 'sudden']",3,5,1,2,sudden,[4982],[4951],6630,0.1,663,1,0,1
8294,log_2326_1708943126.xes,0.3,na,"['gradual', 'gradual', 'sudden']",3,5,1,2,gradual_start,"[1422, 3237]",[],6630,0.1,663,0,0,2
8295,log_2326_1708943126.xes,0.3,na,"['gradual', 'gradual', 'sudden']",3,5,1,2,gradual_end,"[1827, 3821]",[],6630,0.1,663,0,0,2
8296,log_2068_1708943131.xes,0.6,na,"['gradual', 'gradual']",2,4,0,2,no_drift,[],[],5677,0.1,567,0,0,0
8297,log_2068_1708943131.xes,0.6,na,"['gradual', 'gradual']",2,4,0,2,sudden,[],[],5677,0.1,567,0,0,0
8298,log_2068_1708943131.xes,0.6,na,"['gradual', 'gradual']",2,4,0,2,gradual_start,"[1459, 3514]",[1373],5677,0.1,567,1,0,2
8299,log_2068_1708943131.xes,0.6,na,"['gradual', 'gradual']",2,4,0,2,gradual_end,"[1898, 3815]",[1905],5677,0.1,567,1,0,2
8300,log_2586_1708943131.xes,0.3,na,"['sudden', 'gradual', 'sudden']",3,4,2,1,no_drift,[],[],6258,0.1,625,0,0,0
8301,log_2586_1708943131.xes,0.3,na,"['sudden', 'gradual', 'sudden']",3,4,2,1,sudden,"[1232, 4547]",[1179],6258,0.1,625,1,0,2
8302,log_2586_1708943131.xes,0.3,na,"['sudden', 'gradual', 'sudden']",3,4,2,1,gradual_start,[3048],[3039],6258,0.1,625,1,0,1
8303,log_2586_1708943131.xes,0.3,na,"['sudden', 'gradual', 'sudden']",3,4,2,1,gradual_end,[3407],[3380],6258,0.1,625,1,0,1
8304,log_2623_1708943132.xes,0.3,na,"['gradual', 'sudden']",2,3,1,1,no_drift,[],[],4406,0.1,440,0,0,0
8305,log_2623_1708943132.xes,0.3,na,"['gradual', 'sudden']",2,3,1,1,sudden,[3269],[3257],4406,0.1,440,1,0,1
8306,log_2623_1708943132.xes,0.3,na,"['gradual', 'sudden']",2,3,1,1,gradual_start,[1741],[1717],4406,0.1,440,1,0,1
8307,log_2623_1708943132.xes,0.3,na,"['gradual', 'sudden']",2,3,1,1,gradual_end,[2209],[2223],4406,0.1,440,1,0,1
8308,log_1919_1708943127.xes,0.0,na,"['sudden', 'gradual', 'sudden']",3,4,2,1,no_drift,[],[],6156,0.1,615,0,0,0
8309,log_1919_1708943127.xes,0.0,na,"['sudden', 'gradual', 'sudden']",3,4,2,1,sudden,"[1333, 4556]","[1321, 4531]",6156,0.1,615,2,0,2
8310,log_1919_1708943127.xes,0.0,na,"['sudden', 'gradual', 'sudden']",3,4,2,1,gradual_start,[2407],[],6156,0.1,615,0,0,1
8311,log_1919_1708943127.xes,0.0,na,"['sudden', 'gradual', 'sudden']",3,4,2,1,gradual_end,[2842],[],6156,0.1,615,0,0,1
8312,log_2436_1708943128.xes,0.3,na,"['sudden', 'gradual']",2,3,1,1,no_drift,[],[],5825,0.1,582,0,0,0
8313,log_2436_1708943128.xes,0.3,na,"['sudden', 'gradual']",2,3,1,1,sudden,[1671],[1625],5825,0.1,582,1,0,1
8314,log_2436_1708943128.xes,0.3,na,"['sudden', 'gradual']",2,3,1,1,gradual_start,[3451],[3423],5825,0.1,582,1,0,1
8315,log_2436_1708943128.xes,0.3,na,"['sudden', 'gradual']",2,3,1,1,gradual_end,[3981],[4003],5825,0.1,582,1,0,1
8316,log_2367_1708943133.xes,0.0,na,"['gradual', 'sudden', 'sudden']",3,4,2,1,no_drift,[],[],6631,0.1,663,0,0,0
8317,log_2367_1708943133.xes,0.0,na,"['gradual', 'sudden', 'sudden']",3,4,2,1,sudden,"[3439, 4903]","[4885, 3433]",6631,0.1,663,2,0,2
8318,log_2367_1708943133.xes,0.0,na,"['gradual', 'sudden', 'sudden']",3,4,2,1,gradual_start,[1618],[],6631,0.1,663,0,0,1
8319,log_2367_1708943133.xes,0.0,na,"['gradual', 'sudden', 'sudden']",3,4,2,1,gradual_end,[2037],[],6631,0.1,663,0,0,1
8320,log_2437_1708943137.xes,0.3,na,['sudden'],1,1,1,0,no_drift,[],[0],2799,0.1,279,0,1,0
8321,log_2437_1708943137.xes,0.3,na,['sudden'],1,1,1,0,sudden,[1465],[],2799,0.1,279,0,0,1
8322,log_2437_1708943137.xes,0.3,na,['sudden'],1,1,1,0,gradual_start,[],[],2799,0.1,279,0,0,0
8323,log_2437_1708943137.xes,0.3,na,['sudden'],1,1,1,0,gradual_end,[],[],2799,0.1,279,0,0,0
8324,log_2400_1708943124.xes,0.3,na,"['sudden', 'sudden', 'gradual']",3,4,2,1,no_drift,[],[],6102,0.1,610,0,0,0
8325,log_2400_1708943124.xes,0.3,na,"['sudden', 'sudden', 'gradual']",3,4,2,1,sudden,"[1632, 2740]","[2701, 1621]",6102,0.1,610,2,0,2
8326,log_2400_1708943124.xes,0.3,na,"['sudden', 'sudden', 'gradual']",3,4,2,1,gradual_start,[4288],[],6102,0.1,610,0,0,1
8327,log_2400_1708943124.xes,0.3,na,"['sudden', 'sudden', 'gradual']",3,4,2,1,gradual_end,[4629],[],6102,0.1,610,0,0,1
8328,log_1670_1708943132.xes,0.6,na,['sudden'],1,1,1,0,no_drift,[],[0],3239,0.1,323,0,1,0
8329,log_1670_1708943132.xes,0.6,na,['sudden'],1,1,1,0,sudden,[1781],[],3239,0.1,323,0,0,1
8330,log_1670_1708943132.xes,0.6,na,['sudden'],1,1,1,0,gradual_start,[],[],3239,0.1,323,0,0,0
8331,log_1670_1708943132.xes,0.6,na,['sudden'],1,1,1,0,gradual_end,[],[],3239,0.1,323,0,0,0
8332,log_2106_1708943134.xes,0.0,na,"['gradual', 'sudden']",2,3,1,1,no_drift,[],[],4619,0.1,461,0,0,0
8333,log_2106_1708943134.xes,0.0,na,"['gradual', 'sudden']",2,3,1,1,sudden,[3379],[3359],4619,0.1,461,1,0,1
8334,log_2106_1708943134.xes,0.0,na,"['gradual', 'sudden']",2,3,1,1,gradual_start,[1686],[1634],4619,0.1,461,1,0,1
8335,log_2106_1708943134.xes,0.0,na,"['gradual', 'sudden']",2,3,1,1,gradual_end,[2081],[2071],4619,0.1,461,1,0,1
8336,log_2212_1708943132.xes,0.0,na,['gradual'],1,2,0,1,no_drift,[],[],3661,0.1,366,0,0,0
8337,log_2212_1708943132.xes,0.0,na,['gradual'],1,2,0,1,sudden,[],[],3661,0.1,366,0,0,0
8338,log_2212_1708943132.xes,0.0,na,['gradual'],1,2,0,1,gradual_start,[1431],[1423],3661,0.1,366,1,0,1
8339,log_2212_1708943132.xes,0.0,na,['gradual'],1,2,0,1,gradual_end,[1823],[1801],3661,0.1,366,1,0,1
8340,log_2550_1708943132.xes,0.6,na,"['gradual', 'sudden']",2,3,1,1,no_drift,[],[0],4177,0.1,417,0,1,0
8341,log_2550_1708943132.xes,0.6,na,"['gradual', 'sudden']",2,3,1,1,sudden,[2881],[],4177,0.1,417,0,0,1
8342,log_2550_1708943132.xes,0.6,na,"['gradual', 'sudden']",2,3,1,1,gradual_start,[1334],[],4177,0.1,417,0,0,1
8343,log_2550_1708943132.xes,0.6,na,"['gradual', 'sudden']",2,3,1,1,gradual_end,[1662],[],4177,0.1,417,0,0,1
8344,log_1900_1708943134.xes,0.0,na,"['sudden', 'sudden']",2,2,2,0,no_drift,[],[],4413,0.1,441,0,0,0
8345,log_1900_1708943134.xes,0.0,na,"['sudden', 'sudden']",2,2,2,0,sudden,"[1443, 3099]","[3081, 1431]",4413,0.1,441,2,0,2
8346,log_1900_1708943134.xes,0.0,na,"['sudden', 'sudden']",2,2,2,0,gradual_start,[],[],4413,0.1,441,0,0,0
8347,log_1900_1708943134.xes,0.0,na,"['sudden', 'sudden']",2,2,2,0,gradual_end,[],[],4413,0.1,441,0,0,0
8348,log_2624_1708943136.xes,0.3,na,['gradual'],1,2,0,1,no_drift,[],[],3441,0.1,344,0,0,0
8349,log_2624_1708943136.xes,0.3,na,['gradual'],1,2,0,1,sudden,[],[],3441,0.1,344,0,0,0
8350,log_2624_1708943136.xes,0.3,na,['gradual'],1,2,0,1,gradual_start,[1808],[1820],3441,0.1,344,1,0,1
8351,log_2624_1708943136.xes,0.3,na,['gradual'],1,2,0,1,gradual_end,[2394],[2381],3441,0.1,344,1,0,1
8352,log_1634_1708943132.xes,0.6,na,"['gradual', 'gradual', 'sudden']",3,5,1,2,no_drift,[],[],6662,0.1,666,0,0,0
8353,log_1634_1708943132.xes,0.6,na,"['gradual', 'gradual', 'sudden']",3,5,1,2,sudden,[4711],[4687],6662,0.1,666,1,0,1
8354,log_1634_1708943132.xes,0.6,na,"['gradual', 'gradual', 'sudden']",3,5,1,2,gradual_start,"[1402, 2984]",[1387],6662,0.1,666,1,0,2
8355,log_1634_1708943132.xes,0.6,na,"['gradual', 'gradual', 'sudden']",3,5,1,2,gradual_end,"[1768, 3432]",[1750],6662,0.1,666,1,0,2
8356,log_1955_1708943139.xes,0.3,na,[],0,0,0,0,no_drift,[0],[0],1177,0.1,117,1,0,1
8357,log_1955_1708943139.xes,0.3,na,[],0,0,0,0,sudden,[],[],1177,0.1,117,0,0,0
8358,log_1955_1708943139.xes,0.3,na,[],0,0,0,0,gradual_start,[],[],1177,0.1,117,0,0,0
8359,log_1955_1708943139.xes,0.3,na,[],0,0,0,0,gradual_end,[],[],1177,0.1,117,0,0,0
8360,log_2514_1708943133.xes,0.0,na,"['sudden', 'sudden', 'gradual']",3,4,2,1,no_drift,[],[],5856,0.1,585,0,0,0
8361,log_2514_1708943133.xes,0.0,na,"['sudden', 'sudden', 'gradual']",3,4,2,1,sudden,"[1243, 2518]","[2524, 1248]",5856,0.1,585,2,0,2
8362,log_2514_1708943133.xes,0.0,na,"['sudden', 'sudden', 'gradual']",3,4,2,1,gradual_start,[3789],[3771],5856,0.1,585,1,0,1
8363,log_2514_1708943133.xes,0.0,na,"['sudden', 'sudden', 'gradual']",3,4,2,1,gradual_end,[4183],[4148],5856,0.1,585,1,0,1
8364,log_1998_1708943135.xes,0.3,na,"['sudden', 'gradual']",2,3,1,1,no_drift,[],[],4057,0.1,405,0,0,0
8365,log_1998_1708943135.xes,0.3,na,"['sudden', 'gradual']",2,3,1,1,sudden,[1314],[1301],4057,0.1,405,1,0,1
8366,log_1998_1708943135.xes,0.3,na,"['sudden', 'gradual']",2,3,1,1,gradual_start,[2393],[],4057,0.1,405,0,0,1
8367,log_1998_1708943135.xes,0.3,na,"['sudden', 'gradual']",2,3,1,1,gradual_end,[2740],[],4057,0.1,405,0,0,1
8368,log_2288_1708943131.xes,0.0,na,"['gradual', 'gradual', 'gradual']",3,6,0,3,no_drift,[],[],7636,0.1,763,0,0,0
8369,log_2288_1708943131.xes,0.0,na,"['gradual', 'gradual', 'gradual']",3,6,0,3,sudden,[],[],7636,0.1,763,0,0,0
8370,log_2288_1708943131.xes,0.0,na,"['gradual', 'gradual', 'gradual']",3,6,0,3,gradual_start,"[1589, 3691, 5349]","[1559, 5321, 3649]",7636,0.1,763,3,0,3
8371,log_2288_1708943131.xes,0.0,na,"['gradual', 'gradual', 'gradual']",3,6,0,3,gradual_end,"[2042, 4180, 5800]","[2015, 5777, 4143]",7636,0.1,763,3,0,3
8372,log_2779_1708943160.xes,0.0,na,[],0,0,0,0,no_drift,[0],[0],1808,0.1,180,1,0,1
8373,log_2779_1708943160.xes,0.0,na,[],0,0,0,0,sudden,[],[],1808,0.1,180,0,0,0
8374,log_2779_1708943160.xes,0.0,na,[],0,0,0,0,gradual_start,[],[],1808,0.1,180,0,0,0
8375,log_2779_1708943160.xes,0.0,na,[],0,0,0,0,gradual_end,[],[],1808,0.1,180,0,0,0
8376,log_2219_1708943158.xes,0.0,na,[],0,0,0,0,no_drift,[0],[0],5277,0.1,527,1,0,1
8377,log_2219_1708943158.xes,0.0,na,[],0,0,0,0,sudden,[],[],5277,0.1,527,0,0,0
8378,log_2219_1708943158.xes,0.0,na,[],0,0,0,0,gradual_start,[],[],5277,0.1,527,0,0,0
8379,log_2219_1708943158.xes,0.0,na,[],0,0,0,0,gradual_end,[],[],5277,0.1,527,0,0,0
8380,log_1920_1708943135.xes,0.0,na,"['sudden', 'gradual']",2,3,1,1,no_drift,[],[],5809,0.1,580,0,0,0
8381,log_1920_1708943135.xes,0.0,na,"['sudden', 'gradual']",2,3,1,1,sudden,[1501],[1480],5809,0.1,580,1,0,1
8382,log_1920_1708943135.xes,0.0,na,"['sudden', 'gradual']",2,3,1,1,gradual_start,[3485],[],5809,0.1,580,0,0,1
8383,log_1920_1708943135.xes,0.0,na,"['sudden', 'gradual']",2,3,1,1,gradual_end,[3828],[],5809,0.1,580,0,0,1
8384,log_1785_1708943136.xes,0.0,na,[],0,0,0,0,no_drift,[0],[0],4431,0.1,443,1,0,1
8385,log_1785_1708943136.xes,0.0,na,[],0,0,0,0,sudden,[],[],4431,0.1,443,0,0,0
8386,log_1785_1708943136.xes,0.0,na,[],0,0,0,0,gradual_start,[],[],4431,0.1,443,0,0,0
8387,log_1785_1708943136.xes,0.0,na,[],0,0,0,0,gradual_end,[],[],4431,0.1,443,0,0,0
8388,log_2076_1708943159.xes,0.0,na,[],0,0,0,0,no_drift,[0],[0],1236,0.1,123,1,0,1
8389,log_2076_1708943159.xes,0.0,na,[],0,0,0,0,sudden,[],[],1236,0.1,123,0,0,0
8390,log_2076_1708943159.xes,0.0,na,[],0,0,0,0,gradual_start,[],[],1236,0.1,123,0,0,0
8391,log_2076_1708943159.xes,0.0,na,[],0,0,0,0,gradual_end,[],[],1236,0.1,123,0,0,0
8392,log_2587_1708943137.xes,0.6,na,['gradual'],1,2,0,1,no_drift,[],[],4054,0.1,405,0,0,0
8393,log_2587_1708943137.xes,0.6,na,['gradual'],1,2,0,1,sudden,[],[],4054,0.1,405,0,0,0
8394,log_2587_1708943137.xes,0.6,na,['gradual'],1,2,0,1,gradual_start,[1621],[1621],4054,0.1,405,1,0,1
8395,log_2587_1708943137.xes,0.6,na,['gradual'],1,2,0,1,gradual_end,[2111],[2101],4054,0.1,405,1,0,1
8396,log_1594_1708943133.xes,0.0,na,[],0,0,0,0,no_drift,[0],[0],6704,0.1,670,1,0,1
8397,log_1594_1708943133.xes,0.0,na,[],0,0,0,0,sudden,[],[],6704,0.1,670,0,0,0
8398,log_1594_1708943133.xes,0.0,na,[],0,0,0,0,gradual_start,[],[],6704,0.1,670,0,0,0
8399,log_1594_1708943133.xes,0.0,na,[],0,0,0,0,gradual_end,[],[],6704,0.1,670,0,0,0
8400,log_1925_1708943160.xes,0.3,na,['sudden'],1,1,1,0,no_drift,[],[],2737,0.1,273,0,0,0
8401,log_1925_1708943160.xes,0.3,na,['sudden'],1,1,1,0,sudden,[1462],[1444],2737,0.1,273,1,0,1
8402,log_1925_1708943160.xes,0.3,na,['sudden'],1,1,1,0,gradual_start,[],[],2737,0.1,273,0,0,0
8403,log_1925_1708943160.xes,0.3,na,['sudden'],1,1,1,0,gradual_end,[],[],2737,0.1,273,0,0,0
8404,log_1954_1708943118.xes,0.6,na,"['gradual', 'gradual']",2,4,0,2,no_drift,[],[],5148,0.1,514,0,0,0
8405,log_1954_1708943118.xes,0.6,na,"['gradual', 'gradual']",2,4,0,2,sudden,[],[],5148,0.1,514,0,0,0
8406,log_1954_1708943118.xes,0.6,na,"['gradual', 'gradual']",2,4,0,2,gradual_start,"[1513, 2903]",[1476],5148,0.1,514,1,0,2
8407,log_1954_1708943118.xes,0.6,na,"['gradual', 'gradual']",2,4,0,2,gradual_end,"[1875, 3323]",[1901],5148,0.1,514,1,0,2
8408,log_2175_1708943132.xes,0.0,na,"['sudden', 'gradual', 'sudden']",3,4,2,1,no_drift,[],[],5681,0.1,568,0,0,0
8409,log_2175_1708943132.xes,0.0,na,"['sudden', 'gradual', 'sudden']",3,4,2,1,sudden,"[1558, 4521]",[4481],5681,0.1,568,1,0,2
8410,log_2175_1708943132.xes,0.0,na,"['sudden', 'gradual', 'sudden']",3,4,2,1,gradual_start,[3002],[2997],5681,0.1,568,1,0,1
8411,log_2175_1708943132.xes,0.0,na,"['sudden', 'gradual', 'sudden']",3,4,2,1,gradual_end,[3314],[3333],5681,0.1,568,1,0,1
8412,log_2253_1708943133.xes,0.0,na,"['sudden', 'sudden', 'sudden']",3,3,3,0,no_drift,[],[],6547,0.1,654,0,0,0
8413,log_2253_1708943133.xes,0.0,na,"['sudden', 'sudden', 'sudden']",3,3,3,0,sudden,"[1906, 2981, 4660]","[4609, 1889, 2945]",6547,0.1,654,3,0,3
8414,log_2253_1708943133.xes,0.0,na,"['sudden', 'sudden', 'sudden']",3,3,3,0,gradual_start,[],[],6547,0.1,654,0,0,0
8415,log_2253_1708943133.xes,0.0,na,"['sudden', 'sudden', 'sudden']",3,3,3,0,gradual_end,[],[],6547,0.1,654,0,0,0
8416,log_2107_1708943137.xes,0.3,na,['gradual'],1,2,0,1,no_drift,[],[],3651,0.1,365,0,0,0
8417,log_2107_1708943137.xes,0.3,na,['gradual'],1,2,0,1,sudden,[],[],3651,0.1,365,0,0,0
8418,log_2107_1708943137.xes,0.3,na,['gradual'],1,2,0,1,gradual_start,[1958],[1999],3651,0.1,365,1,0,1
8419,log_2107_1708943137.xes,0.3,na,['gradual'],1,2,0,1,gradual_end,[2483],[2377],3651,0.1,365,1,0,1
8420,log_2137_1708943132.xes,0.0,na,"['sudden', 'gradual', 'sudden']",3,4,2,1,no_drift,[],[],7157,0.1,715,0,0,0
8421,log_2137_1708943132.xes,0.0,na,"['sudden', 'gradual', 'sudden']",3,4,2,1,sudden,"[1638, 5288]","[5286, 1576]",7157,0.1,715,2,0,2
8422,log_2137_1708943132.xes,0.0,na,"['sudden', 'gradual', 'sudden']",3,4,2,1,gradual_start,[3227],[],7157,0.1,715,0,0,1
8423,log_2137_1708943132.xes,0.0,na,"['sudden', 'gradual', 'sudden']",3,4,2,1,gradual_end,[3794],[],7157,0.1,715,0,0,1
8424,log_2368_1708943136.xes,0.0,na,"['sudden', 'gradual', 'gradual']",3,5,1,2,no_drift,[],[],7180,0.1,718,0,0,0
8425,log_2368_1708943136.xes,0.0,na,"['sudden', 'gradual', 'gradual']",3,5,1,2,sudden,[1142],[1121],7180,0.1,718,1,0,1
8426,log_2368_1708943136.xes,0.0,na,"['sudden', 'gradual', 'gradual']",3,5,1,2,gradual_start,"[2615, 4858]",[4831],7180,0.1,718,1,0,2
8427,log_2368_1708943136.xes,0.0,na,"['sudden', 'gradual', 'gradual']",3,5,1,2,gradual_end,"[3189, 5280]",[5251],7180,0.1,718,1,0,2
8428,log_2078_1708943162.xes,0.0,na,[],0,0,0,0,no_drift,[0],[0],1997,0.1,199,1,0,1
8429,log_2078_1708943162.xes,0.0,na,[],0,0,0,0,sudden,[],[],1997,0.1,199,0,0,0
8430,log_2078_1708943162.xes,0.0,na,[],0,0,0,0,gradual_start,[],[],1997,0.1,199,0,0,0
8431,log_2078_1708943162.xes,0.0,na,[],0,0,0,0,gradual_end,[],[],1997,0.1,199,0,0,0
8432,log_2555_1708943156.xes,0.6,na,"['gradual', 'sudden', 'sudden']",3,4,2,1,no_drift,[],[],6269,0.1,626,0,0,0
8433,log_2555_1708943156.xes,0.6,na,"['gradual', 'sudden', 'sudden']",3,4,2,1,sudden,"[3271, 4600]","[4558, 3256]",6269,0.1,626,2,0,2
8434,log_2555_1708943156.xes,0.6,na,"['gradual', 'sudden', 'sudden']",3,4,2,1,gradual_start,[1755],[],6269,0.1,626,0,0,1
8435,log_2555_1708943156.xes,0.6,na,"['gradual', 'sudden', 'sudden']",3,4,2,1,gradual_end,[2146],[],6269,0.1,626,0,0,1
8436,log_1961_1708943153.xes,0.3,na,"['gradual', 'sudden', 'gradual']",3,5,1,2,no_drift,[],[],7186,0.1,718,0,0,0
8437,log_1961_1708943153.xes,0.3,na,"['gradual', 'sudden', 'gradual']",3,5,1,2,sudden,[3231],[3221],7186,0.1,718,1,0,1
8438,log_1961_1708943153.xes,0.3,na,"['gradual', 'sudden', 'gradual']",3,5,1,2,gradual_start,"[1321, 5117]",[5111],7186,0.1,718,1,0,2
8439,log_1961_1708943153.xes,0.3,na,"['gradual', 'sudden', 'gradual']",3,5,1,2,gradual_end,"[1804, 5513]",[5566],7186,0.1,718,1,0,2
8440,log_2441_1708943154.xes,0.0,na,"['gradual', 'gradual', 'gradual']",3,6,0,3,no_drift,[],[],7777,0.1,777,0,0,0
8441,log_2441_1708943154.xes,0.0,na,"['gradual', 'gradual', 'gradual']",3,6,0,3,sudden,[],[],7777,0.1,777,0,0,0
8442,log_2441_1708943154.xes,0.0,na,"['gradual', 'gradual', 'gradual']",3,6,0,3,gradual_start,"[1391, 3403, 5660]","[5663, 1369]",7777,0.1,777,2,0,3
8443,log_2441_1708943154.xes,0.0,na,"['gradual', 'gradual', 'gradual']",3,6,0,3,gradual_end,"[1728, 3773, 6220]","[6195, 1711]",7777,0.1,777,2,0,3
8444,log_2408_1708943160.xes,0.0,na,[],0,0,0,0,no_drift,[0],[0],3267,0.1,326,1,0,1
8445,log_2408_1708943160.xes,0.0,na,[],0,0,0,0,sudden,[],[],3267,0.1,326,0,0,0
8446,log_2408_1708943160.xes,0.0,na,[],0,0,0,0,gradual_start,[],[],3267,0.1,326,0,0,0
8447,log_2408_1708943160.xes,0.0,na,[],0,0,0,0,gradual_end,[],[],3267,0.1,326,0,0,0
8448,log_2666_1708943162.xes,0.6,na,['gradual'],1,2,0,1,no_drift,[],[],3526,0.1,352,0,0,0
8449,log_2666_1708943162.xes,0.6,na,['gradual'],1,2,0,1,sudden,[],[],3526,0.1,352,0,0,0
8450,log_2666_1708943162.xes,0.6,na,['gradual'],1,2,0,1,gradual_start,[1720],[1701],3526,0.1,352,1,0,1
8451,log_2666_1708943162.xes,0.6,na,['gradual'],1,2,0,1,gradual_end,[2258],[2194],3526,0.1,352,1,0,1
8452,log_2077_1708943159.xes,0.0,na,"['sudden', 'gradual']",2,3,1,1,no_drift,[],[],4288,0.1,428,0,0,0
8453,log_2077_1708943159.xes,0.0,na,"['sudden', 'gradual']",2,3,1,1,sudden,[1673],[1639],4288,0.1,428,1,0,1
8454,log_2077_1708943159.xes,0.0,na,"['sudden', 'gradual']",2,3,1,1,gradual_start,[2703],[],4288,0.1,428,0,0,1
8455,log_2077_1708943159.xes,0.0,na,"['sudden', 'gradual']",2,3,1,1,gradual_end,[3012],[],4288,0.1,428,0,0,1
8456,log_2036_1708943157.xes,0.6,na,"['gradual', 'gradual', 'sudden']",3,5,1,2,no_drift,[],[],6045,0.1,604,0,0,0
8457,log_2036_1708943157.xes,0.6,na,"['gradual', 'gradual', 'sudden']",3,5,1,2,sudden,[4609],[4591],6045,0.1,604,1,0,1
8458,log_2036_1708943157.xes,0.6,na,"['gradual', 'gradual', 'sudden']",3,5,1,2,gradual_start,"[1385, 3019]",[],6045,0.1,604,0,0,2
8459,log_2036_1708943157.xes,0.6,na,"['gradual', 'gradual', 'sudden']",3,5,1,2,gradual_end,"[1834, 3349]",[],6045,0.1,604,0,0,2
8460,log_2037_1708943162.xes,0.0,na,[],0,0,0,0,no_drift,[0],[0],4089,0.1,408,1,0,1
8461,log_2037_1708943162.xes,0.0,na,[],0,0,0,0,sudden,[],[],4089,0.1,408,0,0,0
8462,log_2037_1708943162.xes,0.0,na,[],0,0,0,0,gradual_start,[],[],4089,0.1,408,0,0,0
8463,log_2037_1708943162.xes,0.0,na,[],0,0,0,0,gradual_end,[],[],4089,0.1,408,0,0,0
8464,log_2665_1708943154.xes,0.3,na,"['gradual', 'sudden', 'gradual']",3,5,1,2,no_drift,[],[],7432,0.1,743,0,0,0
8465,log_2665_1708943154.xes,0.3,na,"['gradual', 'sudden', 'gradual']",3,5,1,2,sudden,[3335],[3331],7432,0.1,743,1,0,1
8466,log_2665_1708943154.xes,0.3,na,"['gradual', 'sudden', 'gradual']",3,5,1,2,gradual_start,"[1608, 5066]",[1555],7432,0.1,743,1,0,2
8467,log_2665_1708943154.xes,0.3,na,"['gradual', 'sudden', 'gradual']",3,5,1,2,gradual_end,"[2141, 5665]",[2110],7432,0.1,743,1,0,2
8468,log_2703_1708943159.xes,0.0,na,['gradual'],1,2,0,1,no_drift,[],[],3300,0.1,330,0,0,0
8469,log_2703_1708943159.xes,0.0,na,['gradual'],1,2,0,1,sudden,[],[],3300,0.1,330,0,0,0
8470,log_2703_1708943159.xes,0.0,na,['gradual'],1,2,0,1,gradual_start,[1837],[1841],3300,0.1,330,1,0,1
8471,log_2703_1708943159.xes,0.0,na,['gradual'],1,2,0,1,gradual_end,[2235],[2225],3300,0.1,330,1,0,1
8472,log_2372_1708943151.xes,0.6,na,"['gradual', 'gradual']",2,4,0,2,no_drift,[],[0],6181,0.1,618,0,1,0
8473,log_2372_1708943151.xes,0.6,na,"['gradual', 'gradual']",2,4,0,2,sudden,[],[],6181,0.1,618,0,0,0
8474,log_2372_1708943151.xes,0.6,na,"['gradual', 'gradual']",2,4,0,2,gradual_start,"[1940, 4323]",[],6181,0.1,618,0,0,2
8475,log_2372_1708943151.xes,0.6,na,"['gradual', 'gradual']",2,4,0,2,gradual_end,"[2393, 4782]",[],6181,0.1,618,0,0,2
8476,log_2220_1708943160.xes,0.0,na,"['gradual', 'sudden', 'gradual']",3,5,1,2,no_drift,[],[],5666,0.1,566,0,0,0
8477,log_2220_1708943160.xes,0.0,na,"['gradual', 'sudden', 'gradual']",3,5,1,2,sudden,[2700],[2689],5666,0.1,566,1,0,1
8478,log_2220_1708943160.xes,0.0,na,"['gradual', 'sudden', 'gradual']",3,5,1,2,gradual_start,"[1055, 3944]",[3921],5666,0.1,566,1,0,2
8479,log_2220_1708943160.xes,0.0,na,"['gradual', 'sudden', 'gradual']",3,5,1,2,gradual_end,"[1492, 4363]",[4369],5666,0.1,566,1,0,2
8480,log_2292_1708943154.xes,0.0,na,"['sudden', 'gradual', 'gradual']",3,5,1,2,no_drift,[],[],6644,0.1,664,0,0,0
8481,log_2292_1708943154.xes,0.0,na,"['sudden', 'gradual', 'gradual']",3,5,1,2,sudden,[1389],[],6644,0.1,664,0,0,1
8482,log_2292_1708943154.xes,0.0,na,"['sudden', 'gradual', 'gradual']",3,5,1,2,gradual_start,"[2416, 4701]","[4687, 2443]",6644,0.1,664,2,0,2
8483,log_2292_1708943154.xes,0.0,na,"['sudden', 'gradual', 'gradual']",3,5,1,2,gradual_end,"[2753, 5023]","[5050, 2773]",6644,0.1,664,2,0,2
8484,log_2593_1708943159.xes,0.0,na,"['gradual', 'sudden']",2,3,1,1,no_drift,[],[],5292,0.1,529,0,0,0
8485,log_2593_1708943159.xes,0.0,na,"['gradual', 'sudden']",2,3,1,1,sudden,[3670],[3641],5292,0.1,529,1,0,1
8486,log_2593_1708943159.xes,0.0,na,"['gradual', 'sudden']",2,3,1,1,gradual_start,[1430],[1405],5292,0.1,529,1,0,1
8487,log_2593_1708943159.xes,0.0,na,"['gradual', 'sudden']",2,3,1,1,gradual_end,[1987],[1977],5292,0.1,529,1,0,1
8488,log_2179_1708943162.xes,0.0,na,"['sudden', 'sudden']",2,2,2,0,no_drift,[],[],4207,0.1,420,0,0,0
8489,log_2179_1708943162.xes,0.0,na,"['sudden', 'sudden']",2,2,2,0,sudden,"[1810, 3003]","[1765, 2983]",4207,0.1,420,2,0,2
8490,log_2179_1708943162.xes,0.0,na,"['sudden', 'sudden']",2,2,2,0,gradual_start,[],[],4207,0.1,420,0,0,0
8491,log_2179_1708943162.xes,0.0,na,"['sudden', 'sudden']",2,2,2,0,gradual_end,[],[],4207,0.1,420,0,0,0
8492,log_2257_1708943156.xes,0.0,na,"['gradual', 'gradual']",2,4,0,2,no_drift,[],[],5909,0.1,590,0,0,0
8493,log_2257_1708943156.xes,0.0,na,"['gradual', 'gradual']",2,4,0,2,sudden,[],[],5909,0.1,590,0,0,0
8494,log_2257_1708943156.xes,0.0,na,"['gradual', 'gradual']",2,4,0,2,gradual_start,"[1497, 3891]",[1480],5909,0.1,590,1,0,2
8495,log_2257_1708943156.xes,0.0,na,"['gradual', 'gradual']",2,4,0,2,gradual_end,"[2088, 4320]",[2089],5909,0.1,590,1,0,2
8496,log_2373_1708943163.xes,0.3,na,[],0,0,0,0,no_drift,[0],[0],3288,0.1,328,1,0,1
8497,log_2373_1708943163.xes,0.3,na,[],0,0,0,0,sudden,[],[],3288,0.1,328,0,0,0
8498,log_2373_1708943163.xes,0.3,na,[],0,0,0,0,gradual_start,[],[],3288,0.1,328,0,0,0
8499,log_2373_1708943163.xes,0.3,na,[],0,0,0,0,gradual_end,[],[],3288,0.1,328,0,0,0
8500,log_2816_1708943164.xes,0.0,na,"['gradual', 'sudden']",2,3,1,1,no_drift,[],[],4479,0.1,447,0,0,0
8501,log_2816_1708943164.xes,0.0,na,"['gradual', 'sudden']",2,3,1,1,sudden,[3376],[3367],4479,0.1,447,1,0,1
8502,log_2816_1708943164.xes,0.0,na,"['gradual', 'sudden']",2,3,1,1,gradual_start,[1760],[1783],4479,0.1,447,1,0,1
8503,log_2816_1708943164.xes,0.0,na,"['gradual', 'sudden']",2,3,1,1,gradual_end,[2257],[2223],4479,0.1,447,1,0,1
8504,log_2594_1708943163.xes,0.0,na,['sudden'],1,1,1,0,no_drift,[],[],3085,0.1,308,0,0,0
8505,log_2594_1708943163.xes,0.0,na,['sudden'],1,1,1,0,sudden,[1265],[1246],3085,0.1,308,1,0,1
8506,log_2594_1708943163.xes,0.0,na,['sudden'],1,1,1,0,gradual_start,[],[],3085,0.1,308,0,0,0
8507,log_2594_1708943163.xes,0.0,na,['sudden'],1,1,1,0,gradual_end,[],[],3085,0.1,308,0,0,0
8508,log_2142_1708943159.xes,0.0,na,['gradual'],1,2,0,1,no_drift,[],[],3425,0.1,342,0,0,0
8509,log_2142_1708943159.xes,0.0,na,['gradual'],1,2,0,1,sudden,[],[],3425,0.1,342,0,0,0
8510,log_2142_1708943159.xes,0.0,na,['gradual'],1,2,0,1,gradual_start,[1251],[1242],3425,0.1,342,1,0,1
8511,log_2142_1708943159.xes,0.0,na,['gradual'],1,2,0,1,gradual_end,[1841],[1820],3425,0.1,342,1,0,1
8512,log_2442_1708943161.xes,0.0,na,['gradual'],1,2,0,1,no_drift,[],[],3057,0.1,305,0,0,0
8513,log_2442_1708943161.xes,0.0,na,['gradual'],1,2,0,1,sudden,[],[],3057,0.1,305,0,0,0
8514,log_2442_1708943161.xes,0.0,na,['gradual'],1,2,0,1,gradual_start,[1164],[1156],3057,0.1,305,1,0,1
8515,log_2442_1708943161.xes,0.0,na,['gradual'],1,2,0,1,gradual_end,[1573],[1561],3057,0.1,305,1,0,1
8516,log_2293_1708943163.xes,0.0,na,['gradual'],1,2,0,1,no_drift,[],[],3290,0.1,329,0,0,0
8517,log_2293_1708943163.xes,0.0,na,['gradual'],1,2,0,1,sudden,[],[],3290,0.1,329,0,0,0
8518,log_2293_1708943163.xes,0.0,na,['gradual'],1,2,0,1,gradual_start,[1295],[1297],3290,0.1,329,1,0,1
8519,log_2293_1708943163.xes,0.0,na,['gradual'],1,2,0,1,gradual_end,[1748],[1761],3290,0.1,329,1,0,1
8520,log_2740_1708943158.xes,0.0,na,"['gradual', 'sudden', 'gradual']",3,5,1,2,no_drift,[],[],6226,0.1,622,0,0,0
8521,log_2740_1708943158.xes,0.0,na,"['gradual', 'sudden', 'gradual']",3,5,1,2,sudden,[3310],[3287],6226,0.1,622,1,0,1
8522,log_2740_1708943158.xes,0.0,na,"['gradual', 'sudden', 'gradual']",3,5,1,2,gradual_start,"[1107, 4560]",[1086],6226,0.1,622,1,0,2
8523,log_2740_1708943158.xes,0.0,na,"['gradual', 'sudden', 'gradual']",3,5,1,2,gradual_end,"[1521, 4887]",[1489],6226,0.1,622,1,0,2
8524,log_2815_1708943156.xes,0.0,na,"['gradual', 'gradual']",2,4,0,2,no_drift,[],[],5719,0.1,571,0,0,0
8525,log_2815_1708943156.xes,0.0,na,"['gradual', 'gradual']",2,4,0,2,sudden,[],[],5719,0.1,571,0,0,0
8526,log_2815_1708943156.xes,0.0,na,"['gradual', 'gradual']",2,4,0,2,gradual_start,"[1526, 3881]",[3865],5719,0.1,571,1,0,2
8527,log_2815_1708943156.xes,0.0,na,"['gradual', 'gradual']",2,4,0,2,gradual_end,"[1932, 4395]",[4481],5719,0.1,571,1,0,2
8528,log_2443_1708943165.xes,0.6,na,[],0,0,0,0,no_drift,[0],[0],2418,0.1,241,1,0,1
8529,log_2443_1708943165.xes,0.6,na,[],0,0,0,0,sudden,[],[],2418,0.1,241,0,0,0
8530,log_2443_1708943165.xes,0.6,na,[],0,0,0,0,gradual_start,[],[],2418,0.1,241,0,0,0
8531,log_2443_1708943165.xes,0.6,na,[],0,0,0,0,gradual_end,[],[],2418,0.1,241,0,0,0
8532,log_2004_1708943159.xes,0.0,na,"['gradual', 'sudden']",2,3,1,1,no_drift,[],[],5545,0.1,554,0,0,0
8533,log_2004_1708943159.xes,0.0,na,"['gradual', 'sudden']",2,3,1,1,sudden,[4248],[4213],5545,0.1,554,1,0,1
8534,log_2004_1708943159.xes,0.0,na,"['gradual', 'sudden']",2,3,1,1,gradual_start,[1880],[],5545,0.1,554,0,0,1
8535,log_2004_1708943159.xes,0.0,na,"['gradual', 'sudden']",2,3,1,1,gradual_end,[2305],[],5545,0.1,554,0,0,1
8536,log_2079_1708943163.xes,0.3,na,"['gradual', 'gradual']",2,4,0,2,no_drift,[],[],5728,0.1,572,0,0,0
8537,log_2079_1708943163.xes,0.3,na,"['gradual', 'gradual']",2,4,0,2,sudden,[],[],5728,0.1,572,0,0,0
8538,log_2079_1708943163.xes,0.3,na,"['gradual', 'gradual']",2,4,0,2,gradual_start,"[1194, 3417]","[1205, 3417]",5728,0.1,572,2,0,2
8539,log_2079_1708943163.xes,0.3,na,"['gradual', 'gradual']",2,4,0,2,gradual_end,"[1785, 3964]","[1793, 3893]",5728,0.1,572,2,0,2
8540,log_2780_1708943160.xes,0.0,na,"['gradual', 'sudden', 'sudden']",3,4,2,1,no_drift,[],[],7319,0.1,731,0,0,0
8541,log_2780_1708943160.xes,0.0,na,"['gradual', 'sudden', 'sudden']",3,4,2,1,sudden,"[4046, 5966]",[5941],7319,0.1,731,1,0,2
8542,log_2780_1708943160.xes,0.0,na,"['gradual', 'sudden', 'sudden']",3,4,2,1,gradual_start,[1700],[1657],7319,0.1,731,1,0,1
8543,log_2780_1708943160.xes,0.0,na,"['gradual', 'sudden', 'sudden']",3,4,2,1,gradual_end,[2296],[2269],7319,0.1,731,1,0,1
8544,log_2180_1708943166.xes,0.0,na,['gradual'],1,2,0,1,no_drift,[],[],3346,0.1,334,0,0,0
8545,log_2180_1708943166.xes,0.0,na,['gradual'],1,2,0,1,sudden,[],[],3346,0.1,334,0,0,0
8546,log_2180_1708943166.xes,0.0,na,['gradual'],1,2,0,1,gradual_start,[1310],[1297],3346,0.1,334,1,0,1
8547,log_2180_1708943166.xes,0.0,na,['gradual'],1,2,0,1,gradual_end,[1640],[1649],3346,0.1,334,1,0,1
8548,log_2294_1708943166.xes,0.0,na,"['sudden', 'sudden']",2,2,2,0,no_drift,[],[],5123,0.1,512,0,0,0
8549,log_2294_1708943166.xes,0.0,na,"['sudden', 'sudden']",2,2,2,0,sudden,"[1737, 3412]","[1726, 3401]",5123,0.1,512,2,0,2
8550,log_2294_1708943166.xes,0.0,na,"['sudden', 'sudden']",2,2,2,0,gradual_start,[],[],5123,0.1,512,0,0,0
8551,log_2294_1708943166.xes,0.0,na,"['sudden', 'sudden']",2,2,2,0,gradual_end,[],[],5123,0.1,512,0,0,0
8552,log_2109_1708943162.xes,0.6,na,"['sudden', 'gradual']",2,3,1,1,no_drift,[],[],5309,0.1,530,0,0,0
8553,log_2109_1708943162.xes,0.6,na,"['sudden', 'gradual']",2,3,1,1,sudden,[1576],[1561],5309,0.1,530,1,0,1
8554,log_2109_1708943162.xes,0.6,na,"['sudden', 'gradual']",2,3,1,1,gradual_start,[3233],[],5309,0.1,530,0,0,1
8555,log_2109_1708943162.xes,0.6,na,"['sudden', 'gradual']",2,3,1,1,gradual_end,[3552],[],5309,0.1,530,0,0,1
8556,log_2143_1708943165.xes,0.3,na,"['sudden', 'sudden']",2,2,2,0,no_drift,[],[],4694,0.1,469,0,0,0
8557,log_2143_1708943165.xes,0.3,na,"['sudden', 'sudden']",2,2,2,0,sudden,"[1624, 2865]",[2853],4694,0.1,469,1,0,2
8558,log_2143_1708943165.xes,0.3,na,"['sudden', 'sudden']",2,2,2,0,gradual_start,[],[],4694,0.1,469,0,0,0
8559,log_2143_1708943165.xes,0.3,na,"['sudden', 'sudden']",2,2,2,0,gradual_end,[],[],4694,0.1,469,0,0,0
8560,log_1926_1708943161.xes,0.3,na,"['sudden', 'gradual']",2,3,1,1,no_drift,[],[],6025,0.1,602,0,0,0
8561,log_1926_1708943161.xes,0.3,na,"['sudden', 'gradual']",2,3,1,1,sudden,[1868],[],6025,0.1,602,0,0,1
8562,log_1926_1708943161.xes,0.3,na,"['sudden', 'gradual']",2,3,1,1,gradual_start,[3815],[3811],6025,0.1,602,1,0,1
8563,log_1926_1708943161.xes,0.3,na,"['sudden', 'gradual']",2,3,1,1,gradual_end,[4229],[4231],6025,0.1,602,1,0,1
8564,log_2038_1708943164.xes,0.3,na,[],0,0,0,0,no_drift,[0],[0],4016,0.1,401,1,0,1
8565,log_2038_1708943164.xes,0.3,na,[],0,0,0,0,sudden,[],[],4016,0.1,401,0,0,0
8566,log_2038_1708943164.xes,0.3,na,[],0,0,0,0,gradual_start,[],[],4016,0.1,401,0,0,0
8567,log_2038_1708943164.xes,0.3,na,[],0,0,0,0,gradual_end,[],[],4016,0.1,401,0,0,0
8568,log_2556_1708943162.xes,0.0,na,"['sudden', 'sudden', 'gradual']",3,4,2,1,no_drift,[],[],4846,0.1,484,0,0,0
8569,log_2556_1708943162.xes,0.0,na,"['sudden', 'sudden', 'gradual']",3,4,2,1,sudden,"[1047, 2348]","[2329, 1033]",4846,0.1,484,2,0,2
8570,log_2556_1708943162.xes,0.0,na,"['sudden', 'sudden', 'gradual']",3,4,2,1,gradual_start,[3383],[3361],4846,0.1,484,1,0,1
8571,log_2556_1708943162.xes,0.0,na,"['sudden', 'sudden', 'gradual']",3,4,2,1,gradual_end,[3709],[3673],4846,0.1,484,1,0,1
8572,log_2518_1708943159.xes,0.0,na,"['sudden', 'gradual']",2,3,1,1,no_drift,[],[0],5572,0.1,557,0,1,0
8573,log_2518_1708943159.xes,0.0,na,"['sudden', 'gradual']",2,3,1,1,sudden,[1923],[],5572,0.1,557,0,0,1
8574,log_2518_1708943159.xes,0.0,na,"['sudden', 'gradual']",2,3,1,1,gradual_start,[3736],[],5572,0.1,557,0,0,1
8575,log_2518_1708943159.xes,0.0,na,"['sudden', 'gradual']",2,3,1,1,gradual_end,[4175],[],5572,0.1,557,0,0,1
8576,log_2221_1708943165.xes,0.3,na,['gradual'],1,2,0,1,no_drift,[],[],3086,0.1,308,0,0,0
8577,log_2221_1708943165.xes,0.3,na,['gradual'],1,2,0,1,sudden,[],[],3086,0.1,308,0,0,0
8578,log_2221_1708943165.xes,0.3,na,['gradual'],1,2,0,1,gradual_start,[1075],[1066],3086,0.1,308,1,0,1
8579,log_2221_1708943165.xes,0.3,na,['gradual'],1,2,0,1,gradual_end,[1571],[1546],3086,0.1,308,1,0,1
8580,log_2480_1708943155.xes,0.0,na,[],0,0,0,0,no_drift,[0],[0],6340,0.1,634,1,0,1
8581,log_2480_1708943155.xes,0.0,na,[],0,0,0,0,sudden,[],[],6340,0.1,634,0,0,0
8582,log_2480_1708943155.xes,0.0,na,[],0,0,0,0,gradual_start,[],[],6340,0.1,634,0,0,0
8583,log_2480_1708943155.xes,0.0,na,[],0,0,0,0,gradual_end,[],[],6340,0.1,634,0,0,0
8584,log_2080_1708943167.xes,0.0,na,['gradual'],1,2,0,1,no_drift,[],[],2885,0.1,288,0,0,0
8585,log_2080_1708943167.xes,0.0,na,['gradual'],1,2,0,1,sudden,[],[],2885,0.1,288,0,0,0
8586,log_2080_1708943167.xes,0.0,na,['gradual'],1,2,0,1,gradual_start,[1216],[1205],2885,0.1,288,1,0,1
8587,log_2080_1708943167.xes,0.0,na,['gradual'],1,2,0,1,gradual_end,[1685],[1695],2885,0.1,288,1,0,1
8588,log_2374_1708943165.xes,0.0,na,"['sudden', 'sudden', 'sudden']",3,3,3,0,no_drift,[],[],6401,0.1,640,0,0,0
8589,log_2374_1708943165.xes,0.0,na,"['sudden', 'sudden', 'sudden']",3,3,3,0,sudden,"[1569, 3305, 4420]","[1537, 3297, 4417]",6401,0.1,640,3,0,3
8590,log_2374_1708943165.xes,0.0,na,"['sudden', 'sudden', 'sudden']",3,3,3,0,gradual_start,[],[],6401,0.1,640,0,0,0
8591,log_2374_1708943165.xes,0.0,na,"['sudden', 'sudden', 'sudden']",3,3,3,0,gradual_end,[],[],6401,0.1,640,0,0,0
8592,log_1962_1708943163.xes,0.3,na,['gradual'],1,2,0,1,no_drift,[],[],3570,0.1,357,0,0,0
8593,log_1962_1708943163.xes,0.3,na,['gradual'],1,2,0,1,sudden,[],[],3570,0.1,357,0,0,0
8594,log_1962_1708943163.xes,0.3,na,['gradual'],1,2,0,1,gradual_start,[1307],[1259],3570,0.1,357,1,0,1
8595,log_1962_1708943163.xes,0.3,na,['gradual'],1,2,0,1,gradual_end,[1639],[1633],3570,0.1,357,1,0,1
8596,log_2781_1708943166.xes,0.3,na,['gradual'],1,2,0,1,no_drift,[],[],3004,0.1,300,0,0,0
8597,log_2781_1708943166.xes,0.3,na,['gradual'],1,2,0,1,sudden,[],[],3004,0.1,300,0,0,0
8598,log_2781_1708943166.xes,0.3,na,['gradual'],1,2,0,1,gradual_start,[1662],[1666],3004,0.1,300,1,0,1
8599,log_2781_1708943166.xes,0.3,na,['gradual'],1,2,0,1,gradual_end,[1984],[1966],3004,0.1,300,1,0,1
8600,log_2741_1708943165.xes,0.0,na,"['sudden', 'gradual']",2,3,1,1,no_drift,[],[],4262,0.1,426,0,0,0
8601,log_2741_1708943165.xes,0.0,na,"['sudden', 'gradual']",2,3,1,1,sudden,[1443],[],4262,0.1,426,0,0,1
8602,log_2741_1708943165.xes,0.0,na,"['sudden', 'gradual']",2,3,1,1,gradual_start,[2563],[2563],4262,0.1,426,1,0,1
8603,log_2741_1708943165.xes,0.0,na,"['sudden', 'gradual']",2,3,1,1,gradual_end,[3073],[3088],4262,0.1,426,1,0,1
8604,log_2667_1708943165.xes,0.0,na,"['sudden', 'gradual']",2,3,1,1,no_drift,[],[],4957,0.1,495,0,0,0
8605,log_2667_1708943165.xes,0.0,na,"['sudden', 'gradual']",2,3,1,1,sudden,[1916],[1873],4957,0.1,495,1,0,1
8606,log_2667_1708943165.xes,0.0,na,"['sudden', 'gradual']",2,3,1,1,gradual_start,[3066],[3049],4957,0.1,495,1,0,1
8607,log_2667_1708943165.xes,0.0,na,"['sudden', 'gradual']",2,3,1,1,gradual_end,[3412],[3385],4957,0.1,495,1,0,1
8608,log_2181_1708943168.xes,0.0,na,[],0,0,0,0,no_drift,[0],[0],1434,0.1,143,1,0,1
8609,log_2181_1708943168.xes,0.0,na,[],0,0,0,0,sudden,[],[],1434,0.1,143,0,0,0
8610,log_2181_1708943168.xes,0.0,na,[],0,0,0,0,gradual_start,[],[],1434,0.1,143,0,0,0
8611,log_2181_1708943168.xes,0.0,na,[],0,0,0,0,gradual_end,[],[],1434,0.1,143,0,0,0
8612,log_2110_1708943166.xes,0.6,na,"['sudden', 'sudden', 'gradual']",3,4,2,1,no_drift,[],[],5496,0.1,549,0,0,0
8613,log_2110_1708943166.xes,0.6,na,"['sudden', 'sudden', 'gradual']",3,4,2,1,sudden,"[1317, 2534]",[],5496,0.1,549,0,0,2
8614,log_2110_1708943166.xes,0.6,na,"['sudden', 'sudden', 'gradual']",3,4,2,1,gradual_start,[3977],[3970],5496,0.1,549,1,0,1
8615,log_2110_1708943166.xes,0.6,na,"['sudden', 'sudden', 'gradual']",3,4,2,1,gradual_end,[4469],[4537],5496,0.1,549,1,0,1
8616,log_1999_1708943139.xes,0.0,na,['gradual'],1,2,0,1,no_drift,[],[],3693,0.1,369,0,0,0
8617,log_1999_1708943139.xes,0.0,na,['gradual'],1,2,0,1,sudden,[],[],3693,0.1,369,0,0,0
8618,log_1999_1708943139.xes,0.0,na,['gradual'],1,2,0,1,gradual_start,[1980],[1981],3693,0.1,369,1,0,1
8619,log_1999_1708943139.xes,0.0,na,['gradual'],1,2,0,1,gradual_end,[2317],[2323],3693,0.1,369,1,0,1
8620,log_2661_1708943138.xes,0.0,na,[],0,0,0,0,no_drift,[0],[0],6116,0.1,611,1,0,1
8621,log_2661_1708943138.xes,0.0,na,[],0,0,0,0,sudden,[],[],6116,0.1,611,0,0,0
8622,log_2661_1708943138.xes,0.0,na,[],0,0,0,0,gradual_start,[],[],6116,0.1,611,0,0,0
8623,log_2661_1708943138.xes,0.0,na,[],0,0,0,0,gradual_end,[],[],6116,0.1,611,0,0,0
8624,log_1595_1708943139.xes,0.3,na,['sudden'],1,1,1,0,no_drift,[],[],2929,0.1,292,0,0,0
8625,log_1595_1708943139.xes,0.3,na,['sudden'],1,1,1,0,sudden,[1011],[1009],2929,0.1,292,1,0,1
8626,log_1595_1708943139.xes,0.3,na,['sudden'],1,1,1,0,gradual_start,[],[],2929,0.1,292,0,0,0
8627,log_1595_1708943139.xes,0.3,na,['sudden'],1,1,1,0,gradual_end,[],[],2929,0.1,292,0,0,0
8628,log_2005_1708943166.xes,0.0,na,"['gradual', 'gradual']",2,4,0,2,no_drift,[],[],5036,0.1,503,0,0,0
8629,log_2005_1708943166.xes,0.0,na,"['gradual', 'gradual']",2,4,0,2,sudden,[],[],5036,0.1,503,0,0,0
8630,log_2005_1708943166.xes,0.0,na,"['gradual', 'gradual']",2,4,0,2,gradual_start,"[1998, 3385]",[1976],5036,0.1,503,1,0,2
8631,log_2005_1708943166.xes,0.0,na,"['gradual', 'gradual']",2,4,0,2,gradual_end,"[2372, 3707]",[2351],5036,0.1,503,1,0,2
8632,log_2369_1708943141.xes,0.3,na,['gradual'],1,2,0,1,no_drift,[],[0],3111,0.1,311,0,1,0
8633,log_2369_1708943141.xes,0.3,na,['gradual'],1,2,0,1,sudden,[],[],3111,0.1,311,0,0,0
8634,log_2369_1708943141.xes,0.3,na,['gradual'],1,2,0,1,gradual_start,[1273],[],3111,0.1,311,0,0,1
8635,log_2369_1708943141.xes,0.3,na,['gradual'],1,2,0,1,gradual_end,[1605],[],3111,0.1,311,0,0,1
8636,log_1921_1708943138.xes,0.0,na,[],0,0,0,0,no_drift,[0],[0],5211,0.1,521,1,0,1
8637,log_1921_1708943138.xes,0.0,na,[],0,0,0,0,sudden,[],[],5211,0.1,521,0,0,0
8638,log_1921_1708943138.xes,0.0,na,[],0,0,0,0,gradual_start,[],[],5211,0.1,521,0,0,0
8639,log_1921_1708943138.xes,0.0,na,[],0,0,0,0,gradual_end,[],[],5211,0.1,521,0,0,0
8640,log_2213_1708943138.xes,0.0,na,"['sudden', 'gradual']",2,3,1,1,no_drift,[],[],4496,0.1,449,0,0,0
8641,log_2213_1708943138.xes,0.0,na,"['sudden', 'gradual']",2,3,1,1,sudden,[1419],[1409],4496,0.1,449,1,0,1
8642,log_2213_1708943138.xes,0.0,na,"['sudden', 'gradual']",2,3,1,1,gradual_start,[2985],[2971],4496,0.1,449,1,0,1
8643,log_2213_1708943138.xes,0.0,na,"['sudden', 'gradual']",2,3,1,1,gradual_end,[3487],[3455],4496,0.1,449,1,0,1
8644,log_2176_1708943140.xes,0.0,na,[],0,0,0,0,no_drift,[0],[0],1515,0.1,151,1,0,1
8645,log_2176_1708943140.xes,0.0,na,[],0,0,0,0,sudden,[],[],1515,0.1,151,0,0,0
8646,log_2176_1708943140.xes,0.0,na,[],0,0,0,0,gradual_start,[],[],1515,0.1,151,0,0,0
8647,log_2176_1708943140.xes,0.0,na,[],0,0,0,0,gradual_end,[],[],1515,0.1,151,0,0,0
8648,log_2595_1708943165.xes,0.3,na,[],0,0,0,0,no_drift,[0],[0],6284,0.1,628,1,0,1
8649,log_2595_1708943165.xes,0.3,na,[],0,0,0,0,sudden,[],[],6284,0.1,628,0,0,0
8650,log_2595_1708943165.xes,0.3,na,[],0,0,0,0,gradual_start,[],[],6284,0.1,628,0,0,0
8651,log_2595_1708943165.xes,0.3,na,[],0,0,0,0,gradual_end,[],[],6284,0.1,628,0,0,0
8652,log_2699_1708943140.xes,0.3,na,['sudden'],1,1,1,0,no_drift,[],[],2738,0.1,273,0,0,0
8653,log_2699_1708943140.xes,0.3,na,['sudden'],1,1,1,0,sudden,[1449],[1431],2738,0.1,273,1,0,1
8654,log_2699_1708943140.xes,0.3,na,['sudden'],1,1,1,0,gradual_start,[],[],2738,0.1,273,0,0,0
8655,log_2699_1708943140.xes,0.3,na,['sudden'],1,1,1,0,gradual_end,[],[],2738,0.1,273,0,0,0
8656,log_2704_1708943164.xes,0.6,na,"['gradual', 'sudden', 'gradual']",3,5,1,2,no_drift,[],[],7699,0.1,769,0,0,0
8657,log_2704_1708943164.xes,0.6,na,"['gradual', 'sudden', 'gradual']",3,5,1,2,sudden,[3510],[3459],7699,0.1,769,1,0,1
8658,log_2704_1708943164.xes,0.6,na,"['gradual', 'sudden', 'gradual']",3,5,1,2,gradual_start,"[1811, 5502]",[],7699,0.1,769,0,0,2
8659,log_2704_1708943164.xes,0.6,na,"['gradual', 'sudden', 'gradual']",3,5,1,2,gradual_end,"[2153, 5890]",[],7699,0.1,769,0,0,2
8660,log_1956_1708943140.xes,0.3,na,"['sudden', 'gradual', 'sudden']",3,4,2,1,no_drift,[],[0],6143,0.1,614,0,1,0
8661,log_1956_1708943140.xes,0.3,na,"['sudden', 'gradual', 'sudden']",3,4,2,1,sudden,"[1725, 5046]",[],6143,0.1,614,0,0,2
8662,log_1956_1708943140.xes,0.3,na,"['sudden', 'gradual', 'sudden']",3,4,2,1,gradual_start,[3118],[],6143,0.1,614,0,0,1
8663,log_1956_1708943140.xes,0.3,na,"['sudden', 'gradual', 'sudden']",3,4,2,1,gradual_end,[3527],[],6143,0.1,614,0,0,1
8664,log_2588_1708943141.xes,0.3,na,['gradual'],1,2,0,1,no_drift,[],[],3205,0.1,320,0,0,0
8665,log_2588_1708943141.xes,0.3,na,['gradual'],1,2,0,1,sudden,[],[],3205,0.1,320,0,0,0
8666,log_2588_1708943141.xes,0.3,na,['gradual'],1,2,0,1,gradual_start,[1254],[1233],3205,0.1,320,1,0,1
8667,log_2588_1708943141.xes,0.3,na,['gradual'],1,2,0,1,gradual_end,[1750],[1777],3205,0.1,320,1,0,1
8668,log_2214_1708943142.xes,0.0,na,['gradual'],1,2,0,1,no_drift,[],[],3442,0.1,344,0,0,0
8669,log_2214_1708943142.xes,0.0,na,['gradual'],1,2,0,1,sudden,[],[],3442,0.1,344,0,0,0
8670,log_2214_1708943142.xes,0.0,na,['gradual'],1,2,0,1,gradual_start,[1617],[1565],3442,0.1,344,1,0,1
8671,log_2214_1708943142.xes,0.0,na,['gradual'],1,2,0,1,gradual_end,[2059],[2092],3442,0.1,344,1,0,1
8672,log_2625_1708943139.xes,0.0,na,"['sudden', 'sudden', 'gradual']",3,4,2,1,no_drift,[],[],6671,0.1,667,0,0,0
8673,log_2625_1708943139.xes,0.0,na,"['sudden', 'sudden', 'gradual']",3,4,2,1,sudden,"[1810, 3453]","[3433, 1783]",6671,0.1,667,2,0,2
8674,log_2625_1708943139.xes,0.0,na,"['sudden', 'sudden', 'gradual']",3,4,2,1,gradual_start,[4781],[],6671,0.1,667,0,0,1
8675,log_2625_1708943139.xes,0.0,na,"['sudden', 'sudden', 'gradual']",3,4,2,1,gradual_end,[5209],[],6671,0.1,667,0,0,1
8676,log_1671_1708943137.xes,0.0,na,"['gradual', 'sudden', 'gradual']",3,5,1,2,no_drift,[],[],6601,0.1,660,0,0,0
8677,log_1671_1708943137.xes,0.0,na,"['gradual', 'sudden', 'gradual']",3,5,1,2,sudden,[3409],[3400],6601,0.1,660,1,0,1
8678,log_1671_1708943137.xes,0.0,na,"['gradual', 'sudden', 'gradual']",3,5,1,2,gradual_start,"[1499, 4739]",[],6601,0.1,660,0,0,2
8679,log_1671_1708943137.xes,0.0,na,"['gradual', 'sudden', 'gradual']",3,5,1,2,gradual_end,"[1923, 5174]",[],6601,0.1,660,0,0,2
8680,log_2402_1708943143.xes,0.3,na,"['gradual', 'gradual']",2,4,0,2,no_drift,[],[0],5017,0.1,501,0,1,0
8681,log_2402_1708943143.xes,0.3,na,"['gradual', 'gradual']",2,4,0,2,sudden,[],[],5017,0.1,501,0,0,0
8682,log_2402_1708943143.xes,0.3,na,"['gradual', 'gradual']",2,4,0,2,gradual_start,"[1205, 3112]",[],5017,0.1,501,0,0,2
8683,log_2402_1708943143.xes,0.3,na,"['gradual', 'gradual']",2,4,0,2,gradual_end,"[1606, 3442]",[],5017,0.1,501,0,0,2
8684,log_2401_1708943136.xes,0.6,na,"['sudden', 'sudden']",2,2,2,0,no_drift,[],[],3677,0.1,367,0,0,0
8685,log_2401_1708943136.xes,0.6,na,"['sudden', 'sudden']",2,2,2,0,sudden,"[1624, 2674]","[1603, 2647]",3677,0.1,367,2,0,2
8686,log_2401_1708943136.xes,0.6,na,"['sudden', 'sudden']",2,2,2,0,gradual_start,[],[],3677,0.1,367,0,0,0
8687,log_2401_1708943136.xes,0.6,na,"['sudden', 'sudden']",2,2,2,0,gradual_end,[],[],3677,0.1,367,0,0,0
8688,log_2070_1708943143.xes,0.3,na,[],0,0,0,0,no_drift,[0],[0],2684,0.1,268,1,0,1
8689,log_2070_1708943143.xes,0.3,na,[],0,0,0,0,sudden,[],[],2684,0.1,268,0,0,0
8690,log_2070_1708943143.xes,0.3,na,[],0,0,0,0,gradual_start,[],[],2684,0.1,268,0,0,0
8691,log_2070_1708943143.xes,0.3,na,[],0,0,0,0,gradual_end,[],[],2684,0.1,268,0,0,0
8692,log_2370_1708943142.xes,0.3,na,['sudden'],1,1,1,0,no_drift,[],[0],3125,0.1,312,0,1,0
8693,log_2370_1708943142.xes,0.3,na,['sudden'],1,1,1,0,sudden,[1132],[],3125,0.1,312,0,0,1
8694,log_2370_1708943142.xes,0.3,na,['sudden'],1,1,1,0,gradual_start,[],[],3125,0.1,312,0,0,0
8695,log_2370_1708943142.xes,0.3,na,['sudden'],1,1,1,0,gradual_end,[],[],3125,0.1,312,0,0,0
8696,log_2069_1708943137.xes,0.0,na,['gradual'],1,2,0,1,no_drift,[],[],4469,0.1,446,0,0,0
8697,log_2069_1708943137.xes,0.0,na,['gradual'],1,2,0,1,sudden,[],[],4469,0.1,446,0,0,0
8698,log_2069_1708943137.xes,0.0,na,['gradual'],1,2,0,1,gradual_start,[1941],[1959],4469,0.1,446,1,0,1
8699,log_2069_1708943137.xes,0.0,na,['gradual'],1,2,0,1,gradual_end,[2532],[2553],4469,0.1,446,1,0,1
8700,log_2138_1708943142.xes,0.0,na,"['sudden', 'sudden']",2,2,2,0,no_drift,[],[],4608,0.1,460,0,0,0
8701,log_2138_1708943142.xes,0.0,na,"['sudden', 'sudden']",2,2,2,0,sudden,"[1447, 2722]","[2715, 1427]",4608,0.1,460,2,0,2
8702,log_2138_1708943142.xes,0.0,na,"['sudden', 'sudden']",2,2,2,0,gradual_start,[],[],4608,0.1,460,0,0,0
8703,log_2138_1708943142.xes,0.0,na,"['sudden', 'sudden']",2,2,2,0,gradual_end,[],[],4608,0.1,460,0,0,0
8704,log_2662_1708943142.xes,0.0,na,['sudden'],1,1,1,0,no_drift,[],[],2934,0.1,293,0,0,0
8705,log_2662_1708943142.xes,0.0,na,['sudden'],1,1,1,0,sudden,[1282],[1275],2934,0.1,293,1,0,1
8706,log_2662_1708943142.xes,0.0,na,['sudden'],1,1,1,0,gradual_start,[],[],2934,0.1,293,0,0,0
8707,log_2662_1708943142.xes,0.0,na,['sudden'],1,1,1,0,gradual_end,[],[],2934,0.1,293,0,0,0
8708,log_2331_1708943158.xes,0.3,na,"['sudden', 'sudden', 'sudden']",3,3,3,0,no_drift,[],[],5696,0.1,569,0,0,0
8709,log_2331_1708943158.xes,0.3,na,"['sudden', 'sudden', 'sudden']",3,3,3,0,sudden,"[1265, 2511, 4376]","[2493, 1261, 4369]",5696,0.1,569,3,0,3
8710,log_2331_1708943158.xes,0.3,na,"['sudden', 'sudden', 'sudden']",3,3,3,0,gradual_start,[],[],5696,0.1,569,0,0,0
8711,log_2331_1708943158.xes,0.3,na,"['sudden', 'sudden', 'sudden']",3,3,3,0,gradual_end,[],[],5696,0.1,569,0,0,0
8712,log_1786_1708943140.xes,0.0,na,"['gradual', 'sudden', 'gradual']",3,5,1,2,no_drift,[],[],6399,0.1,639,0,0,0
8713,log_1786_1708943140.xes,0.0,na,"['gradual', 'sudden', 'gradual']",3,5,1,2,sudden,[2754],[2729],6399,0.1,639,1,0,1
8714,log_1786_1708943140.xes,0.0,na,"['gradual', 'sudden', 'gradual']",3,5,1,2,gradual_start,"[1188, 4011]",[],6399,0.1,639,0,0,2
8715,log_1786_1708943140.xes,0.0,na,"['gradual', 'sudden', 'gradual']",3,5,1,2,gradual_end,"[1494, 4525]",[],6399,0.1,639,0,0,2
8716,log_2254_1708943141.xes,0.0,na,"['sudden', 'gradual', 'gradual']",3,5,1,2,no_drift,[],[],7309,0.1,730,0,0,0
8717,log_2254_1708943141.xes,0.0,na,"['sudden', 'gradual', 'gradual']",3,5,1,2,sudden,[1693],[],7309,0.1,730,0,0,1
8718,log_2254_1708943141.xes,0.0,na,"['sudden', 'gradual', 'gradual']",3,5,1,2,gradual_start,"[3011, 5281]",[2989],7309,0.1,730,1,0,2
8719,log_2254_1708943141.xes,0.0,na,"['sudden', 'gradual', 'gradual']",3,5,1,2,gradual_end,"[3510, 5653]",[3493],7309,0.1,730,1,0,2
8720,log_2438_1708943138.xes,0.6,na,"['sudden', 'gradual', 'sudden']",3,4,2,1,no_drift,[],[],6792,0.1,679,0,0,0
8721,log_2438_1708943138.xes,0.6,na,"['sudden', 'gradual', 'sudden']",3,4,2,1,sudden,"[1947, 5321]","[5281, 1948]",6792,0.1,679,2,0,2
8722,log_2438_1708943138.xes,0.6,na,"['sudden', 'gradual', 'sudden']",3,4,2,1,gradual_start,[3090],[3070],6792,0.1,679,1,0,1
8723,log_2438_1708943138.xes,0.6,na,"['sudden', 'gradual', 'sudden']",3,4,2,1,gradual_end,[3474],[3433],6792,0.1,679,1,0,1
8724,log_2071_1708943145.xes,0.0,na,['gradual'],1,2,0,1,no_drift,[],[],3906,0.1,390,0,0,0
8725,log_2071_1708943145.xes,0.0,na,['gradual'],1,2,0,1,sudden,[],[],3906,0.1,390,0,0,0
8726,log_2071_1708943145.xes,0.0,na,['gradual'],1,2,0,1,gradual_start,[1802],[1787],3906,0.1,390,1,0,1
8727,log_2071_1708943145.xes,0.0,na,['gradual'],1,2,0,1,gradual_end,[2352],[2357],3906,0.1,390,1,0,1
8728,log_2515_1708943138.xes,0.0,na,"['gradual', 'sudden', 'sudden']",3,4,2,1,no_drift,[],[],6871,0.1,687,0,0,0
8729,log_2515_1708943138.xes,0.0,na,"['gradual', 'sudden', 'sudden']",3,4,2,1,sudden,"[3351, 5084]","[3333, 5067]",6871,0.1,687,2,0,2
8730,log_2515_1708943138.xes,0.0,na,"['gradual', 'sudden', 'sudden']",3,4,2,1,gradual_start,[1252],[],6871,0.1,687,0,0,1
8731,log_2515_1708943138.xes,0.0,na,"['gradual', 'sudden', 'sudden']",3,4,2,1,gradual_end,[1667],[],6871,0.1,687,0,0,1
8732,log_1957_1708943142.xes,0.3,na,['gradual'],1,2,0,1,no_drift,[],[],3330,0.1,333,0,0,0
8733,log_1957_1708943142.xes,0.3,na,['gradual'],1,2,0,1,sudden,[],[],3330,0.1,333,0,0,0
8734,log_1957_1708943142.xes,0.3,na,['gradual'],1,2,0,1,gradual_start,[1459],[1441],3330,0.1,333,1,0,1
8735,log_1957_1708943142.xes,0.3,na,['gradual'],1,2,0,1,gradual_end,[1950],[1953],3330,0.1,333,1,0,1
8736,log_2700_1708943143.xes,0.0,na,[],0,0,0,0,no_drift,[0],[0],3135,0.1,313,1,0,1
8737,log_2700_1708943143.xes,0.0,na,[],0,0,0,0,sudden,[],[],3135,0.1,313,0,0,0
8738,log_2700_1708943143.xes,0.0,na,[],0,0,0,0,gradual_start,[],[],3135,0.1,313,0,0,0
8739,log_2700_1708943143.xes,0.0,na,[],0,0,0,0,gradual_end,[],[],3135,0.1,313,0,0,0
8740,log_2403_1708943145.xes,0.6,na,['gradual'],1,2,0,1,no_drift,[],[],2650,0.1,265,0,0,0
8741,log_2403_1708943145.xes,0.6,na,['gradual'],1,2,0,1,sudden,[],[],2650,0.1,265,0,0,0
8742,log_2403_1708943145.xes,0.6,na,['gradual'],1,2,0,1,gradual_start,[1233],[1223],2650,0.1,265,1,0,1
8743,log_2403_1708943145.xes,0.6,na,['gradual'],1,2,0,1,gradual_end,[1551],[1561],2650,0.1,265,1,0,1
8744,log_2552_1708943146.xes,0.6,na,['gradual'],1,2,0,1,no_drift,[],[],2843,0.1,284,0,0,0
8745,log_2552_1708943146.xes,0.6,na,['gradual'],1,2,0,1,sudden,[],[],2843,0.1,284,0,0,0
8746,log_2552_1708943146.xes,0.6,na,['gradual'],1,2,0,1,gradual_start,[1273],[1275],2843,0.1,284,1,0,1
8747,log_2552_1708943146.xes,0.6,na,['gradual'],1,2,0,1,gradual_end,[1598],[1625],2843,0.1,284,1,0,1
8748,log_1958_1708943146.xes,0.3,na,[],0,0,0,0,no_drift,[0],[0],2792,0.1,279,1,0,1
8749,log_1958_1708943146.xes,0.3,na,[],0,0,0,0,sudden,[],[],2792,0.1,279,0,0,0
8750,log_1958_1708943146.xes,0.3,na,[],0,0,0,0,gradual_start,[],[],2792,0.1,279,0,0,0
8751,log_1958_1708943146.xes,0.3,na,[],0,0,0,0,gradual_end,[],[],2792,0.1,279,0,0,0
8752,log_1672_1708943143.xes,0.0,na,[],0,0,0,0,no_drift,[0],[0],5484,0.1,548,1,0,1
8753,log_1672_1708943143.xes,0.0,na,[],0,0,0,0,sudden,[],[],5484,0.1,548,0,0,0
8754,log_1672_1708943143.xes,0.0,na,[],0,0,0,0,gradual_start,[],[],5484,0.1,548,0,0,0
8755,log_1672_1708943143.xes,0.0,na,[],0,0,0,0,gradual_end,[],[],5484,0.1,548,0,0,0
8756,log_2034_1708943133.xes,0.6,na,"['gradual', 'gradual', 'sudden']",3,5,1,2,no_drift,[],[],6461,0.1,646,0,0,0
8757,log_2034_1708943133.xes,0.6,na,"['gradual', 'gradual', 'sudden']",3,5,1,2,sudden,[5413],[5377],6461,0.1,646,1,0,1
8758,log_2034_1708943133.xes,0.6,na,"['gradual', 'gradual', 'sudden']",3,5,1,2,gradual_start,"[1954, 3508]",[1921],6461,0.1,646,1,0,2
8759,log_2034_1708943133.xes,0.6,na,"['gradual', 'gradual', 'sudden']",3,5,1,2,gradual_end,"[2419, 4066]",[2433],6461,0.1,646,1,0,2
8760,log_2551_1708943137.xes,0.6,na,"['gradual', 'sudden', 'gradual']",3,5,1,2,no_drift,[],[],7819,0.1,781,0,0,0
8761,log_2551_1708943137.xes,0.6,na,"['gradual', 'sudden', 'gradual']",3,5,1,2,sudden,[3829],[3784],7819,0.1,781,1,0,1
8762,log_2551_1708943137.xes,0.6,na,"['gradual', 'sudden', 'gradual']",3,5,1,2,gradual_start,"[1579, 5703]",[1522],7819,0.1,781,1,0,2
8763,log_2551_1708943137.xes,0.6,na,"['gradual', 'sudden', 'gradual']",3,5,1,2,gradual_end,"[1964, 6129]",[1912],7819,0.1,781,1,0,2
8764,log_2439_1708943145.xes,0.0,na,['sudden'],1,1,1,0,no_drift,[],[],3389,0.1,338,0,0,0
8765,log_2439_1708943145.xes,0.0,na,['sudden'],1,1,1,0,sudden,[1888],[1857],3389,0.1,338,1,0,1
8766,log_2439_1708943145.xes,0.0,na,['sudden'],1,1,1,0,gradual_start,[],[],3389,0.1,338,0,0,0
8767,log_2439_1708943145.xes,0.0,na,['sudden'],1,1,1,0,gradual_end,[],[],3389,0.1,338,0,0,0
8768,log_2072_1708943146.xes,0.0,na,"['gradual', 'gradual', 'gradual']",3,6,0,3,no_drift,[],[0],8160,0.1,816,0,1,0
8769,log_2072_1708943146.xes,0.0,na,"['gradual', 'gradual', 'gradual']",3,6,0,3,sudden,[],[],8160,0.1,816,0,0,0
8770,log_2072_1708943146.xes,0.0,na,"['gradual', 'gradual', 'gradual']",3,6,0,3,gradual_start,"[1952, 4099, 5965]",[],8160,0.1,816,0,0,3
8771,log_2072_1708943146.xes,0.0,na,"['gradual', 'gradual', 'gradual']",3,6,0,3,gradual_end,"[2528, 4557, 6471]",[],8160,0.1,816,0,0,3
8772,log_1596_1708943143.xes,0.0,na,"['gradual', 'sudden', 'gradual']",3,5,1,2,no_drift,[],[],6251,0.1,625,0,0,0
8773,log_1596_1708943143.xes,0.0,na,"['gradual', 'sudden', 'gradual']",3,5,1,2,sudden,[3122],[3101],6251,0.1,625,1,0,1
8774,log_1596_1708943143.xes,0.0,na,"['gradual', 'sudden', 'gradual']",3,5,1,2,gradual_start,"[1427, 4446]",[4465],6251,0.1,625,1,0,2
8775,log_1596_1708943143.xes,0.0,na,"['gradual', 'sudden', 'gradual']",3,5,1,2,gradual_end,"[1946, 4758]",[4744],6251,0.1,625,1,0,2
8776,log_2000_1708943142.xes,0.0,na,[],0,0,0,0,no_drift,[0],[0],4708,0.1,470,1,0,1
8777,log_2000_1708943142.xes,0.0,na,[],0,0,0,0,sudden,[],[],4708,0.1,470,0,0,0
8778,log_2000_1708943142.xes,0.0,na,[],0,0,0,0,gradual_start,[],[],4708,0.1,470,0,0,0
8779,log_2000_1708943142.xes,0.0,na,[],0,0,0,0,gradual_end,[],[],4708,0.1,470,0,0,0
8780,log_2477_1708943136.xes,0.6,na,"['gradual', 'sudden']",2,3,1,1,no_drift,[],[],4702,0.1,470,0,0,0
8781,log_2477_1708943136.xes,0.6,na,"['gradual', 'sudden']",2,3,1,1,sudden,[3133],[3106],4702,0.1,470,1,0,1
8782,log_2477_1708943136.xes,0.6,na,"['gradual', 'sudden']",2,3,1,1,gradual_start,[1029],[1013],4702,0.1,470,1,0,1
8783,log_2477_1708943136.xes,0.6,na,"['gradual', 'sudden']",2,3,1,1,gradual_end,[1436],[1427],4702,0.1,470,1,0,1
8784,log_2663_1708943144.xes,0.6,na,[],0,0,0,0,no_drift,[0],[0],5862,0.1,586,1,0,1
8785,log_2663_1708943144.xes,0.6,na,[],0,0,0,0,sudden,[],[],5862,0.1,586,0,0,0
8786,log_2663_1708943144.xes,0.6,na,[],0,0,0,0,gradual_start,[],[],5862,0.1,586,0,0,0
8787,log_2663_1708943144.xes,0.6,na,[],0,0,0,0,gradual_end,[],[],5862,0.1,586,0,0,0
8788,log_2775_1708943147.xes,0.3,na,['sudden'],1,1,1,0,no_drift,[],[],3430,0.1,343,0,0,0
8789,log_2775_1708943147.xes,0.3,na,['sudden'],1,1,1,0,sudden,[1708],[1684],3430,0.1,343,1,0,1
8790,log_2775_1708943147.xes,0.3,na,['sudden'],1,1,1,0,gradual_start,[],[],3430,0.1,343,0,0,0
8791,log_2775_1708943147.xes,0.3,na,['sudden'],1,1,1,0,gradual_end,[],[],3430,0.1,343,0,0,0
8792,log_2626_1708943143.xes,0.6,na,"['sudden', 'sudden', 'sudden']",3,3,3,0,no_drift,[],[],4954,0.1,495,0,0,0
8793,log_2626_1708943143.xes,0.6,na,"['sudden', 'sudden', 'sudden']",3,3,3,0,sudden,"[1677, 2711, 3905]","[1657, 3889]",4954,0.1,495,2,0,3
8794,log_2626_1708943143.xes,0.6,na,"['sudden', 'sudden', 'sudden']",3,3,3,0,gradual_start,[],[],4954,0.1,495,0,0,0
8795,log_2626_1708943143.xes,0.6,na,"['sudden', 'sudden', 'sudden']",3,3,3,0,gradual_end,[],[],4954,0.1,495,0,0,0
8796,log_1922_1708943143.xes,0.0,na,"['gradual', 'sudden', 'gradual']",3,5,1,2,no_drift,[],[],7414,0.1,741,0,0,0
8797,log_1922_1708943143.xes,0.0,na,"['gradual', 'sudden', 'gradual']",3,5,1,2,sudden,[4150],[],7414,0.1,741,0,0,1
8798,log_1922_1708943143.xes,0.0,na,"['gradual', 'sudden', 'gradual']",3,5,1,2,gradual_start,"[1969, 5565]",[1962],7414,0.1,741,1,0,2
8799,log_1922_1708943143.xes,0.0,na,"['gradual', 'sudden', 'gradual']",3,5,1,2,gradual_end,"[2567, 6087]",[2554],7414,0.1,741,1,0,2
8800,log_2701_1708943146.xes,0.0,na,"['sudden', 'sudden', 'sudden']",3,3,3,0,no_drift,[],[],5155,0.1,515,0,0,0
8801,log_2701_1708943146.xes,0.0,na,"['sudden', 'sudden', 'sudden']",3,3,3,0,sudden,"[1334, 2882, 3920]","[2851, 3876]",5155,0.1,515,2,0,3
8802,log_2701_1708943146.xes,0.0,na,"['sudden', 'sudden', 'sudden']",3,3,3,0,gradual_start,[],[],5155,0.1,515,0,0,0
8803,log_2701_1708943146.xes,0.0,na,"['sudden', 'sudden', 'sudden']",3,3,3,0,gradual_end,[],[],5155,0.1,515,0,0,0
8804,log_1959_1708943149.xes,0.0,na,['gradual'],1,2,0,1,no_drift,[],[],3060,0.1,306,0,0,0
8805,log_1959_1708943149.xes,0.0,na,['gradual'],1,2,0,1,sudden,[],[],3060,0.1,306,0,0,0
8806,log_1959_1708943149.xes,0.0,na,['gradual'],1,2,0,1,gradual_start,[1119],[1141],3060,0.1,306,1,0,1
8807,log_1959_1708943149.xes,0.0,na,['gradual'],1,2,0,1,gradual_end,[1656],[1681],3060,0.1,306,1,0,1
8808,log_2215_1708943143.xes,0.6,na,"['gradual', 'sudden', 'gradual']",3,5,1,2,no_drift,[],[],6477,0.1,647,0,0,0
8809,log_2215_1708943143.xes,0.6,na,"['gradual', 'sudden', 'gradual']",3,5,1,2,sudden,[3408],[3425],6477,0.1,647,1,0,1
8810,log_2215_1708943143.xes,0.6,na,"['gradual', 'sudden', 'gradual']",3,5,1,2,gradual_start,"[1601, 4452]",[],6477,0.1,647,0,0,2
8811,log_2215_1708943143.xes,0.6,na,"['gradual', 'sudden', 'gradual']",3,5,1,2,gradual_end,"[2134, 4939]",[],6477,0.1,647,0,0,2
8812,log_2139_1708943145.xes,0.0,na,"['gradual', 'sudden']",2,3,1,1,no_drift,[],[],5325,0.1,532,0,0,0
8813,log_2139_1708943145.xes,0.0,na,"['gradual', 'sudden']",2,3,1,1,sudden,[3505],[3485],5325,0.1,532,1,0,1
8814,log_2139_1708943145.xes,0.0,na,"['gradual', 'sudden']",2,3,1,1,gradual_start,[1569],[],5325,0.1,532,0,0,1
8815,log_2139_1708943145.xes,0.0,na,"['gradual', 'sudden']",2,3,1,1,gradual_end,[1930],[],5325,0.1,532,0,0,1
8816,log_2255_1708943147.xes,0.3,na,"['gradual', 'gradual']",2,4,0,2,no_drift,[],[],5902,0.1,590,0,0,0
8817,log_2255_1708943147.xes,0.3,na,"['gradual', 'gradual']",2,4,0,2,sudden,[],[],5902,0.1,590,0,0,0
8818,log_2255_1708943147.xes,0.3,na,"['gradual', 'gradual']",2,4,0,2,gradual_start,"[1908, 3462]",[1915],5902,0.1,590,1,0,2
8819,log_2255_1708943147.xes,0.3,na,"['gradual', 'gradual']",2,4,0,2,gradual_end,"[2252, 3941]",[2263],5902,0.1,590,1,0,2
8820,log_2404_1708943148.xes,0.3,na,['gradual'],1,2,0,1,no_drift,[],[],3275,0.1,327,0,0,0
8821,log_2404_1708943148.xes,0.3,na,['gradual'],1,2,0,1,sudden,[],[],3275,0.1,327,0,0,0
8822,log_2404_1708943148.xes,0.3,na,['gradual'],1,2,0,1,gradual_start,[1599],[1585],3275,0.1,327,1,0,1
8823,log_2404_1708943148.xes,0.3,na,['gradual'],1,2,0,1,gradual_end,[1902],[1921],3275,0.1,327,1,0,1
8824,log_2589_1708943143.xes,0.0,na,[],0,0,0,0,no_drift,[0],[0],4548,0.1,454,1,0,1
8825,log_2589_1708943143.xes,0.0,na,[],0,0,0,0,sudden,[],[],4548,0.1,454,0,0,0
8826,log_2589_1708943143.xes,0.0,na,[],0,0,0,0,gradual_start,[],[],4548,0.1,454,0,0,0
8827,log_2589_1708943143.xes,0.0,na,[],0,0,0,0,gradual_end,[],[],4548,0.1,454,0,0,0
8828,log_2327_1708943134.xes,0.6,na,"['sudden', 'gradual', 'gradual']",3,5,1,2,no_drift,[],[0],7498,0.1,749,0,1,0
8829,log_2327_1708943134.xes,0.6,na,"['sudden', 'gradual', 'gradual']",3,5,1,2,sudden,[1519],[],7498,0.1,749,0,0,1
8830,log_2327_1708943134.xes,0.6,na,"['sudden', 'gradual', 'gradual']",3,5,1,2,gradual_start,"[3298, 5320]",[],7498,0.1,749,0,0,2
8831,log_2327_1708943134.xes,0.6,na,"['sudden', 'gradual', 'gradual']",3,5,1,2,gradual_end,"[3755, 5803]",[],7498,0.1,749,0,0,2
8832,log_2776_1708943150.xes,0.3,na,['gradual'],1,2,0,1,no_drift,[],[],3324,0.1,332,0,0,0
8833,log_2776_1708943150.xes,0.3,na,['gradual'],1,2,0,1,sudden,[],[],3324,0.1,332,0,0,0
8834,log_2776_1708943150.xes,0.3,na,['gradual'],1,2,0,1,gradual_start,[1439],[1393],3324,0.1,332,1,0,1
8835,log_2776_1708943150.xes,0.3,na,['gradual'],1,2,0,1,gradual_end,[1966],[1969],3324,0.1,332,1,0,1
8836,log_1960_1708943150.xes,0.0,na,['sudden'],1,1,1,0,no_drift,[],[],2476,0.1,247,0,0,0
8837,log_1960_1708943150.xes,0.0,na,['sudden'],1,1,1,0,sudden,[1248],[1249],2476,0.1,247,1,0,1
8838,log_1960_1708943150.xes,0.0,na,['sudden'],1,1,1,0,gradual_start,[],[],2476,0.1,247,0,0,0
8839,log_1960_1708943150.xes,0.0,na,['sudden'],1,1,1,0,gradual_end,[],[],2476,0.1,247,0,0,0
8840,log_2001_1708943148.xes,0.0,na,['sudden'],1,1,1,0,no_drift,[],[],2897,0.1,289,0,0,0
8841,log_2001_1708943148.xes,0.0,na,['sudden'],1,1,1,0,sudden,[1265],[1261],2897,0.1,289,1,0,1
8842,log_2001_1708943148.xes,0.0,na,['sudden'],1,1,1,0,gradual_start,[],[],2897,0.1,289,0,0,0
8843,log_2001_1708943148.xes,0.0,na,['sudden'],1,1,1,0,gradual_end,[],[],2897,0.1,289,0,0,0
8844,log_2289_1708943139.xes,0.0,na,"['sudden', 'sudden', 'sudden']",3,3,3,0,no_drift,[],[],6458,0.1,645,0,0,0
8845,log_2289_1708943139.xes,0.0,na,"['sudden', 'sudden', 'sudden']",3,3,3,0,sudden,"[1885, 3171, 4831]","[3137, 4801, 1857]",6458,0.1,645,3,0,3
8846,log_2289_1708943139.xes,0.0,na,"['sudden', 'sudden', 'sudden']",3,3,3,0,gradual_start,[],[],6458,0.1,645,0,0,0
8847,log_2289_1708943139.xes,0.0,na,"['sudden', 'sudden', 'sudden']",3,3,3,0,gradual_end,[],[],6458,0.1,645,0,0,0
8848,log_2627_1708943149.xes,0.6,na,['gradual'],1,2,0,1,no_drift,[],[],2759,0.1,275,0,0,0
8849,log_2627_1708943149.xes,0.6,na,['gradual'],1,2,0,1,sudden,[],[],2759,0.1,275,0,0,0
8850,log_2627_1708943149.xes,0.6,na,['gradual'],1,2,0,1,gradual_start,[1143],[1145],2759,0.1,275,1,0,1
8851,log_2627_1708943149.xes,0.6,na,['gradual'],1,2,0,1,gradual_end,[1562],[1548],2759,0.1,275,1,0,1
8852,log_2290_1708943150.xes,0.0,na,['gradual'],1,2,0,1,no_drift,[],[],3791,0.1,379,0,0,0
8853,log_2290_1708943150.xes,0.0,na,['gradual'],1,2,0,1,sudden,[],[],3791,0.1,379,0,0,0
8854,log_2290_1708943150.xes,0.0,na,['gradual'],1,2,0,1,gradual_start,[1609],[1585],3791,0.1,379,1,0,1
8855,log_2290_1708943150.xes,0.0,na,['gradual'],1,2,0,1,gradual_end,[2073],[2071],3791,0.1,379,1,0,1
8856,log_2371_1708943144.xes,0.6,na,['sudden'],1,1,1,0,no_drift,[],[],2905,0.1,290,0,0,0
8857,log_2371_1708943144.xes,0.6,na,['sudden'],1,1,1,0,sudden,[1038],[1023],2905,0.1,290,1,0,1
8858,log_2371_1708943144.xes,0.6,na,['sudden'],1,1,1,0,gradual_start,[],[],2905,0.1,290,0,0,0
8859,log_2371_1708943144.xes,0.6,na,['sudden'],1,1,1,0,gradual_end,[],[],2905,0.1,290,0,0,0
8860,log_2328_1708943149.xes,0.6,na,[],0,0,0,0,no_drift,[0],[0],3450,0.1,345,1,0,1
8861,log_2328_1708943149.xes,0.6,na,[],0,0,0,0,sudden,[],[],3450,0.1,345,0,0,0
8862,log_2328_1708943149.xes,0.6,na,[],0,0,0,0,gradual_start,[],[],3450,0.1,345,0,0,0
8863,log_2328_1708943149.xes,0.6,na,[],0,0,0,0,gradual_end,[],[],3450,0.1,345,0,0,0
8864,log_2813_1708943149.xes,0.0,na,['sudden'],1,1,1,0,no_drift,[],[],2952,0.1,295,0,0,0
8865,log_2813_1708943149.xes,0.0,na,['sudden'],1,1,1,0,sudden,[1805],[1793],2952,0.1,295,1,0,1
8866,log_2813_1708943149.xes,0.0,na,['sudden'],1,1,1,0,gradual_start,[],[],2952,0.1,295,0,0,0
8867,log_2813_1708943149.xes,0.0,na,['sudden'],1,1,1,0,gradual_end,[],[],2952,0.1,295,0,0,0
8868,log_2737_1708943145.xes,0.6,na,['gradual'],1,2,0,1,no_drift,[],[],3333,0.1,333,0,0,0
8869,log_2737_1708943145.xes,0.6,na,['gradual'],1,2,0,1,sudden,[],[],3333,0.1,333,0,0,0
8870,log_2737_1708943145.xes,0.6,na,['gradual'],1,2,0,1,gradual_start,[1027],[1041],3333,0.1,333,1,0,1
8871,log_2737_1708943145.xes,0.6,na,['gradual'],1,2,0,1,gradual_end,[1348],[1345],3333,0.1,333,1,0,1
8872,log_2291_1708943152.xes,0.6,na,[],0,0,0,0,no_drift,[0],[0],2990,0.1,299,1,0,1
8873,log_2291_1708943152.xes,0.6,na,[],0,0,0,0,sudden,[],[],2990,0.1,299,0,0,0
8874,log_2291_1708943152.xes,0.6,na,[],0,0,0,0,gradual_start,[],[],2990,0.1,299,0,0,0
8875,log_2291_1708943152.xes,0.6,na,[],0,0,0,0,gradual_end,[],[],2990,0.1,299,0,0,0
8876,log_2478_1708943148.xes,0.0,na,"['gradual', 'sudden']",2,3,1,1,no_drift,[],[],4229,0.1,422,0,0,0
8877,log_2478_1708943148.xes,0.0,na,"['gradual', 'sudden']",2,3,1,1,sudden,[2945],[2941],4229,0.1,422,1,0,1
8878,log_2478_1708943148.xes,0.0,na,"['gradual', 'sudden']",2,3,1,1,gradual_start,[1016],[],4229,0.1,422,0,0,1
8879,log_2478_1708943148.xes,0.0,na,"['gradual', 'sudden']",2,3,1,1,gradual_end,[1609],[],4229,0.1,422,0,0,1
8880,log_2405_1708943151.xes,0.0,na,['gradual'],1,2,0,1,no_drift,[],[],3925,0.1,392,0,0,0
8881,log_2405_1708943151.xes,0.0,na,['gradual'],1,2,0,1,sudden,[],[],3925,0.1,392,0,0,0
8882,log_2405_1708943151.xes,0.0,na,['gradual'],1,2,0,1,gradual_start,[1457],[1426],3925,0.1,392,1,0,1
8883,log_2405_1708943151.xes,0.0,na,['gradual'],1,2,0,1,gradual_end,[1939],[1977],3925,0.1,392,1,0,1
8884,log_2216_1708943150.xes,0.0,na,"['gradual', 'gradual', 'sudden']",3,5,1,2,no_drift,[],[],8389,0.1,838,0,0,0
8885,log_2216_1708943150.xes,0.0,na,"['gradual', 'gradual', 'sudden']",3,5,1,2,sudden,[6455],"[6397, 4019]",8389,0.1,838,1,1,1
8886,log_2216_1708943150.xes,0.0,na,"['gradual', 'gradual', 'sudden']",3,5,1,2,gradual_start,"[1938, 4048]",[],8389,0.1,838,0,0,2
8887,log_2216_1708943150.xes,0.0,na,"['gradual', 'gradual', 'sudden']",3,5,1,2,gradual_end,"[2251, 4512]",[],8389,0.1,838,0,0,2
8888,log_2073_1708943150.xes,0.3,na,['sudden'],1,1,1,0,no_drift,[],[],2969,0.1,296,0,0,0
8889,log_2073_1708943150.xes,0.3,na,['sudden'],1,1,1,0,sudden,[1603],[1583],2969,0.1,296,1,0,1
8890,log_2073_1708943150.xes,0.3,na,['sudden'],1,1,1,0,gradual_start,[],[],2969,0.1,296,0,0,0
8891,log_2073_1708943150.xes,0.3,na,['sudden'],1,1,1,0,gradual_end,[],[],2969,0.1,296,0,0,0
8892,log_2516_1708943146.xes,0.3,na,"['gradual', 'gradual']",2,4,0,2,no_drift,[],[],5477,0.1,547,0,0,0
8893,log_2516_1708943146.xes,0.3,na,"['gradual', 'gradual']",2,4,0,2,sudden,[],[],5477,0.1,547,0,0,0
8894,log_2516_1708943146.xes,0.3,na,"['gradual', 'gradual']",2,4,0,2,gradual_start,"[1387, 3830]",[1351],5477,0.1,547,1,0,2
8895,log_2516_1708943146.xes,0.3,na,"['gradual', 'gradual']",2,4,0,2,gradual_end,"[1871, 4209]",[1864],5477,0.1,547,1,0,2
8896,log_2177_1708943142.xes,0.0,na,"['gradual', 'sudden', 'sudden']",3,4,2,1,no_drift,[],[],7288,0.1,728,0,0,0
8897,log_2177_1708943142.xes,0.0,na,"['gradual', 'sudden', 'sudden']",3,4,2,1,sudden,"[4022, 5805]","[3997, 5761]",7288,0.1,728,2,0,2
8898,log_2177_1708943142.xes,0.0,na,"['gradual', 'sudden', 'sudden']",3,4,2,1,gradual_start,[1465],[],7288,0.1,728,0,0,1
8899,log_2177_1708943142.xes,0.0,na,"['gradual', 'sudden', 'sudden']",3,4,2,1,gradual_end,[2033],[],7288,0.1,728,0,0,1
8900,log_2738_1708943152.xes,0.3,na,"['sudden', 'gradual']",2,3,1,1,no_drift,[],[],4786,0.1,478,0,0,0
8901,log_2738_1708943152.xes,0.3,na,"['sudden', 'gradual']",2,3,1,1,sudden,[1117],[1082],4786,0.1,478,1,0,1
8902,log_2738_1708943152.xes,0.3,na,"['sudden', 'gradual']",2,3,1,1,gradual_start,[3045],[3037],4786,0.1,478,1,0,1
8903,log_2738_1708943152.xes,0.3,na,"['sudden', 'gradual']",2,3,1,1,gradual_end,[3449],[3474],4786,0.1,478,1,0,1
8904,log_2553_1708943149.xes,0.6,na,"['sudden', 'gradual', 'sudden']",3,4,2,1,no_drift,[],[],6789,0.1,678,0,0,0
8905,log_2553_1708943149.xes,0.6,na,"['sudden', 'gradual', 'sudden']",3,4,2,1,sudden,"[1607, 5536]","[5512, 1552]",6789,0.1,678,2,0,2
8906,log_2553_1708943149.xes,0.6,na,"['sudden', 'gradual', 'sudden']",3,4,2,1,gradual_start,[3254],[],6789,0.1,678,0,0,1
8907,log_2553_1708943149.xes,0.6,na,"['sudden', 'gradual', 'sudden']",3,4,2,1,gradual_end,[3685],[],6789,0.1,678,0,0,1
8908,log_2628_1708943151.xes,0.0,na,"['gradual', 'sudden', 'gradual']",3,5,1,2,no_drift,[],[],6998,0.1,699,0,0,0
8909,log_2628_1708943151.xes,0.0,na,"['gradual', 'sudden', 'gradual']",3,5,1,2,sudden,[3436],[3401],6998,0.1,699,1,0,1
8910,log_2628_1708943151.xes,0.0,na,"['gradual', 'sudden', 'gradual']",3,5,1,2,gradual_start,"[1725, 4570]",[4557],6998,0.1,699,1,0,2
8911,log_2628_1708943151.xes,0.0,na,"['gradual', 'sudden', 'gradual']",3,5,1,2,gradual_end,"[2278, 5017]",[4965],6998,0.1,699,1,0,2
8912,log_2440_1708943149.xes,0.6,na,"['sudden', 'sudden']",2,2,2,0,no_drift,[],[],4215,0.1,421,0,0,0
8913,log_2440_1708943149.xes,0.6,na,"['sudden', 'sudden']",2,2,2,0,sudden,"[1126, 2885]","[2857, 1114]",4215,0.1,421,2,0,2
8914,log_2440_1708943149.xes,0.6,na,"['sudden', 'sudden']",2,2,2,0,gradual_start,[],[],4215,0.1,421,0,0,0
8915,log_2440_1708943149.xes,0.6,na,"['sudden', 'sudden']",2,2,2,0,gradual_end,[],[],4215,0.1,421,0,0,0
8916,log_2777_1708943152.xes,0.3,na,['sudden'],1,1,1,0,no_drift,[],[],3283,0.1,328,0,0,0
8917,log_2777_1708943152.xes,0.3,na,['sudden'],1,1,1,0,sudden,[1868],[1841],3283,0.1,328,1,0,1
8918,log_2777_1708943152.xes,0.3,na,['sudden'],1,1,1,0,gradual_start,[],[],3283,0.1,328,0,0,0
8919,log_2777_1708943152.xes,0.3,na,['sudden'],1,1,1,0,gradual_end,[],[],3283,0.1,328,0,0,0
8920,log_2479_1708943152.xes,0.3,na,"['gradual', 'gradual']",2,4,0,2,no_drift,[],[0],6238,0.1,623,0,1,0
8921,log_2479_1708943152.xes,0.3,na,"['gradual', 'gradual']",2,4,0,2,sudden,[],[],6238,0.1,623,0,0,0
8922,log_2479_1708943152.xes,0.3,na,"['gradual', 'gradual']",2,4,0,2,gradual_start,"[1937, 4225]",[],6238,0.1,623,0,0,2
8923,log_2479_1708943152.xes,0.3,na,"['gradual', 'gradual']",2,4,0,2,gradual_end,"[2334, 4570]",[],6238,0.1,623,0,0,2
8924,log_2664_1708943149.xes,0.0,na,"['gradual', 'sudden']",2,3,1,1,no_drift,[],[],4765,0.1,476,0,0,0
8925,log_2664_1708943149.xes,0.0,na,"['gradual', 'sudden']",2,3,1,1,sudden,[2943],[2945],4765,0.1,476,1,0,1
8926,log_2664_1708943149.xes,0.0,na,"['gradual', 'sudden']",2,3,1,1,gradual_start,[1178],[1197],4765,0.1,476,1,0,1
8927,log_2664_1708943149.xes,0.0,na,"['gradual', 'sudden']",2,3,1,1,gradual_end,[1677],[1680],4765,0.1,476,1,0,1
8928,log_2590_1708943149.xes,0.0,na,['sudden'],1,1,1,0,no_drift,[],[],2402,0.1,240,0,0,0
8929,log_2590_1708943149.xes,0.0,na,['sudden'],1,1,1,0,sudden,[1170],[1165],2402,0.1,240,1,0,1
8930,log_2590_1708943149.xes,0.0,na,['sudden'],1,1,1,0,gradual_start,[],[],2402,0.1,240,0,0,0
8931,log_2590_1708943149.xes,0.0,na,['sudden'],1,1,1,0,gradual_end,[],[],2402,0.1,240,0,0,0
8932,log_2140_1708943150.xes,0.3,na,[],0,0,0,0,no_drift,[0],[0],5580,0.1,558,1,0,1
8933,log_2140_1708943150.xes,0.3,na,[],0,0,0,0,sudden,[],[],5580,0.1,558,0,0,0
8934,log_2140_1708943150.xes,0.3,na,[],0,0,0,0,gradual_start,[],[],5580,0.1,558,0,0,0
8935,log_2140_1708943150.xes,0.3,na,[],0,0,0,0,gradual_end,[],[],5580,0.1,558,0,0,0
8936,log_2406_1708943154.xes,0.0,na,[],0,0,0,0,no_drift,[0],[0],1853,0.1,185,1,0,1
8937,log_2406_1708943154.xes,0.0,na,[],0,0,0,0,sudden,[],[],1853,0.1,185,0,0,0
8938,log_2406_1708943154.xes,0.0,na,[],0,0,0,0,gradual_start,[],[],1853,0.1,185,0,0,0
8939,log_2406_1708943154.xes,0.0,na,[],0,0,0,0,gradual_end,[],[],1853,0.1,185,0,0,0
8940,log_2074_1708943154.xes,0.0,na,['gradual'],1,2,0,1,no_drift,[],[],3360,0.1,336,0,0,0
8941,log_2074_1708943154.xes,0.0,na,['gradual'],1,2,0,1,sudden,[],[],3360,0.1,336,0,0,0
8942,log_2074_1708943154.xes,0.0,na,['gradual'],1,2,0,1,gradual_start,[1256],[1249],3360,0.1,336,1,0,1
8943,log_2074_1708943154.xes,0.0,na,['gradual'],1,2,0,1,gradual_end,[1589],[1585],3360,0.1,336,1,0,1
8944,log_2256_1708943150.xes,0.0,na,"['gradual', 'sudden', 'sudden']",3,4,2,1,no_drift,[],[],6878,0.1,687,0,0,0
8945,log_2256_1708943150.xes,0.0,na,"['gradual', 'sudden', 'sudden']",3,4,2,1,sudden,"[3708, 4957]","[3707, 4931]",6878,0.1,687,2,0,2
8946,log_2256_1708943150.xes,0.0,na,"['gradual', 'sudden', 'sudden']",3,4,2,1,gradual_start,[1466],[],6878,0.1,687,0,0,1
8947,log_2256_1708943150.xes,0.0,na,"['gradual', 'sudden', 'sudden']",3,4,2,1,gradual_end,[1880],[],6878,0.1,687,0,0,1
8948,log_2035_1708943147.xes,0.6,na,"['gradual', 'gradual', 'sudden']",3,5,1,2,no_drift,[],[],6604,0.1,660,0,0,0
8949,log_2035_1708943147.xes,0.6,na,"['gradual', 'gradual', 'sudden']",3,5,1,2,sudden,[5089],[5083],6604,0.1,660,1,0,1
8950,log_2035_1708943147.xes,0.6,na,"['gradual', 'gradual', 'sudden']",3,5,1,2,gradual_start,"[1086, 3506]","[1057, 3499]",6604,0.1,660,2,0,2
8951,log_2035_1708943147.xes,0.6,na,"['gradual', 'gradual', 'sudden']",3,5,1,2,gradual_end,"[1631, 3867]","[1618, 3829]",6604,0.1,660,2,0,2
8952,log_1923_1708943149.xes,0.6,na,[],0,0,0,0,no_drift,[0],[0],2204,0.1,220,1,0,1
8953,log_1923_1708943149.xes,0.6,na,[],0,0,0,0,sudden,[],[],2204,0.1,220,0,0,0
8954,log_1923_1708943149.xes,0.6,na,[],0,0,0,0,gradual_start,[],[],2204,0.1,220,0,0,0
8955,log_1923_1708943149.xes,0.6,na,[],0,0,0,0,gradual_end,[],[],2204,0.1,220,0,0,0
8956,log_2814_1708943152.xes,0.0,na,[],0,0,0,0,no_drift,[0],[0],2962,0.1,296,1,0,1
8957,log_2814_1708943152.xes,0.0,na,[],0,0,0,0,sudden,[],[],2962,0.1,296,0,0,0
8958,log_2814_1708943152.xes,0.0,na,[],0,0,0,0,gradual_start,[],[],2962,0.1,296,0,0,0
8959,log_2814_1708943152.xes,0.0,na,[],0,0,0,0,gradual_end,[],[],2962,0.1,296,0,0,0
8960,log_2217_1708943154.xes,0.6,na,[],0,0,0,0,no_drift,[0],[0],5058,0.1,505,1,0,1
8961,log_2217_1708943154.xes,0.6,na,[],0,0,0,0,sudden,[],[],5058,0.1,505,0,0,0
8962,log_2217_1708943154.xes,0.6,na,[],0,0,0,0,gradual_start,[],[],5058,0.1,505,0,0,0
8963,log_2217_1708943154.xes,0.6,na,[],0,0,0,0,gradual_end,[],[],5058,0.1,505,0,0,0
8964,log_2002_1708943154.xes,0.6,na,['gradual'],1,2,0,1,no_drift,[],[],3222,0.1,322,0,0,0
8965,log_2002_1708943154.xes,0.6,na,['gradual'],1,2,0,1,sudden,[],[],3222,0.1,322,0,0,0
8966,log_2002_1708943154.xes,0.6,na,['gradual'],1,2,0,1,gradual_start,[1876],[1873],3222,0.1,322,1,0,1
8967,log_2002_1708943154.xes,0.6,na,['gradual'],1,2,0,1,gradual_end,[2203],[2209],3222,0.1,322,1,0,1
8968,log_2554_1708943154.xes,0.0,na,['gradual'],1,2,0,1,no_drift,[],[],3454,0.1,345,0,0,0
8969,log_2554_1708943154.xes,0.0,na,['gradual'],1,2,0,1,sudden,[],[],3454,0.1,345,0,0,0
8970,log_2554_1708943154.xes,0.0,na,['gradual'],1,2,0,1,gradual_start,[1184],[1174],3454,0.1,345,1,0,1
8971,log_2554_1708943154.xes,0.0,na,['gradual'],1,2,0,1,gradual_end,[1564],[1548],3454,0.1,345,1,0,1
8972,log_2329_1708943152.xes,0.3,na,"['sudden', 'sudden']",2,2,2,0,no_drift,[],[],4549,0.1,454,0,0,0
8973,log_2329_1708943152.xes,0.3,na,"['sudden', 'sudden']",2,2,2,0,sudden,"[1414, 3137]","[1365, 3125]",4549,0.1,454,2,0,2
8974,log_2329_1708943152.xes,0.3,na,"['sudden', 'sudden']",2,2,2,0,gradual_start,[],[],4549,0.1,454,0,0,0
8975,log_2329_1708943152.xes,0.3,na,"['sudden', 'sudden']",2,2,2,0,gradual_end,[],[],4549,0.1,454,0,0,0
8976,log_2218_1708943156.xes,0.6,na,['sudden'],1,1,1,0,no_drift,[],[],3137,0.1,313,0,0,0
8977,log_2218_1708943156.xes,0.6,na,['sudden'],1,1,1,0,sudden,[1215],[1201],3137,0.1,313,1,0,1
8978,log_2218_1708943156.xes,0.6,na,['sudden'],1,1,1,0,gradual_start,[],[],3137,0.1,313,0,0,0
8979,log_2218_1708943156.xes,0.6,na,['sudden'],1,1,1,0,gradual_end,[],[],3137,0.1,313,0,0,0
8980,log_2778_1708943155.xes,0.3,na,['sudden'],1,1,1,0,no_drift,[],[],2877,0.1,287,0,0,0
8981,log_2778_1708943155.xes,0.3,na,['sudden'],1,1,1,0,sudden,[1089],[1079],2877,0.1,287,1,0,1
8982,log_2778_1708943155.xes,0.3,na,['sudden'],1,1,1,0,gradual_start,[],[],2877,0.1,287,0,0,0
8983,log_2778_1708943155.xes,0.3,na,['sudden'],1,1,1,0,gradual_end,[],[],2877,0.1,287,0,0,0
8984,log_2330_1708943156.xes,0.3,na,['gradual'],1,2,0,1,no_drift,[],[],3571,0.1,357,0,0,0
8985,log_2330_1708943156.xes,0.3,na,['gradual'],1,2,0,1,sudden,[],[],3571,0.1,357,0,0,0
8986,log_2330_1708943156.xes,0.3,na,['gradual'],1,2,0,1,gradual_start,[1090],[1072],3571,0.1,357,1,0,1
8987,log_2330_1708943156.xes,0.3,na,['gradual'],1,2,0,1,gradual_end,[1619],[1616],3571,0.1,357,1,0,1
8988,log_2591_1708943153.xes,0.0,na,"['gradual', 'sudden', 'sudden']",3,4,2,1,no_drift,[],[],6509,0.1,650,0,0,0
8989,log_2591_1708943153.xes,0.0,na,"['gradual', 'sudden', 'sudden']",3,4,2,1,sudden,"[3918, 5128]","[3873, 5121]",6509,0.1,650,2,0,2
8990,log_2591_1708943153.xes,0.0,na,"['gradual', 'sudden', 'sudden']",3,4,2,1,gradual_start,[1908],[],6509,0.1,650,0,0,1
8991,log_2591_1708943153.xes,0.0,na,"['gradual', 'sudden', 'sudden']",3,4,2,1,gradual_end,[2247],[],6509,0.1,650,0,0,1
8992,log_2739_1708943155.xes,0.0,na,"['sudden', 'sudden']",2,2,2,0,no_drift,[],[],5364,0.1,536,0,0,0
8993,log_2739_1708943155.xes,0.0,na,"['sudden', 'sudden']",2,2,2,0,sudden,"[1837, 3508]",[3485],5364,0.1,536,1,0,2
8994,log_2739_1708943155.xes,0.0,na,"['sudden', 'sudden']",2,2,2,0,gradual_start,[],[],5364,0.1,536,0,0,0
8995,log_2739_1708943155.xes,0.0,na,"['sudden', 'sudden']",2,2,2,0,gradual_end,[],[],5364,0.1,536,0,0,0
8996,log_2592_1708943157.xes,0.0,na,['sudden'],1,1,1,0,no_drift,[],[],2977,0.1,297,0,0,0
8997,log_2592_1708943157.xes,0.0,na,['sudden'],1,1,1,0,sudden,[1295],[1275],2977,0.1,297,1,0,1
8998,log_2592_1708943157.xes,0.0,na,['sudden'],1,1,1,0,gradual_start,[],[],2977,0.1,297,0,0,0
8999,log_2592_1708943157.xes,0.0,na,['sudden'],1,1,1,0,gradual_end,[],[],2977,0.1,297,0,0,0
9000,log_2517_1708943153.xes,0.0,na,"['sudden', 'gradual']",2,3,1,1,no_drift,[],[0],4304,0.1,430,0,1,0
9001,log_2517_1708943153.xes,0.0,na,"['sudden', 'gradual']",2,3,1,1,sudden,[1579],[],4304,0.1,430,0,0,1
9002,log_2517_1708943153.xes,0.0,na,"['sudden', 'gradual']",2,3,1,1,gradual_start,[2912],[],4304,0.1,430,0,0,1
9003,log_2517_1708943153.xes,0.0,na,"['sudden', 'gradual']",2,3,1,1,gradual_end,[3223],[],4304,0.1,430,0,0,1
9004,log_2375_1708943169.xes,0.0,na,"['sudden', 'gradual', 'sudden']",3,4,2,1,no_drift,[],[],6931,0.1,693,0,0,0
9005,log_2375_1708943169.xes,0.0,na,"['sudden', 'gradual', 'sudden']",3,4,2,1,sudden,"[1741, 5129]","[1735, 5101]",6931,0.1,693,2,0,2
9006,log_2375_1708943169.xes,0.0,na,"['sudden', 'gradual', 'sudden']",3,4,2,1,gradual_start,[3024],[2993],6931,0.1,693,1,0,1
9007,log_2375_1708943169.xes,0.0,na,"['sudden', 'gradual', 'sudden']",3,4,2,1,gradual_end,[3520],[3503],6931,0.1,693,1,0,1
9008,log_2075_1708943156.xes,0.3,na,['sudden'],1,1,1,0,no_drift,[],[],2548,0.1,254,0,0,0
9009,log_2075_1708943156.xes,0.3,na,['sudden'],1,1,1,0,sudden,[1187],[1177],2548,0.1,254,1,0,1
9010,log_2075_1708943156.xes,0.3,na,['sudden'],1,1,1,0,gradual_start,[],[],2548,0.1,254,0,0,0
9011,log_2075_1708943156.xes,0.3,na,['sudden'],1,1,1,0,gradual_end,[],[],2548,0.1,254,0,0,0
9012,log_2222_1708943168.xes,0.3,na,['gradual'],1,2,0,1,no_drift,[],[0],3237,0.1,323,0,1,0
9013,log_2222_1708943168.xes,0.3,na,['gradual'],1,2,0,1,sudden,[],[],3237,0.1,323,0,0,0
9014,log_2222_1708943168.xes,0.3,na,['gradual'],1,2,0,1,gradual_start,[1514],[],3237,0.1,323,0,0,1
9015,log_2222_1708943168.xes,0.3,na,['gradual'],1,2,0,1,gradual_end,[2110],[],3237,0.1,323,0,0,1
9016,log_2003_1708943156.xes,0.3,na,['gradual'],1,2,0,1,no_drift,[],[],3576,0.1,357,0,0,0
9017,log_2003_1708943156.xes,0.3,na,['gradual'],1,2,0,1,sudden,[],[],3576,0.1,357,0,0,0
9018,log_2003_1708943156.xes,0.3,na,['gradual'],1,2,0,1,gradual_start,[1416],[1429],3576,0.1,357,1,0,1
9019,log_2003_1708943156.xes,0.3,na,['gradual'],1,2,0,1,gradual_end,[1843],[1837],3576,0.1,357,1,0,1
9020,log_2407_1708943155.xes,0.3,na,[],0,0,0,0,no_drift,[0],[0],4995,0.1,499,1,0,1
9021,log_2407_1708943155.xes,0.3,na,[],0,0,0,0,sudden,[],[],4995,0.1,499,0,0,0
9022,log_2407_1708943155.xes,0.3,na,[],0,0,0,0,gradual_start,[],[],4995,0.1,499,0,0,0
9023,log_2407_1708943155.xes,0.3,na,[],0,0,0,0,gradual_end,[],[],4995,0.1,499,0,0,0
9024,log_1924_1708943155.xes,0.0,na,"['sudden', 'gradual', 'sudden']",3,4,2,1,no_drift,[],[],5561,0.1,556,0,0,0
9025,log_1924_1708943155.xes,0.0,na,"['sudden', 'gradual', 'sudden']",3,4,2,1,sudden,"[1041, 4506]","[4483, 1000]",5561,0.1,556,2,0,2
9026,log_1924_1708943155.xes,0.0,na,"['sudden', 'gradual', 'sudden']",3,4,2,1,gradual_start,[2523],[],5561,0.1,556,0,0,1
9027,log_1924_1708943155.xes,0.0,na,"['sudden', 'gradual', 'sudden']",3,4,2,1,gradual_end,[2931],[],5561,0.1,556,0,0,1
9028,log_2141_1708943156.xes,0.3,na,"['sudden', 'gradual']",2,3,1,1,no_drift,[],[],4488,0.1,448,0,0,0
9029,log_2141_1708943156.xes,0.3,na,"['sudden', 'gradual']",2,3,1,1,sudden,[1781],[],4488,0.1,448,0,0,1
9030,log_2141_1708943156.xes,0.3,na,"['sudden', 'gradual']",2,3,1,1,gradual_start,[2900],[2883],4488,0.1,448,1,0,1
9031,log_2141_1708943156.xes,0.3,na,"['sudden', 'gradual']",2,3,1,1,gradual_end,[3466],[3455],4488,0.1,448,1,0,1
9032,log_2039_1708943167.xes,0.3,na,['gradual'],1,2,0,1,no_drift,[],[],3590,0.1,359,0,0,0
9033,log_2039_1708943167.xes,0.3,na,['gradual'],1,2,0,1,sudden,[],[],3590,0.1,359,0,0,0
9034,log_2039_1708943167.xes,0.3,na,['gradual'],1,2,0,1,gradual_start,[1852],[1820],3590,0.1,359,1,0,1
9035,log_2039_1708943167.xes,0.3,na,['gradual'],1,2,0,1,gradual_end,[2379],[2381],3590,0.1,359,1,0,1
9036,log_2742_1708943169.xes,0.6,na,['sudden'],1,1,1,0,no_drift,[],[],2426,0.1,242,0,0,0
9037,log_2742_1708943169.xes,0.6,na,['sudden'],1,1,1,0,sudden,[1406],[1393],2426,0.1,242,1,0,1
9038,log_2742_1708943169.xes,0.6,na,['sudden'],1,1,1,0,gradual_start,[],[],2426,0.1,242,0,0,0
9039,log_2742_1708943169.xes,0.6,na,['sudden'],1,1,1,0,gradual_end,[],[],2426,0.1,242,0,0,0
9040,log_2629_1708943156.xes,0.0,na,['gradual'],1,2,0,1,no_drift,[],[],3425,0.1,342,0,0,0
9041,log_2629_1708943156.xes,0.0,na,['gradual'],1,2,0,1,sudden,[],[],3425,0.1,342,0,0,0
9042,log_2629_1708943156.xes,0.0,na,['gradual'],1,2,0,1,gradual_start,[1894],[1922],3425,0.1,342,1,0,1
9043,log_2629_1708943156.xes,0.0,na,['gradual'],1,2,0,1,gradual_end,[2319],[2313],3425,0.1,342,1,0,1
9044,log_2178_1708943152.xes,0.0,na,"['gradual', 'gradual']",2,4,0,2,no_drift,[],[],5100,0.1,510,0,0,0
9045,log_2178_1708943152.xes,0.0,na,"['gradual', 'gradual']",2,4,0,2,sudden,[],[],5100,0.1,510,0,0,0
9046,log_2178_1708943152.xes,0.0,na,"['gradual', 'gradual']",2,4,0,2,gradual_start,"[1345, 3668]",[1301],5100,0.1,510,1,0,2
9047,log_2178_1708943152.xes,0.0,na,"['gradual', 'gradual']",2,4,0,2,gradual_end,"[1820, 4047]",[1801],5100,0.1,510,1,0,2
9048,log_2295_1708943168.xes,0.0,na,"['sudden', 'sudden', 'gradual']",3,4,2,1,no_drift,[],[],7218,0.1,721,0,0,0
9049,log_2295_1708943168.xes,0.0,na,"['sudden', 'sudden', 'gradual']",3,4,2,1,sudden,"[1334, 3197]","[1297, 3169]",7218,0.1,721,2,0,2
9050,log_2295_1708943168.xes,0.0,na,"['sudden', 'sudden', 'gradual']",3,4,2,1,gradual_start,[4706],[],7218,0.1,721,0,0,1
9051,log_2295_1708943168.xes,0.0,na,"['sudden', 'sudden', 'gradual']",3,4,2,1,gradual_end,[5302],[],7218,0.1,721,0,0,1
9052,log_2040_1708943170.xes,0.6,na,[],0,0,0,0,no_drift,[0],[0],3022,0.1,302,1,0,1
9053,log_2040_1708943170.xes,0.6,na,[],0,0,0,0,sudden,[],[],3022,0.1,302,0,0,0
9054,log_2040_1708943170.xes,0.6,na,[],0,0,0,0,gradual_start,[],[],3022,0.1,302,0,0,0
9055,log_2040_1708943170.xes,0.6,na,[],0,0,0,0,gradual_end,[],[],3022,0.1,302,0,0,0
9056,log_2817_1708943166.xes,0.0,na,"['sudden', 'gradual', 'gradual']",3,5,1,2,no_drift,[],[],7309,0.1,730,0,0,0
9057,log_2817_1708943166.xes,0.0,na,"['sudden', 'gradual', 'gradual']",3,5,1,2,sudden,[1483],[],7309,0.1,730,0,0,1
9058,log_2817_1708943166.xes,0.0,na,"['sudden', 'gradual', 'gradual']",3,5,1,2,gradual_start,"[3474, 5609]",[3493],7309,0.1,730,1,0,2
9059,log_2817_1708943166.xes,0.0,na,"['sudden', 'gradual', 'gradual']",3,5,1,2,gradual_end,"[4035, 6096]",[4069],7309,0.1,730,1,0,2
9060,log_2041_1708943172.xes,0.6,na,[],0,0,0,0,no_drift,[0],[0],1905,0.1,190,1,0,1
9061,log_2041_1708943172.xes,0.6,na,[],0,0,0,0,sudden,[],[],1905,0.1,190,0,0,0
9062,log_2041_1708943172.xes,0.6,na,[],0,0,0,0,gradual_start,[],[],1905,0.1,190,0,0,0
9063,log_2041_1708943172.xes,0.6,na,[],0,0,0,0,gradual_end,[],[],1905,0.1,190,0,0,0
9064,log_2702_1708943149.xes,0.0,na,['sudden'],1,1,1,0,no_drift,[],[],2984,0.1,298,0,0,0
9065,log_2702_1708943149.xes,0.0,na,['sudden'],1,1,1,0,sudden,[1860],[1849],2984,0.1,298,1,0,1
9066,log_2702_1708943149.xes,0.0,na,['sudden'],1,1,1,0,gradual_start,[],[],2984,0.1,298,0,0,0
9067,log_2702_1708943149.xes,0.0,na,['sudden'],1,1,1,0,gradual_end,[],[],2984,0.1,298,0,0,0
9068,log_2183_1708943172.xes,0.0,na,[],0,0,0,0,no_drift,[0],[0],1570,0.1,157,1,0,1
9069,log_2183_1708943172.xes,0.0,na,[],0,0,0,0,sudden,[],[],1570,0.1,157,0,0,0
9070,log_2183_1708943172.xes,0.0,na,[],0,0,0,0,gradual_start,[],[],1570,0.1,157,0,0,0
9071,log_2183_1708943172.xes,0.0,na,[],0,0,0,0,gradual_end,[],[],1570,0.1,157,0,0,0
9072,log_1963_1708943168.xes,0.6,na,[],0,0,0,0,no_drift,[0],[0],4854,0.1,485,1,0,1
9073,log_1963_1708943168.xes,0.6,na,[],0,0,0,0,sudden,[],[],4854,0.1,485,0,0,0
9074,log_1963_1708943168.xes,0.6,na,[],0,0,0,0,gradual_start,[],[],4854,0.1,485,0,0,0
9075,log_1963_1708943168.xes,0.6,na,[],0,0,0,0,gradual_end,[],[],4854,0.1,485,0,0,0
9076,log_2182_1708943169.xes,0.6,na,"['sudden', 'gradual']",2,3,1,1,no_drift,[],[0],4045,0.1,404,0,1,0
9077,log_2182_1708943169.xes,0.6,na,"['sudden', 'gradual']",2,3,1,1,sudden,[1077],[],4045,0.1,404,0,0,1
9078,log_2182_1708943169.xes,0.6,na,"['sudden', 'gradual']",2,3,1,1,gradual_start,[2157],[],4045,0.1,404,0,0,1
9079,log_2182_1708943169.xes,0.6,na,"['sudden', 'gradual']",2,3,1,1,gradual_end,[2499],[],4045,0.1,404,0,0,1
9080,log_2111_1708943169.xes,0.0,na,['sudden'],1,1,1,0,no_drift,[],[],2512,0.1,251,0,0,0
9081,log_2111_1708943169.xes,0.0,na,['sudden'],1,1,1,0,sudden,[1009],[997],2512,0.1,251,1,0,1
9082,log_2111_1708943169.xes,0.0,na,['sudden'],1,1,1,0,gradual_start,[],[],2512,0.1,251,0,0,0
9083,log_2111_1708943169.xes,0.0,na,['sudden'],1,1,1,0,gradual_end,[],[],2512,0.1,251,0,0,0
9084,log_2705_1708943171.xes,0.0,na,['sudden'],1,1,1,0,no_drift,[],[],2640,0.1,264,0,0,0
9085,log_2705_1708943171.xes,0.0,na,['sudden'],1,1,1,0,sudden,[1142],[1132],2640,0.1,264,1,0,1
9086,log_2705_1708943171.xes,0.0,na,['sudden'],1,1,1,0,gradual_start,[],[],2640,0.1,264,0,0,0
9087,log_2705_1708943171.xes,0.0,na,['sudden'],1,1,1,0,gradual_end,[],[],2640,0.1,264,0,0,0
9088,log_2445_1708943174.xes,0.3,na,[],0,0,0,0,no_drift,[0],[0],1058,0.1,105,1,0,1
9089,log_2445_1708943174.xes,0.3,na,[],0,0,0,0,sudden,[],[],1058,0.1,105,0,0,0
9090,log_2445_1708943174.xes,0.3,na,[],0,0,0,0,gradual_start,[],[],1058,0.1,105,0,0,0
9091,log_2445_1708943174.xes,0.3,na,[],0,0,0,0,gradual_end,[],[],1058,0.1,105,0,0,0
9092,log_2223_1708943171.xes,0.0,na,['sudden'],1,1,1,0,no_drift,[],[],2980,0.1,298,0,0,0
9093,log_2223_1708943171.xes,0.0,na,['sudden'],1,1,1,0,sudden,[1810],[1793],2980,0.1,298,1,0,1
9094,log_2223_1708943171.xes,0.0,na,['sudden'],1,1,1,0,gradual_start,[],[],2980,0.1,298,0,0,0
9095,log_2223_1708943171.xes,0.0,na,['sudden'],1,1,1,0,gradual_end,[],[],2980,0.1,298,0,0,0
9096,log_2444_1708943167.xes,0.0,na,"['sudden', 'sudden']",2,2,2,0,no_drift,[],[],4539,0.1,453,0,0,0
9097,log_2444_1708943167.xes,0.0,na,"['sudden', 'sudden']",2,2,2,0,sudden,"[1227, 3138]",[3103],4539,0.1,453,1,0,2
9098,log_2444_1708943167.xes,0.0,na,"['sudden', 'sudden']",2,2,2,0,gradual_start,[],[],4539,0.1,453,0,0,0
9099,log_2444_1708943167.xes,0.0,na,"['sudden', 'sudden']",2,2,2,0,gradual_end,[],[],4539,0.1,453,0,0,0
9100,log_1964_1708943172.xes,0.0,na,"['gradual', 'sudden']",2,3,1,1,no_drift,[],[],6129,0.1,612,0,0,0
9101,log_1964_1708943172.xes,0.0,na,"['gradual', 'sudden']",2,3,1,1,sudden,[4213],[4201],6129,0.1,612,1,0,1
9102,log_1964_1708943172.xes,0.0,na,"['gradual', 'sudden']",2,3,1,1,gradual_start,[1853],[],6129,0.1,612,0,0,1
9103,log_1964_1708943172.xes,0.0,na,"['gradual', 'sudden']",2,3,1,1,gradual_end,[2369],[],6129,0.1,612,0,0,1
9104,log_2144_1708943168.xes,0.3,na,[],0,0,0,0,no_drift,[0],[0],2484,0.1,248,1,0,1
9105,log_2144_1708943168.xes,0.3,na,[],0,0,0,0,sudden,[],[],2484,0.1,248,0,0,0
9106,log_2144_1708943168.xes,0.3,na,[],0,0,0,0,gradual_start,[],[],2484,0.1,248,0,0,0
9107,log_2144_1708943168.xes,0.3,na,[],0,0,0,0,gradual_end,[],[],2484,0.1,248,0,0,0
9108,log_2376_1708943171.xes,0.0,na,['sudden'],1,1,1,0,no_drift,[],[],3844,0.1,384,0,0,0
9109,log_2376_1708943171.xes,0.0,na,['sudden'],1,1,1,0,sudden,[1905],[1882],3844,0.1,384,1,0,1
9110,log_2376_1708943171.xes,0.0,na,['sudden'],1,1,1,0,gradual_start,[],[],3844,0.1,384,0,0,0
9111,log_2376_1708943171.xes,0.0,na,['sudden'],1,1,1,0,gradual_end,[],[],3844,0.1,384,0,0,0
9112,log_2818_1708943171.xes,0.6,na,['sudden'],1,1,1,0,no_drift,[],[],2667,0.1,266,0,0,0
9113,log_2818_1708943171.xes,0.6,na,['sudden'],1,1,1,0,sudden,[1099],[1080],2667,0.1,266,1,0,1
9114,log_2818_1708943171.xes,0.6,na,['sudden'],1,1,1,0,gradual_start,[],[],2667,0.1,266,0,0,0
9115,log_2818_1708943171.xes,0.6,na,['sudden'],1,1,1,0,gradual_end,[],[],2667,0.1,266,0,0,0
9116,log_2706_1708943173.xes,0.0,na,['sudden'],1,1,1,0,no_drift,[],[],2152,0.1,215,0,0,0
9117,log_2706_1708943173.xes,0.0,na,['sudden'],1,1,1,0,sudden,[1138],[1121],2152,0.1,215,1,0,1
9118,log_2706_1708943173.xes,0.0,na,['sudden'],1,1,1,0,gradual_start,[],[],2152,0.1,215,0,0,0
9119,log_2706_1708943173.xes,0.0,na,['sudden'],1,1,1,0,gradual_end,[],[],2152,0.1,215,0,0,0
9120,log_2819_1708943174.xes,0.0,na,"['gradual', 'sudden']",2,3,1,1,no_drift,[],[],5982,0.1,598,0,0,0
9121,log_2819_1708943174.xes,0.0,na,"['gradual', 'sudden']",2,3,1,1,sudden,[4184],[4206],5982,0.1,598,1,0,1
9122,log_2819_1708943174.xes,0.0,na,"['gradual', 'sudden']",2,3,1,1,gradual_start,[1894],[],5982,0.1,598,0,0,1
9123,log_2819_1708943174.xes,0.0,na,"['gradual', 'sudden']",2,3,1,1,gradual_end,[2295],[],5982,0.1,598,0,0,1
9124,log_2557_1708943167.xes,0.6,na,"['sudden', 'gradual']",2,3,1,1,no_drift,[],[],5191,0.1,519,0,0,0
9125,log_2557_1708943167.xes,0.6,na,"['sudden', 'gradual']",2,3,1,1,sudden,[1050],[],5191,0.1,519,0,0,1
9126,log_2557_1708943167.xes,0.6,na,"['sudden', 'gradual']",2,3,1,1,gradual_start,[3018],[3001],5191,0.1,519,1,0,1
9127,log_2557_1708943167.xes,0.6,na,"['sudden', 'gradual']",2,3,1,1,gradual_end,[3505],[3551],5191,0.1,519,1,0,1
9128,log_2108_1708943141.xes,0.0,na,"['sudden', 'sudden', 'gradual']",3,4,2,1,no_drift,[],[],6768,0.1,676,0,0,0
9129,log_2108_1708943141.xes,0.0,na,"['sudden', 'sudden', 'gradual']",3,4,2,1,sudden,"[1493, 3192]",[],6768,0.1,676,0,0,2
9130,log_2108_1708943141.xes,0.0,na,"['sudden', 'sudden', 'gradual']",3,4,2,1,gradual_start,[4537],[4489],6768,0.1,676,1,0,1
9131,log_2108_1708943141.xes,0.0,na,"['sudden', 'sudden', 'gradual']",3,4,2,1,gradual_end,[4883],[4852],6768,0.1,676,1,0,1
9132,log_2707_1708943175.xes,0.3,na,['gradual'],1,2,0,1,no_drift,[],[],3183,0.1,318,0,0,0
9133,log_2707_1708943175.xes,0.3,na,['gradual'],1,2,0,1,sudden,[],[],3183,0.1,318,0,0,0
9134,log_2707_1708943175.xes,0.3,na,['gradual'],1,2,0,1,gradual_start,[1210],[1201],3183,0.1,318,1,0,1
9135,log_2707_1708943175.xes,0.3,na,['gradual'],1,2,0,1,gradual_end,[1618],[1621],3183,0.1,318,1,0,1
9136,log_2782_1708943169.xes,0.3,na,"['sudden', 'gradual', 'sudden']",3,4,2,1,no_drift,[],[],5596,0.1,559,0,0,0
9137,log_2782_1708943169.xes,0.3,na,"['sudden', 'gradual', 'sudden']",3,4,2,1,sudden,"[1189, 4381]",[1162],5596,0.1,559,1,0,2
9138,log_2782_1708943169.xes,0.3,na,"['sudden', 'gradual', 'sudden']",3,4,2,1,gradual_start,[2361],[],5596,0.1,559,0,0,1
9139,log_2782_1708943169.xes,0.3,na,"['sudden', 'gradual', 'sudden']",3,4,2,1,gradual_end,[2761],[],5596,0.1,559,0,0,1
9140,log_2332_1708943172.xes,0.3,na,['sudden'],1,1,1,0,no_drift,[],[],3625,0.1,362,0,0,0
9141,log_2332_1708943172.xes,0.3,na,['sudden'],1,1,1,0,sudden,[1975],[1945],3625,0.1,362,1,0,1
9142,log_2332_1708943172.xes,0.3,na,['sudden'],1,1,1,0,gradual_start,[],[],3625,0.1,362,0,0,0
9143,log_2332_1708943172.xes,0.3,na,['sudden'],1,1,1,0,gradual_end,[],[],3625,0.1,362,0,0,0
9144,log_2224_1708943173.xes,0.6,na,['gradual'],1,2,0,1,no_drift,[],[],4021,0.1,402,0,0,0
9145,log_2224_1708943173.xes,0.6,na,['gradual'],1,2,0,1,sudden,[],[],4021,0.1,402,0,0,0
9146,log_2224_1708943173.xes,0.6,na,['gradual'],1,2,0,1,gradual_start,[1939],[1901],4021,0.1,402,1,0,1
9147,log_2224_1708943173.xes,0.6,na,['gradual'],1,2,0,1,gradual_end,[2303],[2301],4021,0.1,402,1,0,1
9148,log_2783_1708943177.xes,0.3,na,[],0,0,0,0,no_drift,[0],[0],2062,0.1,206,1,0,1
9149,log_2783_1708943177.xes,0.3,na,[],0,0,0,0,sudden,[],[],2062,0.1,206,0,0,0
9150,log_2783_1708943177.xes,0.3,na,[],0,0,0,0,gradual_start,[],[],2062,0.1,206,0,0,0
9151,log_2783_1708943177.xes,0.3,na,[],0,0,0,0,gradual_end,[],[],2062,0.1,206,0,0,0
9152,log_2558_1708943176.xes,0.3,na,"['gradual', 'sudden', 'sudden']",3,4,2,1,no_drift,[],[],7564,0.1,756,0,0,0
9153,log_2558_1708943176.xes,0.3,na,"['gradual', 'sudden', 'sudden']",3,4,2,1,sudden,"[3820, 5790]","[3812, 5736]",7564,0.1,756,2,0,2
9154,log_2558_1708943176.xes,0.3,na,"['gradual', 'sudden', 'sudden']",3,4,2,1,gradual_start,[1994],[],7564,0.1,756,0,0,1
9155,log_2558_1708943176.xes,0.3,na,"['gradual', 'sudden', 'sudden']",3,4,2,1,gradual_end,[2470],[],7564,0.1,756,0,0,1
9156,log_2296_1708943172.xes,0.0,na,"['gradual', 'sudden', 'sudden']",3,4,2,1,no_drift,[],[],5160,0.1,516,0,0,0
9157,log_2296_1708943172.xes,0.0,na,"['gradual', 'sudden', 'sudden']",3,4,2,1,sudden,"[2718, 4111]",[],5160,0.1,516,0,0,2
9158,log_2296_1708943172.xes,0.0,na,"['gradual', 'sudden', 'sudden']",3,4,2,1,gradual_start,[1073],[1076],5160,0.1,516,1,0,1
9159,log_2296_1708943172.xes,0.0,na,"['gradual', 'sudden', 'sudden']",3,4,2,1,gradual_end,[1630],[1626],5160,0.1,516,1,0,1
9160,log_2042_1708943174.xes,0.3,na,['gradual'],1,2,0,1,no_drift,[],[],3772,0.1,377,0,0,0
9161,log_2042_1708943174.xes,0.3,na,['gradual'],1,2,0,1,sudden,[],[],3772,0.1,377,0,0,0
9162,log_2042_1708943174.xes,0.3,na,['gradual'],1,2,0,1,gradual_start,[1865],[1819],3772,0.1,377,1,0,1
9163,log_2042_1708943174.xes,0.3,na,['gradual'],1,2,0,1,gradual_end,[2219],[2233],3772,0.1,377,1,0,1
9164,log_2519_1708943169.xes,0.6,na,"['gradual', 'gradual', 'gradual']",3,6,0,3,no_drift,[],[],7904,0.1,790,0,0,0
9165,log_2519_1708943169.xes,0.6,na,"['gradual', 'gradual', 'gradual']",3,6,0,3,sudden,[],[],7904,0.1,790,0,0,0
9166,log_2519_1708943169.xes,0.6,na,"['gradual', 'gradual', 'gradual']",3,6,0,3,gradual_start,"[1870, 3376, 5734]","[5734, 3394]",7904,0.1,790,2,0,3
9167,log_2519_1708943169.xes,0.6,na,"['gradual', 'gradual', 'gradual']",3,6,0,3,gradual_end,"[2180, 3769, 6290]","[6241, 3823]",7904,0.1,790,2,0,3
9168,log_2784_1708943178.xes,0.0,na,['gradual'],1,2,0,1,no_drift,[],[],3734,0.1,373,0,0,0
9169,log_2784_1708943178.xes,0.0,na,['gradual'],1,2,0,1,sudden,[],[],3734,0.1,373,0,0,0
9170,log_2784_1708943178.xes,0.0,na,['gradual'],1,2,0,1,gradual_start,[1856],[1819],3734,0.1,373,1,0,1
9171,log_2784_1708943178.xes,0.0,na,['gradual'],1,2,0,1,gradual_end,[2292],[2287],3734,0.1,373,1,0,1
9172,log_2006_1708943170.xes,0.0,na,"['sudden', 'sudden']",2,2,2,0,no_drift,[],[],5512,0.1,551,0,0,0
9173,log_2006_1708943170.xes,0.0,na,"['sudden', 'sudden']",2,2,2,0,sudden,"[1740, 3682]","[3646, 1729]",5512,0.1,551,2,0,2
9174,log_2006_1708943170.xes,0.0,na,"['sudden', 'sudden']",2,2,2,0,gradual_start,[],[],5512,0.1,551,0,0,0
9175,log_2006_1708943170.xes,0.0,na,"['sudden', 'sudden']",2,2,2,0,gradual_end,[],[],5512,0.1,551,0,0,0
9176,log_2112_1708943172.xes,0.0,na,"['sudden', 'sudden']",2,2,2,0,no_drift,[],[],4963,0.1,496,0,0,0
9177,log_2112_1708943172.xes,0.0,na,"['sudden', 'sudden']",2,2,2,0,sudden,"[1894, 3394]",[1897],4963,0.1,496,1,0,2
9178,log_2112_1708943172.xes,0.0,na,"['sudden', 'sudden']",2,2,2,0,gradual_start,[],[],4963,0.1,496,0,0,0
9179,log_2112_1708943172.xes,0.0,na,"['sudden', 'sudden']",2,2,2,0,gradual_end,[],[],4963,0.1,496,0,0,0
9180,log_2184_1708943173.xes,0.0,na,"['sudden', 'gradual']",2,3,1,1,no_drift,[],[],4380,0.1,438,0,0,0
9181,log_2184_1708943173.xes,0.0,na,"['sudden', 'gradual']",2,3,1,1,sudden,[1567],[1534],4380,0.1,438,1,0,1
9182,log_2184_1708943173.xes,0.0,na,"['sudden', 'gradual']",2,3,1,1,gradual_start,[2925],[],4380,0.1,438,0,0,1
9183,log_2184_1708943173.xes,0.0,na,"['sudden', 'gradual']",2,3,1,1,gradual_end,[3282],[],4380,0.1,438,0,0,1
9184,log_1928_1708943179.xes,0.6,na,[],0,0,0,0,no_drift,[0],[0],1113,0.1,111,1,0,1
9185,log_1928_1708943179.xes,0.6,na,[],0,0,0,0,sudden,[],[],1113,0.1,111,0,0,0
9186,log_1928_1708943179.xes,0.6,na,[],0,0,0,0,gradual_start,[],[],1113,0.1,111,0,0,0
9187,log_1928_1708943179.xes,0.6,na,[],0,0,0,0,gradual_end,[],[],1113,0.1,111,0,0,0
9188,log_2377_1708943174.xes,0.6,na,"['gradual', 'sudden']",2,3,1,1,no_drift,[],[],6008,0.1,600,0,0,0
9189,log_2377_1708943174.xes,0.6,na,"['gradual', 'sudden']",2,3,1,1,sudden,[4164],[4141],6008,0.1,600,1,0,1
9190,log_2377_1708943174.xes,0.6,na,"['gradual', 'sudden']",2,3,1,1,gradual_start,[1753],[],6008,0.1,600,0,0,1
9191,log_2377_1708943174.xes,0.6,na,"['gradual', 'sudden']",2,3,1,1,gradual_end,[2217],[],6008,0.1,600,0,0,1
9192,log_2668_1708943169.xes,0.3,na,"['gradual', 'sudden', 'gradual']",3,5,1,2,no_drift,[],[],7199,0.1,719,0,0,0
9193,log_2668_1708943169.xes,0.3,na,"['gradual', 'sudden', 'gradual']",3,5,1,2,sudden,[3006],[2976],7199,0.1,719,1,0,1
9194,log_2668_1708943169.xes,0.3,na,"['gradual', 'sudden', 'gradual']",3,5,1,2,gradual_start,"[1295, 4988]",[],7199,0.1,719,0,0,2
9195,log_2668_1708943169.xes,0.3,na,"['gradual', 'sudden', 'gradual']",3,5,1,2,gradual_end,"[1746, 5516]",[],7199,0.1,719,0,0,2
9196,log_2378_1708943178.xes,0.0,na,[],0,0,0,0,no_drift,[0],[0],3078,0.1,307,1,0,1
9197,log_2378_1708943178.xes,0.0,na,[],0,0,0,0,sudden,[],[],3078,0.1,307,0,0,0
9198,log_2378_1708943178.xes,0.0,na,[],0,0,0,0,gradual_start,[],[],3078,0.1,307,0,0,0
9199,log_2378_1708943178.xes,0.0,na,[],0,0,0,0,gradual_end,[],[],3078,0.1,307,0,0,0
9200,log_2481_1708943166.xes,0.6,na,"['gradual', 'sudden', 'gradual']",3,5,1,2,no_drift,[],[],6354,0.1,635,0,0,0
9201,log_2481_1708943166.xes,0.6,na,"['gradual', 'sudden', 'gradual']",3,5,1,2,sudden,[2856],[2822],6354,0.1,635,1,0,1
9202,log_2481_1708943166.xes,0.6,na,"['gradual', 'sudden', 'gradual']",3,5,1,2,gradual_start,"[1005, 4820]",[993],6354,0.1,635,1,0,2
9203,log_2481_1708943166.xes,0.6,na,"['gradual', 'sudden', 'gradual']",3,5,1,2,gradual_end,"[1546, 5339]",[1520],6354,0.1,635,1,0,2
9204,log_1965_1708943175.xes,0.6,na,"['gradual', 'gradual']",2,4,0,2,no_drift,[],[],4112,0.1,411,0,0,0
9205,log_1965_1708943175.xes,0.6,na,"['gradual', 'gradual']",2,4,0,2,sudden,[],[],4112,0.1,411,0,0,0
9206,log_1965_1708943175.xes,0.6,na,"['gradual', 'gradual']",2,4,0,2,gradual_start,"[1042, 2647]","[1041, 2641]",4112,0.1,411,2,0,2
9207,log_1965_1708943175.xes,0.6,na,"['gradual', 'gradual']",2,4,0,2,gradual_end,"[1605, 3038]","[1541, 3021]",4112,0.1,411,2,0,2
9208,log_2743_1708943171.xes,0.0,na,"['gradual', 'gradual', 'sudden']",3,5,1,2,no_drift,[],[],7442,0.1,744,0,0,0
9209,log_2743_1708943171.xes,0.0,na,"['gradual', 'gradual', 'sudden']",3,5,1,2,sudden,[5623],[5588],7442,0.1,744,1,0,1
9210,log_2743_1708943171.xes,0.0,na,"['gradual', 'gradual', 'sudden']",3,5,1,2,gradual_start,"[1680, 4139]",[],7442,0.1,744,0,0,2
9211,log_2743_1708943171.xes,0.0,na,"['gradual', 'gradual', 'sudden']",3,5,1,2,gradual_end,"[2214, 4594]",[],7442,0.1,744,0,0,2
9212,log_2409_1708943162.xes,0.0,na,"['sudden', 'gradual', 'gradual']",3,5,1,2,no_drift,[],[],6678,0.1,667,0,0,0
9213,log_2409_1708943162.xes,0.0,na,"['sudden', 'gradual', 'gradual']",3,5,1,2,sudden,[1446],[1420],6678,0.1,667,1,0,1
9214,log_2409_1708943162.xes,0.0,na,"['sudden', 'gradual', 'gradual']",3,5,1,2,gradual_start,"[2882, 4953]",[2839],6678,0.1,667,1,0,2
9215,log_2409_1708943162.xes,0.0,na,"['sudden', 'gradual', 'gradual']",3,5,1,2,gradual_end,"[3232, 5330]",[3169],6678,0.1,667,1,0,2
9216,log_2258_1708943163.xes,0.6,na,"['sudden', 'gradual', 'sudden']",3,4,2,1,no_drift,[],[],6550,0.1,655,0,0,0
9217,log_2258_1708943163.xes,0.6,na,"['sudden', 'gradual', 'sudden']",3,4,2,1,sudden,"[1921, 5385]",[1889],6550,0.1,655,1,0,2
9218,log_2258_1708943163.xes,0.6,na,"['sudden', 'gradual', 'sudden']",3,4,2,1,gradual_start,[3045],[3073],6550,0.1,655,1,0,1
9219,log_2258_1708943163.xes,0.6,na,"['sudden', 'gradual', 'sudden']",3,4,2,1,gradual_end,[3493],[3393],6550,0.1,655,1,0,1
9220,log_2520_1708943178.xes,0.6,na,['gradual'],1,2,0,1,no_drift,[],[],3221,0.1,322,0,0,0
9221,log_2520_1708943178.xes,0.6,na,['gradual'],1,2,0,1,sudden,[],[],3221,0.1,322,0,0,0
9222,log_2520_1708943178.xes,0.6,na,['gradual'],1,2,0,1,gradual_start,[1059],[1041],3221,0.1,322,1,0,1
9223,log_2520_1708943178.xes,0.6,na,['gradual'],1,2,0,1,gradual_end,[1371],[1377],3221,0.1,322,1,0,1
9224,log_2482_1708943179.xes,0.3,na,"['gradual', 'gradual']",2,4,0,2,no_drift,[],[],5678,0.1,567,0,0,0
9225,log_2482_1708943179.xes,0.3,na,"['gradual', 'gradual']",2,4,0,2,sudden,[],[],5678,0.1,567,0,0,0
9226,log_2482_1708943179.xes,0.3,na,"['gradual', 'gradual']",2,4,0,2,gradual_start,"[1721, 3425]",[3417],5678,0.1,567,1,0,2
9227,log_2482_1708943179.xes,0.3,na,"['gradual', 'gradual']",2,4,0,2,gradual_end,"[2232, 4007]",[4005],5678,0.1,567,1,0,2
9228,log_2007_1708943178.xes,0.3,na,['gradual'],1,2,0,1,no_drift,[],[],3353,0.1,335,0,0,0
9229,log_2007_1708943178.xes,0.3,na,['gradual'],1,2,0,1,sudden,[],[],3353,0.1,335,0,0,0
9230,log_2007_1708943178.xes,0.3,na,['gradual'],1,2,0,1,gradual_start,[1783],[1777],3353,0.1,335,1,0,1
9231,log_2007_1708943178.xes,0.3,na,['gradual'],1,2,0,1,gradual_end,[2329],[2305],3353,0.1,335,1,0,1
9232,log_2669_1708943181.xes,0.0,na,[],0,0,0,0,no_drift,[0],[0],1145,0.1,114,1,0,1
9233,log_2669_1708943181.xes,0.0,na,[],0,0,0,0,sudden,[],[],1145,0.1,114,0,0,0
9234,log_2669_1708943181.xes,0.0,na,[],0,0,0,0,gradual_start,[],[],1145,0.1,114,0,0,0
9235,log_2669_1708943181.xes,0.0,na,[],0,0,0,0,gradual_end,[],[],1145,0.1,114,0,0,0
9236,log_2113_1708943177.xes,0.3,na,"['sudden', 'sudden']",2,2,2,0,no_drift,[],[],4781,0.1,478,0,0,0
9237,log_2113_1708943177.xes,0.3,na,"['sudden', 'sudden']",2,2,2,0,sudden,"[1698, 3347]","[1657, 3313]",4781,0.1,478,2,0,2
9238,log_2113_1708943177.xes,0.3,na,"['sudden', 'sudden']",2,2,2,0,gradual_start,[],[],4781,0.1,478,0,0,0
9239,log_2113_1708943177.xes,0.3,na,"['sudden', 'sudden']",2,2,2,0,gradual_end,[],[],4781,0.1,478,0,0,0
9240,log_1927_1708943166.xes,0.3,na,"['gradual', 'sudden']",2,3,1,1,no_drift,[],[],4991,0.1,499,0,0,0
9241,log_1927_1708943166.xes,0.3,na,"['gradual', 'sudden']",2,3,1,1,sudden,[3547],[3529],4991,0.1,499,1,0,1
9242,log_1927_1708943166.xes,0.3,na,"['gradual', 'sudden']",2,3,1,1,gradual_start,[1309],[1297],4991,0.1,499,1,0,1
9243,log_1927_1708943166.xes,0.3,na,"['gradual', 'sudden']",2,3,1,1,gradual_end,[1799],[1753],4991,0.1,499,1,0,1
9244,log_2630_1708943160.xes,0.0,na,"['gradual', 'gradual', 'gradual']",3,6,0,3,no_drift,[],[],7942,0.1,794,0,0,0
9245,log_2630_1708943160.xes,0.0,na,"['gradual', 'gradual', 'gradual']",3,6,0,3,sudden,[],[3433],7942,0.1,794,0,1,0
9246,log_2630_1708943160.xes,0.0,na,"['gradual', 'gradual', 'gradual']",3,6,0,3,gradual_start,"[1488, 3497, 5927]","[5968, 1483]",7942,0.1,794,2,0,3
9247,log_2630_1708943160.xes,0.0,na,"['gradual', 'gradual', 'gradual']",3,6,0,3,gradual_end,"[1995, 4042, 6442]","[6397, 1912]",7942,0.1,794,2,0,3
9248,log_2297_1708943178.xes,0.0,na,"['gradual', 'sudden', 'sudden']",3,4,2,1,no_drift,[],[],7134,0.1,713,0,0,0
9249,log_2297_1708943178.xes,0.0,na,"['gradual', 'sudden', 'sudden']",3,4,2,1,sudden,"[4049, 5813]","[4026, 5776]",7134,0.1,713,2,0,2
9250,log_2297_1708943178.xes,0.0,na,"['gradual', 'sudden', 'sudden']",3,4,2,1,gradual_start,[1871],[],7134,0.1,713,0,0,1
9251,log_2297_1708943178.xes,0.0,na,"['gradual', 'sudden', 'sudden']",3,4,2,1,gradual_end,[2434],[],7134,0.1,713,0,0,1
9252,log_2596_1708943170.xes,0.0,na,"['gradual', 'gradual']",2,4,0,2,no_drift,[],[],5970,0.1,597,0,0,0
9253,log_2596_1708943170.xes,0.0,na,"['gradual', 'gradual']",2,4,0,2,sudden,[],[],5970,0.1,597,0,0,0
9254,log_2596_1708943170.xes,0.0,na,"['gradual', 'gradual']",2,4,0,2,gradual_start,"[1957, 3488]",[3481],5970,0.1,597,1,0,2
9255,log_2596_1708943170.xes,0.0,na,"['gradual', 'gradual']",2,4,0,2,gradual_end,"[2276, 4029]",[4003],5970,0.1,597,1,0,2
9256,log_2785_1708943180.xes,0.0,na,['gradual'],1,2,0,1,no_drift,[],[],2939,0.1,293,0,0,0
9257,log_2785_1708943180.xes,0.0,na,['gradual'],1,2,0,1,sudden,[],[],2939,0.1,293,0,0,0
9258,log_2785_1708943180.xes,0.0,na,['gradual'],1,2,0,1,gradual_start,[1469],[1471],2939,0.1,293,1,0,1
9259,log_2785_1708943180.xes,0.0,na,['gradual'],1,2,0,1,gradual_end,[1876],[1877],2939,0.1,293,1,0,1
9260,log_2298_1708943182.xes,0.3,na,['sudden'],1,1,1,0,no_drift,[],[0],2352,0.1,235,0,1,0
9261,log_2298_1708943182.xes,0.3,na,['sudden'],1,1,1,0,sudden,[1030],[],2352,0.1,235,0,0,1
9262,log_2298_1708943182.xes,0.3,na,['sudden'],1,1,1,0,gradual_start,[],[],2352,0.1,235,0,0,0
9263,log_2298_1708943182.xes,0.3,na,['sudden'],1,1,1,0,gradual_end,[],[],2352,0.1,235,0,0,0
9264,log_2081_1708943169.xes,0.3,na,"['sudden', 'sudden']",2,2,2,0,no_drift,[],[],4917,0.1,491,0,0,0
9265,log_2081_1708943169.xes,0.3,na,"['sudden', 'sudden']",2,2,2,0,sudden,"[1102, 3047]","[3001, 1057]",4917,0.1,491,2,0,2
9266,log_2081_1708943169.xes,0.3,na,"['sudden', 'sudden']",2,2,2,0,gradual_start,[],[],4917,0.1,491,0,0,0
9267,log_2081_1708943169.xes,0.3,na,"['sudden', 'sudden']",2,2,2,0,gradual_end,[],[],4917,0.1,491,0,0,0
9268,log_2082_1708943180.xes,0.0,na,[],0,0,0,0,no_drift,[0],[0],3354,0.1,335,1,0,1
9269,log_2082_1708943180.xes,0.0,na,[],0,0,0,0,sudden,[],[],3354,0.1,335,0,0,0
9270,log_2082_1708943180.xes,0.0,na,[],0,0,0,0,gradual_start,[],[],3354,0.1,335,0,0,0
9271,log_2082_1708943180.xes,0.0,na,[],0,0,0,0,gradual_end,[],[],3354,0.1,335,0,0,0
9272,log_2410_1708943180.xes,0.6,na,"['sudden', 'gradual']",2,3,1,1,no_drift,[],[0],4324,0.1,432,0,1,0
9273,log_2410_1708943180.xes,0.6,na,"['sudden', 'gradual']",2,3,1,1,sudden,[1318],[],4324,0.1,432,0,0,1
9274,log_2410_1708943180.xes,0.6,na,"['sudden', 'gradual']",2,3,1,1,gradual_start,[2384],[],4324,0.1,432,0,0,1
9275,log_2410_1708943180.xes,0.6,na,"['sudden', 'gradual']",2,3,1,1,gradual_end,[2936],[],4324,0.1,432,0,0,1
9276,log_2083_1708943183.xes,0.0,na,[],0,0,0,0,no_drift,[0],[0],1362,0.1,136,1,0,1
9277,log_2083_1708943183.xes,0.0,na,[],0,0,0,0,sudden,[],[],1362,0.1,136,0,0,0
9278,log_2083_1708943183.xes,0.0,na,[],0,0,0,0,gradual_start,[],[],1362,0.1,136,0,0,0
9279,log_2083_1708943183.xes,0.0,na,[],0,0,0,0,gradual_end,[],[],1362,0.1,136,0,0,0
9280,log_2708_1708943178.xes,0.6,na,['gradual'],1,2,0,1,no_drift,[],[0],3657,0.1,365,0,1,0
9281,log_2708_1708943178.xes,0.6,na,['gradual'],1,2,0,1,sudden,[],[],3657,0.1,365,0,0,0
9282,log_2708_1708943178.xes,0.6,na,['gradual'],1,2,0,1,gradual_start,[1524],[],3657,0.1,365,0,0,1
9283,log_2708_1708943178.xes,0.6,na,['gradual'],1,2,0,1,gradual_end,[2001],[],3657,0.1,365,0,0,1
9284,log_2521_1708943180.xes,0.0,na,"['gradual', 'gradual']",2,4,0,2,no_drift,[],[],5670,0.1,567,0,0,0
9285,log_2521_1708943180.xes,0.0,na,"['gradual', 'gradual']",2,4,0,2,sudden,[],[],5670,0.1,567,0,0,0
9286,log_2521_1708943180.xes,0.0,na,"['gradual', 'gradual']",2,4,0,2,gradual_start,"[1276, 3752]",[1261],5670,0.1,567,1,0,2
9287,log_2521_1708943180.xes,0.0,na,"['gradual', 'gradual']",2,4,0,2,gradual_end,"[1754, 4164]",[1765],5670,0.1,567,1,0,2
9288,log_1930_1708943184.xes,0.3,na,['gradual'],1,2,0,1,no_drift,[],[],3509,0.1,350,0,0,0
9289,log_1930_1708943184.xes,0.3,na,['gradual'],1,2,0,1,sudden,[],[],3509,0.1,350,0,0,0
9290,log_1930_1708943184.xes,0.3,na,['gradual'],1,2,0,1,gradual_start,[1856],[1888],3509,0.1,350,1,0,1
9291,log_1930_1708943184.xes,0.3,na,['gradual'],1,2,0,1,gradual_end,[2299],[2296],3509,0.1,350,1,0,1
9292,log_2597_1708943180.xes,0.3,na,"['sudden', 'sudden', 'gradual']",3,4,2,1,no_drift,[],[],5931,0.1,593,0,0,0
9293,log_2597_1708943180.xes,0.3,na,"['sudden', 'sudden', 'gradual']",3,4,2,1,sudden,"[1482, 2906]",[1480],5931,0.1,593,1,0,2
9294,log_2597_1708943180.xes,0.3,na,"['sudden', 'sudden', 'gradual']",3,4,2,1,gradual_start,[4516],[4496],5931,0.1,593,1,0,1
9295,log_2597_1708943180.xes,0.3,na,"['sudden', 'sudden', 'gradual']",3,4,2,1,gradual_end,[4850],[4815],5931,0.1,593,1,0,1
9296,log_1929_1708943180.xes,0.6,na,"['sudden', 'sudden', 'sudden']",3,3,3,0,no_drift,[],[],6201,0.1,620,0,0,0
9297,log_1929_1708943180.xes,0.6,na,"['sudden', 'sudden', 'sudden']",3,3,3,0,sudden,"[1736, 3185, 5038]","[1706, 3163]",6201,0.1,620,2,0,3
9298,log_1929_1708943180.xes,0.6,na,"['sudden', 'sudden', 'sudden']",3,3,3,0,gradual_start,[],[],6201,0.1,620,0,0,0
9299,log_1929_1708943180.xes,0.6,na,"['sudden', 'sudden', 'sudden']",3,3,3,0,gradual_end,[],[],6201,0.1,620,0,0,0
9300,log_2631_1708943177.xes,0.6,na,['gradual'],1,2,0,1,no_drift,[],[],2921,0.1,292,0,0,0
9301,log_2631_1708943177.xes,0.6,na,['gradual'],1,2,0,1,sudden,[],[],2921,0.1,292,0,0,0
9302,log_2631_1708943177.xes,0.6,na,['gradual'],1,2,0,1,gradual_start,[1246],[1247],2921,0.1,292,1,0,1
9303,log_2631_1708943177.xes,0.6,na,['gradual'],1,2,0,1,gradual_end,[1690],[1667],2921,0.1,292,1,0,1
9304,log_2786_1708943183.xes,0.3,na,[],0,0,0,0,no_drift,[0],[0],5572,0.1,557,1,0,1
9305,log_2786_1708943183.xes,0.3,na,[],0,0,0,0,sudden,[],[],5572,0.1,557,0,0,0
9306,log_2786_1708943183.xes,0.3,na,[],0,0,0,0,gradual_start,[],[],5572,0.1,557,0,0,0
9307,log_2786_1708943183.xes,0.3,na,[],0,0,0,0,gradual_end,[],[],5572,0.1,557,0,0,0
9308,log_2333_1708943177.xes,0.6,na,[],0,0,0,0,no_drift,[0],[0],7348,0.1,734,1,0,1
9309,log_2333_1708943177.xes,0.6,na,[],0,0,0,0,sudden,[],[],7348,0.1,734,0,0,0
9310,log_2333_1708943177.xes,0.6,na,[],0,0,0,0,gradual_start,[],[],7348,0.1,734,0,0,0
9311,log_2333_1708943177.xes,0.6,na,[],0,0,0,0,gradual_end,[],[],7348,0.1,734,0,0,0
9312,log_2709_1708943183.xes,0.3,na,['gradual'],1,2,0,1,no_drift,[],[],3522,0.1,352,0,0,0
9313,log_2709_1708943183.xes,0.3,na,['gradual'],1,2,0,1,sudden,[],[],3522,0.1,352,0,0,0
9314,log_2709_1708943183.xes,0.3,na,['gradual'],1,2,0,1,gradual_start,[1850],[1854],3522,0.1,352,1,0,1
9315,log_2709_1708943183.xes,0.3,na,['gradual'],1,2,0,1,gradual_end,[2296],[2245],3522,0.1,352,1,0,1
9316,log_2114_1708943181.xes,0.3,na,[],0,0,0,0,no_drift,[0],[0],5504,0.1,550,1,0,1
9317,log_2114_1708943181.xes,0.3,na,[],0,0,0,0,sudden,[],[],5504,0.1,550,0,0,0
9318,log_2114_1708943181.xes,0.3,na,[],0,0,0,0,gradual_start,[],[],5504,0.1,550,0,0,0
9319,log_2114_1708943181.xes,0.3,na,[],0,0,0,0,gradual_end,[],[],5504,0.1,550,0,0,0
9320,log_2008_1708943180.xes,0.6,na,"['gradual', 'gradual', 'sudden']",3,5,1,2,no_drift,[],[],7422,0.1,742,0,0,0
9321,log_2008_1708943180.xes,0.6,na,"['gradual', 'gradual', 'sudden']",3,5,1,2,sudden,[6343],[],7422,0.1,742,0,0,1
9322,log_2008_1708943180.xes,0.6,na,"['gradual', 'gradual', 'sudden']",3,5,1,2,gradual_start,"[1438, 3971]",[1481],7422,0.1,742,1,0,2
9323,log_2008_1708943180.xes,0.6,na,"['gradual', 'gradual', 'sudden']",3,5,1,2,gradual_end,"[2026, 4364]",[1925],7422,0.1,742,1,0,2
9324,log_2744_1708943178.xes,0.3,na,['gradual'],1,2,0,1,no_drift,[],[],3840,0.1,384,0,0,0
9325,log_2744_1708943178.xes,0.3,na,['gradual'],1,2,0,1,sudden,[],[],3840,0.1,384,0,0,0
9326,log_2744_1708943178.xes,0.3,na,['gradual'],1,2,0,1,gradual_start,[1769],[1692],3840,0.1,384,1,0,1
9327,log_2744_1708943178.xes,0.3,na,['gradual'],1,2,0,1,gradual_end,[2332],[2300],3840,0.1,384,1,0,1
9328,log_2483_1708943181.xes,0.6,na,[],0,0,0,0,no_drift,[0],[0],1789,0.1,178,1,0,1
9329,log_2483_1708943181.xes,0.6,na,[],0,0,0,0,sudden,[],[],1789,0.1,178,0,0,0
9330,log_2483_1708943181.xes,0.6,na,[],0,0,0,0,gradual_start,[],[],1789,0.1,178,0,0,0
9331,log_2483_1708943181.xes,0.6,na,[],0,0,0,0,gradual_end,[],[],1789,0.1,178,0,0,0
9332,log_2670_1708943182.xes,0.6,na,"['sudden', 'sudden', 'sudden']",3,3,3,0,no_drift,[],[],5175,0.1,517,0,0,0
9333,log_2670_1708943182.xes,0.6,na,"['sudden', 'sudden', 'sudden']",3,3,3,0,sudden,"[1013, 2623, 4114]",[2601],5175,0.1,517,1,0,3
9334,log_2670_1708943182.xes,0.6,na,"['sudden', 'sudden', 'sudden']",3,3,3,0,gradual_start,[],[],5175,0.1,517,0,0,0
9335,log_2670_1708943182.xes,0.6,na,"['sudden', 'sudden', 'sudden']",3,3,3,0,gradual_end,[],[],5175,0.1,517,0,0,0
9336,log_2787_1708943186.xes,0.0,na,[],0,0,0,0,no_drift,[0],[0],1993,0.1,199,1,0,1
9337,log_2787_1708943186.xes,0.0,na,[],0,0,0,0,sudden,[],[],1993,0.1,199,0,0,0
9338,log_2787_1708943186.xes,0.0,na,[],0,0,0,0,gradual_start,[],[],1993,0.1,199,0,0,0
9339,log_2787_1708943186.xes,0.0,na,[],0,0,0,0,gradual_end,[],[],1993,0.1,199,0,0,0
9340,log_2084_1708943184.xes,0.0,na,['sudden'],1,1,1,0,no_drift,[],[],3312,0.1,331,0,0,0
9341,log_2084_1708943184.xes,0.0,na,['sudden'],1,1,1,0,sudden,[1807],[1777],3312,0.1,331,1,0,1
9342,log_2084_1708943184.xes,0.0,na,['sudden'],1,1,1,0,gradual_start,[],[],3312,0.1,331,0,0,0
9343,log_2084_1708943184.xes,0.0,na,['sudden'],1,1,1,0,gradual_end,[],[],3312,0.1,331,0,0,0
9344,log_2044_1708943186.xes,0.3,na,[],0,0,0,0,no_drift,[0],[0],6060,0.1,606,1,0,1
9345,log_2044_1708943186.xes,0.3,na,[],0,0,0,0,sudden,[],[],6060,0.1,606,0,0,0
9346,log_2044_1708943186.xes,0.3,na,[],0,0,0,0,gradual_start,[],[],6060,0.1,606,0,0,0
9347,log_2044_1708943186.xes,0.3,na,[],0,0,0,0,gradual_end,[],[],6060,0.1,606,0,0,0
9348,log_1967_1708943187.xes,0.3,na,[],0,0,0,0,no_drift,[0],[0],3075,0.1,307,1,0,1
9349,log_1967_1708943187.xes,0.3,na,[],0,0,0,0,sudden,[],[],3075,0.1,307,0,0,0
9350,log_1967_1708943187.xes,0.3,na,[],0,0,0,0,gradual_start,[],[],3075,0.1,307,0,0,0
9351,log_1967_1708943187.xes,0.3,na,[],0,0,0,0,gradual_end,[],[],3075,0.1,307,0,0,0
9352,log_2043_1708943177.xes,0.0,na,"['gradual', 'sudden']",2,3,1,1,no_drift,[],[],5475,0.1,547,0,0,0
9353,log_2043_1708943177.xes,0.0,na,"['gradual', 'sudden']",2,3,1,1,sudden,[3731],[3700],5475,0.1,547,1,0,1
9354,log_2043_1708943177.xes,0.0,na,"['gradual', 'sudden']",2,3,1,1,gradual_start,[1407],[1405],5475,0.1,547,1,0,1
9355,log_2043_1708943177.xes,0.0,na,"['gradual', 'sudden']",2,3,1,1,gradual_end,[1773],[1756],5475,0.1,547,1,0,1
9356,log_1966_1708943181.xes,0.6,na,"['sudden', 'sudden']",2,2,2,0,no_drift,[],[],4634,0.1,463,0,0,0
9357,log_1966_1708943181.xes,0.6,na,"['sudden', 'sudden']",2,2,2,0,sudden,"[1900, 3463]","[3451, 1864]",4634,0.1,463,2,0,2
9358,log_1966_1708943181.xes,0.6,na,"['sudden', 'sudden']",2,2,2,0,gradual_start,[],[],4634,0.1,463,0,0,0
9359,log_1966_1708943181.xes,0.6,na,"['sudden', 'sudden']",2,2,2,0,gradual_end,[],[],4634,0.1,463,0,0,0
9360,log_2522_1708943183.xes,0.0,na,"['sudden', 'sudden', 'sudden']",3,3,3,0,no_drift,[],[],6455,0.1,645,0,0,0
9361,log_2522_1708943183.xes,0.0,na,"['sudden', 'sudden', 'sudden']",3,3,3,0,sudden,"[1289, 3135, 5042]","[3105, 5025, 1249]",6455,0.1,645,3,0,3
9362,log_2522_1708943183.xes,0.0,na,"['sudden', 'sudden', 'sudden']",3,3,3,0,gradual_start,[],[],6455,0.1,645,0,0,0
9363,log_2522_1708943183.xes,0.0,na,"['sudden', 'sudden', 'sudden']",3,3,3,0,gradual_end,[],[],6455,0.1,645,0,0,0
9364,log_2145_1708943172.xes,0.0,na,"['sudden', 'sudden', 'sudden']",3,3,3,0,no_drift,[],[],5662,0.1,566,0,0,0
9365,log_2145_1708943172.xes,0.0,na,"['sudden', 'sudden', 'sudden']",3,3,3,0,sudden,"[1130, 2171, 3841]","[2129, 1093]",5662,0.1,566,2,0,3
9366,log_2145_1708943172.xes,0.0,na,"['sudden', 'sudden', 'sudden']",3,3,3,0,gradual_start,[],[],5662,0.1,566,0,0,0
9367,log_2145_1708943172.xes,0.0,na,"['sudden', 'sudden', 'sudden']",3,3,3,0,gradual_end,[],[],5662,0.1,566,0,0,0
9368,log_2299_1708943184.xes,0.0,na,"['sudden', 'sudden']",2,2,2,0,no_drift,[],[],5296,0.1,529,0,0,0
9369,log_2299_1708943184.xes,0.0,na,"['sudden', 'sudden']",2,2,2,0,sudden,"[1876, 3849]","[3823, 1847]",5296,0.1,529,2,0,2
9370,log_2299_1708943184.xes,0.0,na,"['sudden', 'sudden']",2,2,2,0,gradual_start,[],[],5296,0.1,529,0,0,0
9371,log_2299_1708943184.xes,0.0,na,"['sudden', 'sudden']",2,2,2,0,gradual_end,[],[],5296,0.1,529,0,0,0
9372,log_2484_1708943185.xes,0.3,na,['gradual'],1,2,0,1,no_drift,[],[],3278,0.1,327,0,0,0
9373,log_2484_1708943185.xes,0.3,na,['gradual'],1,2,0,1,sudden,[],[],3278,0.1,327,0,0,0
9374,log_2484_1708943185.xes,0.3,na,['gradual'],1,2,0,1,gradual_start,[1312],[1329],3278,0.1,327,1,0,1
9375,log_2484_1708943185.xes,0.3,na,['gradual'],1,2,0,1,gradual_end,[1780],[1729],3278,0.1,327,1,0,1
9376,log_2788_1708943188.xes,0.0,na,['sudden'],1,1,1,0,no_drift,[],[],3336,0.1,333,0,0,0
9377,log_2788_1708943188.xes,0.0,na,['sudden'],1,1,1,0,sudden,[1712],[1697],3336,0.1,333,1,0,1
9378,log_2788_1708943188.xes,0.0,na,['sudden'],1,1,1,0,gradual_start,[],[],3336,0.1,333,0,0,0
9379,log_2788_1708943188.xes,0.0,na,['sudden'],1,1,1,0,gradual_end,[],[],3336,0.1,333,0,0,0
9380,log_2260_1708943189.xes,0.3,na,[],0,0,0,0,no_drift,[0],[0],1305,0.1,130,1,0,1
9381,log_2260_1708943189.xes,0.3,na,[],0,0,0,0,sudden,[],[],1305,0.1,130,0,0,0
9382,log_2260_1708943189.xes,0.3,na,[],0,0,0,0,gradual_start,[],[],1305,0.1,130,0,0,0
9383,log_2260_1708943189.xes,0.3,na,[],0,0,0,0,gradual_end,[],[],1305,0.1,130,0,0,0
9384,log_2225_1708943178.xes,0.0,na,"['sudden', 'gradual', 'gradual']",3,5,1,2,no_drift,[],[],5347,0.1,534,0,0,0
9385,log_2225_1708943178.xes,0.0,na,"['sudden', 'gradual', 'gradual']",3,5,1,2,sudden,[1315],[1301],5347,0.1,534,1,0,1
9386,log_2225_1708943178.xes,0.0,na,"['sudden', 'gradual', 'gradual']",3,5,1,2,gradual_start,"[2460, 3899]",[],5347,0.1,534,0,0,2
9387,log_2225_1708943178.xes,0.0,na,"['sudden', 'gradual', 'gradual']",3,5,1,2,gradual_end,"[2769, 4303]",[],5347,0.1,534,0,0,2
9388,log_2009_1708943184.xes,0.0,na,[],0,0,0,0,no_drift,[0],[0],3783,0.1,378,1,0,1
9389,log_2009_1708943184.xes,0.0,na,[],0,0,0,0,sudden,[],[],3783,0.1,378,0,0,0
9390,log_2009_1708943184.xes,0.0,na,[],0,0,0,0,gradual_start,[],[],3783,0.1,378,0,0,0
9391,log_2009_1708943184.xes,0.0,na,[],0,0,0,0,gradual_end,[],[],3783,0.1,378,0,0,0
9392,log_2411_1708943183.xes,0.6,na,"['sudden', 'gradual']",2,3,1,1,no_drift,[],[],4510,0.1,451,0,0,0
9393,log_2411_1708943183.xes,0.6,na,"['sudden', 'gradual']",2,3,1,1,sudden,[1469],[1453],4510,0.1,451,1,0,1
9394,log_2411_1708943183.xes,0.6,na,"['sudden', 'gradual']",2,3,1,1,gradual_start,[2674],[],4510,0.1,451,0,0,1
9395,log_2411_1708943183.xes,0.6,na,"['sudden', 'gradual']",2,3,1,1,gradual_end,[2998],[],4510,0.1,451,0,0,1
9396,log_2379_1708943180.xes,0.0,na,"['gradual', 'gradual', 'sudden']",3,5,1,2,no_drift,[],[],6672,0.1,667,0,0,0
9397,log_2379_1708943180.xes,0.0,na,"['gradual', 'gradual', 'sudden']",3,5,1,2,sudden,[4801],[4753],6672,0.1,667,1,0,1
9398,log_2379_1708943180.xes,0.0,na,"['gradual', 'gradual', 'sudden']",3,5,1,2,gradual_start,"[1398, 3007]",[3004],6672,0.1,667,1,0,2
9399,log_2379_1708943180.xes,0.0,na,"['gradual', 'gradual', 'sudden']",3,5,1,2,gradual_end,"[1926, 3362]",[3367],6672,0.1,667,1,0,2
9400,log_2115_1708943188.xes,0.0,na,['sudden'],1,1,1,0,no_drift,[],[],3202,0.1,320,0,0,0
9401,log_2115_1708943188.xes,0.0,na,['sudden'],1,1,1,0,sudden,[1241],[1233],3202,0.1,320,1,0,1
9402,log_2115_1708943188.xes,0.0,na,['sudden'],1,1,1,0,gradual_start,[],[],3202,0.1,320,0,0,0
9403,log_2115_1708943188.xes,0.0,na,['sudden'],1,1,1,0,gradual_end,[],[],3202,0.1,320,0,0,0
9404,log_2598_1708943187.xes,0.0,na,['gradual'],1,2,0,1,no_drift,[],[],3765,0.1,376,0,0,0
9405,log_2598_1708943187.xes,0.0,na,['gradual'],1,2,0,1,sudden,[],[],3765,0.1,376,0,0,0
9406,log_2598_1708943187.xes,0.0,na,['gradual'],1,2,0,1,gradual_start,[1979],[1963],3765,0.1,376,1,0,1
9407,log_2598_1708943187.xes,0.0,na,['gradual'],1,2,0,1,gradual_end,[2406],[2413],3765,0.1,376,1,0,1
9408,log_2523_1708943188.xes,0.0,na,"['sudden', 'gradual']",2,3,1,1,no_drift,[],[],4825,0.1,482,0,0,0
9409,log_2523_1708943188.xes,0.0,na,"['sudden', 'gradual']",2,3,1,1,sudden,[1267],[],4825,0.1,482,0,0,1
9410,log_2523_1708943188.xes,0.0,na,"['sudden', 'gradual']",2,3,1,1,gradual_start,[2662],[2641],4825,0.1,482,1,0,1
9411,log_2523_1708943188.xes,0.0,na,"['sudden', 'gradual']",2,3,1,1,gradual_end,[3017],[3001],4825,0.1,482,1,0,1
9412,log_2559_1708943181.xes,0.0,na,"['sudden', 'gradual', 'gradual']",3,5,1,2,no_drift,[],[],7703,0.1,770,0,0,0
9413,log_2559_1708943181.xes,0.0,na,"['sudden', 'gradual', 'gradual']",3,5,1,2,sudden,[1673],[1673],7703,0.1,770,1,0,1
9414,log_2559_1708943181.xes,0.0,na,"['sudden', 'gradual', 'gradual']",3,5,1,2,gradual_start,"[3665, 5380]",[],7703,0.1,770,0,0,2
9415,log_2559_1708943181.xes,0.0,na,"['sudden', 'gradual', 'gradual']",3,5,1,2,gradual_end,"[4153, 5900]",[],7703,0.1,770,0,0,2
9416,log_2745_1708943183.xes,0.0,na,"['sudden', 'gradual', 'gradual']",3,5,1,2,no_drift,[],[],7320,0.1,732,0,0,0
9417,log_2745_1708943183.xes,0.0,na,"['sudden', 'gradual', 'gradual']",3,5,1,2,sudden,[1244],[1189],7320,0.1,732,1,0,1
9418,log_2745_1708943183.xes,0.0,na,"['sudden', 'gradual', 'gradual']",3,5,1,2,gradual_start,"[2860, 4865]",[2845],7320,0.1,732,1,0,2
9419,log_2745_1708943183.xes,0.0,na,"['sudden', 'gradual', 'gradual']",3,5,1,2,gradual_end,"[3403, 5343]",[3349],7320,0.1,732,1,0,2
9420,log_2259_1708943181.xes,0.3,na,"['sudden', 'sudden', 'sudden']",3,3,3,0,no_drift,[],[],6608,0.1,660,0,0,0
9421,log_2259_1708943181.xes,0.3,na,"['sudden', 'sudden', 'sudden']",3,3,3,0,sudden,"[1776, 3374, 4832]","[1750, 3367, 4786]",6608,0.1,660,3,0,3
9422,log_2259_1708943181.xes,0.3,na,"['sudden', 'sudden', 'sudden']",3,3,3,0,gradual_start,[],[],6608,0.1,660,0,0,0
9423,log_2259_1708943181.xes,0.3,na,"['sudden', 'sudden', 'sudden']",3,3,3,0,gradual_end,[],[],6608,0.1,660,0,0,0
9424,log_2632_1708943186.xes,0.3,na,"['sudden', 'sudden', 'sudden']",3,3,3,0,no_drift,[],[],5873,0.1,587,0,0,0
9425,log_2632_1708943186.xes,0.3,na,"['sudden', 'sudden', 'sudden']",3,3,3,0,sudden,"[1467, 2841, 4391]","[2814, 1451]",5873,0.1,587,2,0,3
9426,log_2632_1708943186.xes,0.3,na,"['sudden', 'sudden', 'sudden']",3,3,3,0,gradual_start,[],[],5873,0.1,587,0,0,0
9427,log_2632_1708943186.xes,0.3,na,"['sudden', 'sudden', 'sudden']",3,3,3,0,gradual_end,[],[],5873,0.1,587,0,0,0
9428,log_1931_1708943185.xes,0.3,na,"['gradual', 'sudden', 'sudden']",3,4,2,1,no_drift,[],[],5897,0.1,589,0,0,0
9429,log_1931_1708943185.xes,0.3,na,"['gradual', 'sudden', 'sudden']",3,4,2,1,sudden,"[3489, 4829]","[3481, 4786]",5897,0.1,589,2,0,2
9430,log_1931_1708943185.xes,0.3,na,"['gradual', 'sudden', 'sudden']",3,4,2,1,gradual_start,[1870],[1857],5897,0.1,589,1,0,1
9431,log_1931_1708943185.xes,0.3,na,"['gradual', 'sudden', 'sudden']",3,4,2,1,gradual_end,[2459],[2408],5897,0.1,589,1,0,1
9432,log_2710_1708943186.xes,0.0,na,"['sudden', 'gradual', 'gradual']",3,5,1,2,no_drift,[],[],7450,0.1,745,0,0,0
9433,log_2710_1708943186.xes,0.0,na,"['sudden', 'gradual', 'gradual']",3,5,1,2,sudden,[1306],[],7450,0.1,745,0,0,1
9434,log_2710_1708943186.xes,0.0,na,"['sudden', 'gradual', 'gradual']",3,5,1,2,gradual_start,"[2963, 5245]","[2961, 5181]",7450,0.1,745,2,0,2
9435,log_2710_1708943186.xes,0.0,na,"['sudden', 'gradual', 'gradual']",3,5,1,2,gradual_end,"[3329, 5820]","[3294, 5773]",7450,0.1,745,2,0,2
9436,log_2380_1708943190.xes,0.0,na,[],0,0,0,0,no_drift,[0],[0],3598,0.1,359,1,0,1
9437,log_2380_1708943190.xes,0.0,na,[],0,0,0,0,sudden,[],[],3598,0.1,359,0,0,0
9438,log_2380_1708943190.xes,0.0,na,[],0,0,0,0,gradual_start,[],[],3598,0.1,359,0,0,0
9439,log_2380_1708943190.xes,0.0,na,[],0,0,0,0,gradual_end,[],[],3598,0.1,359,0,0,0
9440,log_2226_1708943187.xes,0.0,na,"['gradual', 'gradual']",2,4,0,2,no_drift,[],[],4901,0.1,490,0,0,0
9441,log_2226_1708943187.xes,0.0,na,"['gradual', 'gradual']",2,4,0,2,sudden,[],[],4901,0.1,490,0,0,0
9442,log_2226_1708943187.xes,0.0,na,"['gradual', 'gradual']",2,4,0,2,gradual_start,"[1003, 2776]","[2761, 961]",4901,0.1,490,2,0,2
9443,log_2226_1708943187.xes,0.0,na,"['gradual', 'gradual']",2,4,0,2,gradual_end,"[1362, 3320]","[3313, 1345]",4901,0.1,490,2,0,2
9444,log_2485_1708943188.xes,0.6,na,[],0,0,0,0,no_drift,[0],[0],4989,0.1,498,1,0,1
9445,log_2485_1708943188.xes,0.6,na,[],0,0,0,0,sudden,[],[],4989,0.1,498,0,0,0
9446,log_2485_1708943188.xes,0.6,na,[],0,0,0,0,gradual_start,[],[],4989,0.1,498,0,0,0
9447,log_2485_1708943188.xes,0.6,na,[],0,0,0,0,gradual_end,[],[],4989,0.1,498,0,0,0
9448,log_2560_1708943188.xes,0.6,na,['gradual'],1,2,0,1,no_drift,[],[],3295,0.1,329,0,0,0
9449,log_2560_1708943188.xes,0.6,na,['gradual'],1,2,0,1,sudden,[],[],3295,0.1,329,0,0,0
9450,log_2560_1708943188.xes,0.6,na,['gradual'],1,2,0,1,gradual_start,[1865],[1873],3295,0.1,329,1,0,1
9451,log_2560_1708943188.xes,0.6,na,['gradual'],1,2,0,1,gradual_end,[2274],[2257],3295,0.1,329,1,0,1
9452,log_2185_1708943178.xes,0.6,na,['gradual'],1,2,0,1,no_drift,[],[0],4268,0.1,426,0,1,0
9453,log_2185_1708943178.xes,0.6,na,['gradual'],1,2,0,1,sudden,[],[],4268,0.1,426,0,0,0
9454,log_2185_1708943178.xes,0.6,na,['gradual'],1,2,0,1,gradual_start,[1968],[],4268,0.1,426,0,0,1
9455,log_2185_1708943178.xes,0.6,na,['gradual'],1,2,0,1,gradual_end,[2277],[],4268,0.1,426,0,0,1
9456,log_2789_1708943190.xes,0.6,na,[],0,0,0,0,no_drift,[0],[0],1234,0.1,123,1,0,1
9457,log_2789_1708943190.xes,0.6,na,[],0,0,0,0,sudden,[],[],1234,0.1,123,0,0,0
9458,log_2789_1708943190.xes,0.6,na,[],0,0,0,0,gradual_start,[],[],1234,0.1,123,0,0,0
9459,log_2789_1708943190.xes,0.6,na,[],0,0,0,0,gradual_end,[],[],1234,0.1,123,0,0,0
9460,log_2412_1708943190.xes,0.0,na,['gradual'],1,2,0,1,no_drift,[],[],3328,0.1,332,0,0,0
9461,log_2412_1708943190.xes,0.0,na,['gradual'],1,2,0,1,sudden,[],[],3328,0.1,332,0,0,0
9462,log_2412_1708943190.xes,0.0,na,['gradual'],1,2,0,1,gradual_start,[1394],[1409],3328,0.1,332,1,0,1
9463,log_2412_1708943190.xes,0.0,na,['gradual'],1,2,0,1,gradual_end,[1983],[1969],3328,0.1,332,1,0,1
9464,log_2010_1708943188.xes,0.6,na,['gradual'],1,2,0,1,no_drift,[],[],3521,0.1,352,0,0,0
9465,log_2010_1708943188.xes,0.6,na,['gradual'],1,2,0,1,sudden,[],[],3521,0.1,352,0,0,0
9466,log_2010_1708943188.xes,0.6,na,['gradual'],1,2,0,1,gradual_start,[1810],[1803],3521,0.1,352,1,0,1
9467,log_2010_1708943188.xes,0.6,na,['gradual'],1,2,0,1,gradual_end,[2255],[2245],3521,0.1,352,1,0,1
9468,log_2599_1708943191.xes,0.6,na,[],0,0,0,0,no_drift,[0],[0],1341,0.1,134,1,0,1
9469,log_2599_1708943191.xes,0.6,na,[],0,0,0,0,sudden,[],[],1341,0.1,134,0,0,0
9470,log_2599_1708943191.xes,0.6,na,[],0,0,0,0,gradual_start,[],[],1341,0.1,134,0,0,0
9471,log_2599_1708943191.xes,0.6,na,[],0,0,0,0,gradual_end,[],[],1341,0.1,134,0,0,0
9472,log_2045_1708943189.xes,0.3,na,['gradual'],1,2,0,1,no_drift,[],[],3664,0.1,366,0,0,0
9473,log_2045_1708943189.xes,0.3,na,['gradual'],1,2,0,1,sudden,[],[],3664,0.1,366,0,0,0
9474,log_2045_1708943189.xes,0.3,na,['gradual'],1,2,0,1,gradual_start,[1842],[1855],3664,0.1,366,1,0,1
9475,log_2045_1708943189.xes,0.3,na,['gradual'],1,2,0,1,gradual_end,[2183],[2197],3664,0.1,366,1,0,1
9476,log_2334_1708943184.xes,0.0,na,"['sudden', 'gradual']",2,3,1,1,no_drift,[],[],5046,0.1,504,0,0,0
9477,log_2334_1708943184.xes,0.0,na,"['sudden', 'gradual']",2,3,1,1,sudden,[1377],[],5046,0.1,504,0,0,1
9478,log_2334_1708943184.xes,0.0,na,"['sudden', 'gradual']",2,3,1,1,gradual_start,[3113],[3101],5046,0.1,504,1,0,1
9479,log_2334_1708943184.xes,0.0,na,"['sudden', 'gradual']",2,3,1,1,gradual_end,[3677],[3676],5046,0.1,504,1,0,1
9480,log_2261_1708943190.xes,0.3,na,"['gradual', 'sudden']",2,3,1,1,no_drift,[],[],4627,0.1,462,0,0,0
9481,log_2261_1708943190.xes,0.3,na,"['gradual', 'sudden']",2,3,1,1,sudden,[3024],[3014],4627,0.1,462,1,0,1
9482,log_2261_1708943190.xes,0.3,na,"['gradual', 'sudden']",2,3,1,1,gradual_start,[1447],[1473],4627,0.1,462,1,0,1
9483,log_2261_1708943190.xes,0.3,na,"['gradual', 'sudden']",2,3,1,1,gradual_end,[1931],[1933],4627,0.1,462,1,0,1
9484,log_1932_1708943192.xes,0.0,na,['sudden'],1,1,1,0,no_drift,[],[],2496,0.1,249,0,0,0
9485,log_1932_1708943192.xes,0.0,na,['sudden'],1,1,1,0,sudden,[1355],[1345],2496,0.1,249,1,0,1
9486,log_1932_1708943192.xes,0.0,na,['sudden'],1,1,1,0,gradual_start,[],[],2496,0.1,249,0,0,0
9487,log_1932_1708943192.xes,0.0,na,['sudden'],1,1,1,0,gradual_end,[],[],2496,0.1,249,0,0,0
9488,log_2790_1708943192.xes,0.0,na,[],0,0,0,0,no_drift,[0],[0],3910,0.1,391,1,0,1
9489,log_2790_1708943192.xes,0.0,na,[],0,0,0,0,sudden,[],[],3910,0.1,391,0,0,0
9490,log_2790_1708943192.xes,0.0,na,[],0,0,0,0,gradual_start,[],[],3910,0.1,391,0,0,0
9491,log_2790_1708943192.xes,0.0,na,[],0,0,0,0,gradual_end,[],[],3910,0.1,391,0,0,0
9492,log_2671_1708943187.xes,0.0,na,"['gradual', 'sudden', 'gradual']",3,5,1,2,no_drift,[],[0],7098,0.1,709,0,1,0
9493,log_2671_1708943187.xes,0.0,na,"['gradual', 'sudden', 'gradual']",3,5,1,2,sudden,[3288],[],7098,0.1,709,0,0,1
9494,log_2671_1708943187.xes,0.0,na,"['gradual', 'sudden', 'gradual']",3,5,1,2,gradual_start,"[1545, 4731]",[],7098,0.1,709,0,0,2
9495,log_2671_1708943187.xes,0.0,na,"['gradual', 'sudden', 'gradual']",3,5,1,2,gradual_end,"[2140, 5212]",[],7098,0.1,709,0,0,2
9496,log_2381_1708943192.xes,0.0,na,"['sudden', 'gradual']",2,3,1,1,no_drift,[],[],4119,0.1,411,0,0,0
9497,log_2381_1708943192.xes,0.0,na,"['sudden', 'gradual']",2,3,1,1,sudden,[1294],[1261],4119,0.1,411,1,0,1
9498,log_2381_1708943192.xes,0.0,na,"['sudden', 'gradual']",2,3,1,1,gradual_start,[2405],[2401],4119,0.1,411,1,0,1
9499,log_2381_1708943192.xes,0.0,na,"['sudden', 'gradual']",2,3,1,1,gradual_end,[3005],[3001],4119,0.1,411,1,0,1
9500,log_2146_1708943185.xes,0.6,na,"['sudden', 'gradual', 'gradual']",3,5,1,2,no_drift,[],[],6629,0.1,662,0,0,0
9501,log_2146_1708943185.xes,0.6,na,"['sudden', 'gradual', 'gradual']",3,5,1,2,sudden,[1023],[991],6629,0.1,662,1,0,1
9502,log_2146_1708943185.xes,0.6,na,"['sudden', 'gradual', 'gradual']",3,5,1,2,gradual_start,"[2675, 4646]",[],6629,0.1,662,0,0,2
9503,log_2146_1708943185.xes,0.6,na,"['sudden', 'gradual', 'gradual']",3,5,1,2,gradual_end,"[3269, 5145]",[],6629,0.1,662,0,0,2
9504,log_2633_1708943190.xes,0.0,na,"['gradual', 'sudden']",2,3,1,1,no_drift,[],[],4575,0.1,457,0,0,0
9505,log_2633_1708943190.xes,0.0,na,"['gradual', 'sudden']",2,3,1,1,sudden,[3377],[3367],4575,0.1,457,1,0,1
9506,log_2633_1708943190.xes,0.0,na,"['gradual', 'sudden']",2,3,1,1,gradual_start,[1550],[1585],4575,0.1,457,1,0,1
9507,log_2633_1708943190.xes,0.0,na,"['gradual', 'sudden']",2,3,1,1,gradual_end,[2141],[2113],4575,0.1,457,1,0,1
9508,log_2147_1708943193.xes,0.3,na,[],0,0,0,0,no_drift,[0],[0],2768,0.1,276,1,0,1
9509,log_2147_1708943193.xes,0.3,na,[],0,0,0,0,sudden,[],[],2768,0.1,276,0,0,0
9510,log_2147_1708943193.xes,0.3,na,[],0,0,0,0,gradual_start,[],[],2768,0.1,276,0,0,0
9511,log_2147_1708943193.xes,0.3,na,[],0,0,0,0,gradual_end,[],[],2768,0.1,276,0,0,0
9512,log_2524_1708943191.xes,0.0,na,"['gradual', 'sudden']",2,3,1,1,no_drift,[],[],5365,0.1,536,0,0,0
9513,log_2524_1708943191.xes,0.0,na,"['gradual', 'sudden']",2,3,1,1,sudden,[3503],[3485],5365,0.1,536,1,0,1
9514,log_2524_1708943191.xes,0.0,na,"['gradual', 'sudden']",2,3,1,1,gradual_start,[1559],[1509],5365,0.1,536,1,0,1
9515,log_2524_1708943191.xes,0.0,na,"['gradual', 'sudden']",2,3,1,1,gradual_end,[2147],[2055],5365,0.1,536,1,0,1
9516,log_2446_1708943174.xes,0.6,na,"['sudden', 'sudden', 'gradual']",3,4,2,1,no_drift,[],[],6758,0.1,675,0,0,0
9517,log_2446_1708943174.xes,0.6,na,"['sudden', 'sudden', 'gradual']",3,4,2,1,sudden,"[1756, 3408]",[3400],6758,0.1,675,1,0,2
9518,log_2446_1708943174.xes,0.6,na,"['sudden', 'sudden', 'gradual']",3,4,2,1,gradual_start,[5188],[5182],6758,0.1,675,1,0,1
9519,log_2446_1708943174.xes,0.6,na,"['sudden', 'sudden', 'gradual']",3,4,2,1,gradual_end,[5673],[5644],6758,0.1,675,1,0,1
9520,log_2820_1708943177.xes,0.0,na,"['gradual', 'sudden', 'sudden']",3,4,2,1,no_drift,[],[],7558,0.1,755,0,0,0
9521,log_2820_1708943177.xes,0.0,na,"['gradual', 'sudden', 'sudden']",3,4,2,1,sudden,"[4035, 5963]",[5921],7558,0.1,755,1,0,2
9522,log_2820_1708943177.xes,0.0,na,"['gradual', 'sudden', 'sudden']",3,4,2,1,gradual_start,[1739],[1703],7558,0.1,755,1,0,1
9523,log_2820_1708943177.xes,0.0,na,"['gradual', 'sudden', 'sudden']",3,4,2,1,gradual_end,[2320],[2295],7558,0.1,755,1,0,1
9524,log_2046_1708943192.xes,0.0,na,[],0,0,0,0,no_drift,[0],[0],3096,0.1,309,1,0,1
9525,log_2046_1708943192.xes,0.0,na,[],0,0,0,0,sudden,[],[],3096,0.1,309,0,0,0
9526,log_2046_1708943192.xes,0.0,na,[],0,0,0,0,gradual_start,[],[],3096,0.1,309,0,0,0
9527,log_2046_1708943192.xes,0.0,na,[],0,0,0,0,gradual_end,[],[],3096,0.1,309,0,0,0
9528,log_1968_1708943189.xes,0.0,na,"['gradual', 'sudden', 'sudden']",3,4,2,1,no_drift,[],[],7202,0.1,720,0,0,0
9529,log_1968_1708943189.xes,0.0,na,"['gradual', 'sudden', 'sudden']",3,4,2,1,sudden,"[3293, 5222]","[3277, 5185]",7202,0.1,720,2,0,2
9530,log_1968_1708943189.xes,0.0,na,"['gradual', 'sudden', 'sudden']",3,4,2,1,gradual_start,[1376],[],7202,0.1,720,0,0,1
9531,log_1968_1708943189.xes,0.0,na,"['gradual', 'sudden', 'sudden']",3,4,2,1,gradual_end,[1690],[],7202,0.1,720,0,0,1
9532,log_2262_1708943194.xes,0.0,na,[],0,0,0,0,no_drift,[0],[0],2912,0.1,291,1,0,1
9533,log_2262_1708943194.xes,0.0,na,[],0,0,0,0,sudden,[],[],2912,0.1,291,0,0,0
9534,log_2262_1708943194.xes,0.0,na,[],0,0,0,0,gradual_start,[],[],2912,0.1,291,0,0,0
9535,log_2262_1708943194.xes,0.0,na,[],0,0,0,0,gradual_end,[],[],2912,0.1,291,0,0,0
9536,log_2447_1708943192.xes,0.3,na,"['sudden', 'gradual']",2,3,1,1,no_drift,[],[],4957,0.1,495,0,0,0
9537,log_2447_1708943192.xes,0.3,na,"['sudden', 'gradual']",2,3,1,1,sudden,[2000],[1969],4957,0.1,495,1,0,1
9538,log_2447_1708943192.xes,0.3,na,"['sudden', 'gradual']",2,3,1,1,gradual_start,[3128],[3121],4957,0.1,495,1,0,1
9539,log_2447_1708943192.xes,0.3,na,"['sudden', 'gradual']",2,3,1,1,gradual_end,[3715],[3649],4957,0.1,495,1,0,1
9540,log_2487_1708943195.xes,0.0,na,[],0,0,0,0,no_drift,[0],[0],1554,0.1,155,1,0,1
9541,log_2487_1708943195.xes,0.0,na,[],0,0,0,0,sudden,[],[],1554,0.1,155,0,0,0
9542,log_2487_1708943195.xes,0.0,na,[],0,0,0,0,gradual_start,[],[],1554,0.1,155,0,0,0
9543,log_2487_1708943195.xes,0.0,na,[],0,0,0,0,gradual_end,[],[],1554,0.1,155,0,0,0
9544,log_2711_1708943193.xes,0.6,na,"['sudden', 'sudden']",2,2,2,0,no_drift,[],[0],4036,0.1,403,0,1,0
9545,log_2711_1708943193.xes,0.6,na,"['sudden', 'sudden']",2,2,2,0,sudden,"[1370, 2704]",[],4036,0.1,403,0,0,2
9546,log_2711_1708943193.xes,0.6,na,"['sudden', 'sudden']",2,2,2,0,gradual_start,[],[],4036,0.1,403,0,0,0
9547,log_2711_1708943193.xes,0.6,na,"['sudden', 'sudden']",2,2,2,0,gradual_end,[],[],4036,0.1,403,0,0,0
9548,log_2011_1708943192.xes,0.0,na,['gradual'],1,2,0,1,no_drift,[],[],3100,0.1,310,0,0,0
9549,log_2011_1708943192.xes,0.0,na,['gradual'],1,2,0,1,sudden,[],[],3100,0.1,310,0,0,0
9550,log_2011_1708943192.xes,0.0,na,['gradual'],1,2,0,1,gradual_start,[1090],[1081],3100,0.1,310,1,0,1
9551,log_2011_1708943192.xes,0.0,na,['gradual'],1,2,0,1,gradual_end,[1439],[1426],3100,0.1,310,1,0,1
9552,log_2634_1708943194.xes,0.3,na,['sudden'],1,1,1,0,no_drift,[],[],2917,0.1,291,0,0,0
9553,log_2634_1708943194.xes,0.3,na,['sudden'],1,1,1,0,sudden,[1010],[1009],2917,0.1,291,1,0,1
9554,log_2634_1708943194.xes,0.3,na,['sudden'],1,1,1,0,gradual_start,[],[],2917,0.1,291,0,0,0
9555,log_2634_1708943194.xes,0.3,na,['sudden'],1,1,1,0,gradual_end,[],[],2917,0.1,291,0,0,0
9556,log_2335_1708943192.xes,0.0,na,"['sudden', 'sudden']",2,2,2,0,no_drift,[],[],4305,0.1,430,0,0,0
9557,log_2335_1708943192.xes,0.0,na,"['sudden', 'sudden']",2,2,2,0,sudden,"[1453, 2546]",[2521],4305,0.1,430,1,0,2
9558,log_2335_1708943192.xes,0.0,na,"['sudden', 'sudden']",2,2,2,0,gradual_start,[],[],4305,0.1,430,0,0,0
9559,log_2335_1708943192.xes,0.0,na,"['sudden', 'sudden']",2,2,2,0,gradual_end,[],[],4305,0.1,430,0,0,0
9560,log_2300_1708943187.xes,0.6,na,"['sudden', 'gradual', 'sudden']",3,4,2,1,no_drift,[],[],6668,0.1,666,0,0,0
9561,log_2300_1708943187.xes,0.6,na,"['sudden', 'gradual', 'sudden']",3,4,2,1,sudden,"[1303, 4799]","[1288, 4786]",6668,0.1,666,2,0,2
9562,log_2300_1708943187.xes,0.6,na,"['sudden', 'gradual', 'sudden']",3,4,2,1,gradual_start,[2670],[2641],6668,0.1,666,1,0,1
9563,log_2300_1708943187.xes,0.6,na,"['sudden', 'gradual', 'sudden']",3,4,2,1,gradual_end,[3060],[3004],6668,0.1,666,1,0,1
9564,log_2486_1708943192.xes,0.0,na,['gradual'],1,2,0,1,no_drift,[],[],4111,0.1,411,0,0,0
9565,log_2486_1708943192.xes,0.0,na,['gradual'],1,2,0,1,sudden,[],[],4111,0.1,411,0,0,0
9566,log_2486_1708943192.xes,0.0,na,['gradual'],1,2,0,1,gradual_start,[1999],[1981],4111,0.1,411,1,0,1
9567,log_2486_1708943192.xes,0.0,na,['gradual'],1,2,0,1,gradual_end,[2344],[2341],4111,0.1,411,1,0,1
9568,log_2746_1708943192.xes,0.3,na,"['gradual', 'gradual']",2,4,0,2,no_drift,[],[],4659,0.1,465,0,0,0
9569,log_2746_1708943192.xes,0.3,na,"['gradual', 'gradual']",2,4,0,2,sudden,[],[],4659,0.1,465,0,0,0
9570,log_2746_1708943192.xes,0.3,na,"['gradual', 'gradual']",2,4,0,2,gradual_start,"[1156, 2569]",[2554],4659,0.1,465,1,0,2
9571,log_2746_1708943192.xes,0.3,na,"['gradual', 'gradual']",2,4,0,2,gradual_end,"[1512, 3044]",[3037],4659,0.1,465,1,0,2
9572,log_1933_1708943193.xes,0.0,na,[],0,0,0,0,no_drift,[0],[0],5376,0.1,537,1,0,1
9573,log_1933_1708943193.xes,0.0,na,[],0,0,0,0,sudden,[],[],5376,0.1,537,0,0,0
9574,log_1933_1708943193.xes,0.0,na,[],0,0,0,0,gradual_start,[],[],5376,0.1,537,0,0,0
9575,log_1933_1708943193.xes,0.0,na,[],0,0,0,0,gradual_end,[],[],5376,0.1,537,0,0,0
9576,log_2116_1708943191.xes,0.6,na,"['gradual', 'gradual', 'sudden']",3,5,1,2,no_drift,[],[0],7378,0.1,737,0,1,0
9577,log_2116_1708943191.xes,0.6,na,"['gradual', 'gradual', 'sudden']",3,5,1,2,sudden,[6065],[],7378,0.1,737,0,0,1
9578,log_2116_1708943191.xes,0.6,na,"['gradual', 'gradual', 'sudden']",3,5,1,2,gradual_start,"[1759, 4264]",[],7378,0.1,737,0,0,2
9579,log_2116_1708943191.xes,0.6,na,"['gradual', 'gradual', 'sudden']",3,5,1,2,gradual_end,"[2265, 4747]",[],7378,0.1,737,0,0,2
9580,log_2791_1708943194.xes,0.3,na,['gradual'],1,2,0,1,no_drift,[],[],4332,0.1,433,0,0,0
9581,log_2791_1708943194.xes,0.3,na,['gradual'],1,2,0,1,sudden,[],[],4332,0.1,433,0,0,0
9582,log_2791_1708943194.xes,0.3,na,['gradual'],1,2,0,1,gradual_start,[1896],[1891],4332,0.1,433,1,0,1
9583,log_2791_1708943194.xes,0.3,na,['gradual'],1,2,0,1,gradual_end,[2441],[2437],4332,0.1,433,1,0,1
9584,log_2672_1708943194.xes,0.6,na,[],0,0,0,0,no_drift,[0],[0],4008,0.1,400,1,0,1
9585,log_2672_1708943194.xes,0.6,na,[],0,0,0,0,sudden,[],[],4008,0.1,400,0,0,0
9586,log_2672_1708943194.xes,0.6,na,[],0,0,0,0,gradual_start,[],[],4008,0.1,400,0,0,0
9587,log_2672_1708943194.xes,0.6,na,[],0,0,0,0,gradual_end,[],[],4008,0.1,400,0,0,0
9588,log_2227_1708943192.xes,0.0,na,"['gradual', 'gradual', 'sudden']",3,5,1,2,no_drift,[],[],7074,0.1,707,0,0,0
9589,log_2227_1708943192.xes,0.0,na,"['gradual', 'gradual', 'sudden']",3,5,1,2,sudden,[5643],[5601],7074,0.1,707,1,0,1
9590,log_2227_1708943192.xes,0.0,na,"['gradual', 'gradual', 'sudden']",3,5,1,2,gradual_start,"[1490, 3576]",[],7074,0.1,707,0,0,2
9591,log_2227_1708943192.xes,0.0,na,"['gradual', 'gradual', 'sudden']",3,5,1,2,gradual_end,"[1837, 3983]",[],7074,0.1,707,0,0,2
9592,log_2561_1708943192.xes,0.3,na,"['gradual', 'sudden', 'sudden']",3,4,2,1,no_drift,[],[],5705,0.1,570,0,0,0
9593,log_2561_1708943192.xes,0.3,na,"['gradual', 'sudden', 'sudden']",3,4,2,1,sudden,"[2501, 4062]","[2493, 4033]",5705,0.1,570,2,0,2
9594,log_2561_1708943192.xes,0.3,na,"['gradual', 'sudden', 'sudden']",3,4,2,1,gradual_start,[1147],[1149],5705,0.1,570,1,0,1
9595,log_2561_1708943192.xes,0.3,na,"['gradual', 'sudden', 'sudden']",3,4,2,1,gradual_end,[1472],[1485],5705,0.1,570,1,0,1
9596,log_2085_1708943187.xes,0.6,na,"['gradual', 'sudden']",2,3,1,1,no_drift,[],[],5110,0.1,511,0,0,0
9597,log_2085_1708943187.xes,0.6,na,"['gradual', 'sudden']",2,3,1,1,sudden,[4081],[4051],5110,0.1,511,1,0,1
9598,log_2085_1708943187.xes,0.6,na,"['gradual', 'sudden']",2,3,1,1,gradual_start,[1926],[1926],5110,0.1,511,1,0,1
9599,log_2085_1708943187.xes,0.6,na,"['gradual', 'sudden']",2,3,1,1,gradual_end,[2456],[2476],5110,0.1,511,1,0,1
9600,log_2263_1708943195.xes,0.0,na,"['gradual', 'gradual', 'sudden']",3,5,1,2,no_drift,[],[],6446,0.1,644,0,0,0
9601,log_2263_1708943195.xes,0.0,na,"['gradual', 'gradual', 'sudden']",3,5,1,2,sudden,[4790],[4769],6446,0.1,644,1,0,1
9602,log_2263_1708943195.xes,0.0,na,"['gradual', 'gradual', 'sudden']",3,5,1,2,gradual_start,"[1748, 3358]",[1729],6446,0.1,644,1,0,2
9603,log_2263_1708943195.xes,0.0,na,"['gradual', 'gradual', 'sudden']",3,5,1,2,gradual_end,"[2145, 3789]",[2113],6446,0.1,644,1,0,2
9604,log_2117_1708943196.xes,0.0,na,['sudden'],1,1,1,0,no_drift,[],[0],3008,0.1,300,0,1,0
9605,log_2117_1708943196.xes,0.0,na,['sudden'],1,1,1,0,sudden,[1783],[],3008,0.1,300,0,0,1
9606,log_2117_1708943196.xes,0.0,na,['sudden'],1,1,1,0,gradual_start,[],[],3008,0.1,300,0,0,0
9607,log_2117_1708943196.xes,0.0,na,['sudden'],1,1,1,0,gradual_end,[],[],3008,0.1,300,0,0,0
9608,log_2525_1708943194.xes,0.0,na,[],0,0,0,0,no_drift,[0],[0],6384,0.1,638,1,0,1
9609,log_2525_1708943194.xes,0.0,na,[],0,0,0,0,sudden,[],[],6384,0.1,638,0,0,0
9610,log_2525_1708943194.xes,0.0,na,[],0,0,0,0,gradual_start,[],[],6384,0.1,638,0,0,0
9611,log_2525_1708943194.xes,0.0,na,[],0,0,0,0,gradual_end,[],[],6384,0.1,638,0,0,0
9612,log_2601_1708943198.xes,0.0,na,[],0,0,0,0,no_drift,[0],[0],1289,0.1,128,1,0,1
9613,log_2601_1708943198.xes,0.0,na,[],0,0,0,0,sudden,[],[],1289,0.1,128,0,0,0
9614,log_2601_1708943198.xes,0.0,na,[],0,0,0,0,gradual_start,[],[],1289,0.1,128,0,0,0
9615,log_2601_1708943198.xes,0.0,na,[],0,0,0,0,gradual_end,[],[],1289,0.1,128,0,0,0
9616,log_2635_1708943196.xes,0.0,na,[],0,0,0,0,no_drift,[0],[0],2726,0.1,272,1,0,1
9617,log_2635_1708943196.xes,0.0,na,[],0,0,0,0,sudden,[],[],2726,0.1,272,0,0,0
9618,log_2635_1708943196.xes,0.0,na,[],0,0,0,0,gradual_start,[],[],2726,0.1,272,0,0,0
9619,log_2635_1708943196.xes,0.0,na,[],0,0,0,0,gradual_end,[],[],2726,0.1,272,0,0,0
9620,log_2413_1708943192.xes,0.6,na,"['gradual', 'sudden']",2,3,1,1,no_drift,[],[],5444,0.1,544,0,0,0
9621,log_2413_1708943192.xes,0.6,na,"['gradual', 'sudden']",2,3,1,1,sudden,[3787],[3754],5444,0.1,544,1,0,1
9622,log_2413_1708943192.xes,0.6,na,"['gradual', 'sudden']",2,3,1,1,gradual_start,[1743],[],5444,0.1,544,0,0,1
9623,log_2413_1708943192.xes,0.6,na,"['gradual', 'sudden']",2,3,1,1,gradual_end,[2117],[],5444,0.1,544,0,0,1
9624,log_2600_1708943193.xes,0.0,na,"['gradual', 'gradual']",2,4,0,2,no_drift,[],[],5795,0.1,579,0,0,0
9625,log_2600_1708943193.xes,0.0,na,"['gradual', 'gradual']",2,4,0,2,sudden,[],[],5795,0.1,579,0,0,0
9626,log_2600_1708943193.xes,0.0,na,"['gradual', 'gradual']",2,4,0,2,gradual_start,"[1539, 3375]",[3389],5795,0.1,579,1,0,2
9627,log_2600_1708943193.xes,0.0,na,"['gradual', 'gradual']",2,4,0,2,gradual_end,"[2045, 3947]",[3949],5795,0.1,579,1,0,2
9628,log_2821_1708943192.xes,0.0,na,"['gradual', 'sudden']",2,3,1,1,no_drift,[],[],4211,0.1,421,0,0,0
9629,log_2821_1708943192.xes,0.0,na,"['gradual', 'sudden']",2,3,1,1,sudden,[2623],[2605],4211,0.1,421,1,0,1
9630,log_2821_1708943192.xes,0.0,na,"['gradual', 'sudden']",2,3,1,1,gradual_start,[1083],[1093],4211,0.1,421,1,0,1
9631,log_2821_1708943192.xes,0.0,na,"['gradual', 'sudden']",2,3,1,1,gradual_end,[1457],[1471],4211,0.1,421,1,0,1
9632,log_2448_1708943195.xes,0.0,na,"['gradual', 'sudden']",2,3,1,1,no_drift,[],[],5792,0.1,579,0,0,0
9633,log_2448_1708943195.xes,0.0,na,"['gradual', 'sudden']",2,3,1,1,sudden,[3958],[],5792,0.1,579,0,0,1
9634,log_2448_1708943195.xes,0.0,na,"['gradual', 'sudden']",2,3,1,1,gradual_start,[1709],[1681],5792,0.1,579,1,0,1
9635,log_2448_1708943195.xes,0.0,na,"['gradual', 'sudden']",2,3,1,1,gradual_end,[2272],[2241],5792,0.1,579,1,0,1
9636,log_2118_1708943198.xes,0.0,na,"['sudden', 'sudden']",2,2,2,0,no_drift,[],[],4255,0.1,425,0,0,0
9637,log_2118_1708943198.xes,0.0,na,"['sudden', 'sudden']",2,2,2,0,sudden,"[1875, 2951]","[2920, 1849]",4255,0.1,425,2,0,2
9638,log_2118_1708943198.xes,0.0,na,"['sudden', 'sudden']",2,2,2,0,gradual_start,[],[],4255,0.1,425,0,0,0
9639,log_2118_1708943198.xes,0.0,na,"['sudden', 'sudden']",2,2,2,0,gradual_end,[],[],4255,0.1,425,0,0,0
9640,log_2086_1708943196.xes,0.6,na,"['sudden', 'sudden', 'sudden']",3,3,3,0,no_drift,[],[],5577,0.1,557,0,0,0
9641,log_2086_1708943196.xes,0.6,na,"['sudden', 'sudden', 'sudden']",3,3,3,0,sudden,"[1051, 2154, 4132]","[2107, 1054, 4078]",5577,0.1,557,3,0,3
9642,log_2086_1708943196.xes,0.6,na,"['sudden', 'sudden', 'sudden']",3,3,3,0,gradual_start,[],[],5577,0.1,557,0,0,0
9643,log_2086_1708943196.xes,0.6,na,"['sudden', 'sudden', 'sudden']",3,3,3,0,gradual_end,[],[],5577,0.1,557,0,0,0
9644,log_1969_1708943197.xes,0.6,na,['gradual'],1,2,0,1,no_drift,[],[],3277,0.1,327,0,0,0
9645,log_1969_1708943197.xes,0.6,na,['gradual'],1,2,0,1,sudden,[],[],3277,0.1,327,0,0,0
9646,log_1969_1708943197.xes,0.6,na,['gradual'],1,2,0,1,gradual_start,[1702],[1697],3277,0.1,327,1,0,1
9647,log_1969_1708943197.xes,0.6,na,['gradual'],1,2,0,1,gradual_end,[2082],[2065],3277,0.1,327,1,0,1
9648,log_2792_1708943197.xes,0.3,na,['sudden'],1,1,1,0,no_drift,[],[0],2575,0.1,257,0,1,0
9649,log_2792_1708943197.xes,0.3,na,['sudden'],1,1,1,0,sudden,[1230],[],2575,0.1,257,0,0,1
9650,log_2792_1708943197.xes,0.3,na,['sudden'],1,1,1,0,gradual_start,[],[],2575,0.1,257,0,0,0
9651,log_2792_1708943197.xes,0.3,na,['sudden'],1,1,1,0,gradual_end,[],[],2575,0.1,257,0,0,0
9652,log_2047_1708943194.xes,0.0,na,"['gradual', 'gradual']",2,4,0,2,no_drift,[],[],6116,0.1,611,0,0,0
9653,log_2047_1708943194.xes,0.0,na,"['gradual', 'gradual']",2,4,0,2,sudden,[],[],6116,0.1,611,0,0,0
9654,log_2047_1708943194.xes,0.0,na,"['gradual', 'gradual']",2,4,0,2,gradual_start,"[1545, 3861]","[3841, 1531]",6116,0.1,611,2,0,2
9655,log_2047_1708943194.xes,0.0,na,"['gradual', 'gradual']",2,4,0,2,gradual_end,"[1879, 4456]","[4441, 1861]",6116,0.1,611,2,0,2
9656,log_2488_1708943197.xes,0.0,na,"['sudden', 'sudden']",2,2,2,0,no_drift,[],[],5072,0.1,507,0,0,0
9657,log_2488_1708943197.xes,0.0,na,"['sudden', 'sudden']",2,2,2,0,sudden,"[1815, 3639]","[1801, 3601]",5072,0.1,507,2,0,2
9658,log_2488_1708943197.xes,0.0,na,"['sudden', 'sudden']",2,2,2,0,gradual_start,[],[],5072,0.1,507,0,0,0
9659,log_2488_1708943197.xes,0.0,na,"['sudden', 'sudden']",2,2,2,0,gradual_end,[],[],5072,0.1,507,0,0,0
9660,log_1934_1708943196.xes,0.6,na,"['sudden', 'sudden', 'gradual']",3,4,2,1,no_drift,[],[],6040,0.1,604,0,0,0
9661,log_1934_1708943196.xes,0.6,na,"['sudden', 'sudden', 'gradual']",3,4,2,1,sudden,"[1883, 2942]","[2941, 1861]",6040,0.1,604,2,0,2
9662,log_1934_1708943196.xes,0.6,na,"['sudden', 'sudden', 'gradual']",3,4,2,1,gradual_start,[4075],[],6040,0.1,604,0,0,1
9663,log_1934_1708943196.xes,0.6,na,"['sudden', 'sudden', 'gradual']",3,4,2,1,gradual_end,[4447],[],6040,0.1,604,0,0,1
9664,log_2526_1708943199.xes,0.6,na,['sudden'],1,1,1,0,no_drift,[],[],2291,0.1,229,0,0,0
9665,log_2526_1708943199.xes,0.6,na,['sudden'],1,1,1,0,sudden,[1119],[1112],2291,0.1,229,1,0,1
9666,log_2526_1708943199.xes,0.6,na,['sudden'],1,1,1,0,gradual_start,[],[],2291,0.1,229,0,0,0
9667,log_2526_1708943199.xes,0.6,na,['sudden'],1,1,1,0,gradual_end,[],[],2291,0.1,229,0,0,0
9668,log_2186_1708943190.xes,0.6,na,"['sudden', 'sudden', 'sudden']",3,3,3,0,no_drift,[],[],7432,0.1,743,0,0,0
9669,log_2186_1708943190.xes,0.6,na,"['sudden', 'sudden', 'sudden']",3,3,3,0,sudden,"[1928, 3791, 5467]","[5440, 1888, 3775]",7432,0.1,743,3,0,3
9670,log_2186_1708943190.xes,0.6,na,"['sudden', 'sudden', 'sudden']",3,3,3,0,gradual_start,[],[],7432,0.1,743,0,0,0
9671,log_2186_1708943190.xes,0.6,na,"['sudden', 'sudden', 'sudden']",3,3,3,0,gradual_end,[],[],7432,0.1,743,0,0,0
9672,log_2228_1708943197.xes,0.0,na,['sudden'],1,1,1,0,no_drift,[],[],3170,0.1,317,0,0,0
9673,log_2228_1708943197.xes,0.0,na,['sudden'],1,1,1,0,sudden,[1409],[1381],3170,0.1,317,1,0,1
9674,log_2228_1708943197.xes,0.0,na,['sudden'],1,1,1,0,gradual_start,[],[],3170,0.1,317,0,0,0
9675,log_2228_1708943197.xes,0.0,na,['sudden'],1,1,1,0,gradual_end,[],[],3170,0.1,317,0,0,0
9676,log_2148_1708943194.xes,0.3,na,"['sudden', 'gradual', 'gradual']",3,5,1,2,no_drift,[],[],6637,0.1,663,0,0,0
9677,log_2148_1708943194.xes,0.3,na,"['sudden', 'gradual', 'gradual']",3,5,1,2,sudden,[1952],[1915],6637,0.1,663,1,0,1
9678,log_2148_1708943194.xes,0.3,na,"['sudden', 'gradual', 'gradual']",3,5,1,2,gradual_start,"[3011, 4801]",[],6637,0.1,663,0,0,2
9679,log_2148_1708943194.xes,0.3,na,"['sudden', 'gradual', 'gradual']",3,5,1,2,gradual_end,"[3314, 5330]",[],6637,0.1,663,0,0,2
9680,log_2562_1708943198.xes,0.3,na,[],0,0,0,0,no_drift,[0],[0],4832,0.1,483,1,0,1
9681,log_2562_1708943198.xes,0.3,na,[],0,0,0,0,sudden,[],[],4832,0.1,483,0,0,0
9682,log_2562_1708943198.xes,0.3,na,[],0,0,0,0,gradual_start,[],[],4832,0.1,483,0,0,0
9683,log_2562_1708943198.xes,0.3,na,[],0,0,0,0,gradual_end,[],[],4832,0.1,483,0,0,0
9684,log_2301_1708943195.xes,0.6,na,"['sudden', 'gradual', 'sudden']",3,4,2,1,no_drift,[],[],6712,0.1,671,0,0,0
9685,log_2301_1708943195.xes,0.6,na,"['sudden', 'gradual', 'sudden']",3,4,2,1,sudden,"[1937, 4861]",[4819],6712,0.1,671,1,0,2
9686,log_2301_1708943195.xes,0.6,na,"['sudden', 'gradual', 'sudden']",3,4,2,1,gradual_start,[3433],[],6712,0.1,671,0,0,1
9687,log_2301_1708943195.xes,0.6,na,"['sudden', 'gradual', 'sudden']",3,4,2,1,gradual_end,[3743],[],6712,0.1,671,0,0,1
9688,log_2822_1708943198.xes,0.0,na,['sudden'],1,1,1,0,no_drift,[],[],3290,0.1,329,0,0,0
9689,log_2822_1708943198.xes,0.0,na,['sudden'],1,1,1,0,sudden,[1615],[1601],3290,0.1,329,1,0,1
9690,log_2822_1708943198.xes,0.0,na,['sudden'],1,1,1,0,gradual_start,[],[],3290,0.1,329,0,0,0
9691,log_2822_1708943198.xes,0.0,na,['sudden'],1,1,1,0,gradual_end,[],[],3290,0.1,329,0,0,0
9692,log_2712_1708943196.xes,0.0,na,"['gradual', 'gradual', 'gradual']",3,6,0,3,no_drift,[],[0],7376,0.1,737,0,1,0
9693,log_2712_1708943196.xes,0.0,na,"['gradual', 'gradual', 'gradual']",3,6,0,3,sudden,[],[],7376,0.1,737,0,0,0
9694,log_2712_1708943196.xes,0.0,na,"['gradual', 'gradual', 'gradual']",3,6,0,3,gradual_start,"[1116, 3072, 5091]",[],7376,0.1,737,0,0,3
9695,log_2712_1708943196.xes,0.0,na,"['gradual', 'gradual', 'gradual']",3,6,0,3,gradual_end,"[1652, 3421, 5513]",[],7376,0.1,737,0,0,3
9696,log_2336_1708943196.xes,0.0,na,"['gradual', 'gradual']",2,4,0,2,no_drift,[],[],5405,0.1,540,0,0,0
9697,log_2336_1708943196.xes,0.0,na,"['gradual', 'gradual']",2,4,0,2,sudden,[],[],5405,0.1,540,0,0,0
9698,log_2336_1708943196.xes,0.0,na,"['gradual', 'gradual']",2,4,0,2,gradual_start,"[1365, 3381]",[1351],5405,0.1,540,1,0,2
9699,log_2336_1708943196.xes,0.0,na,"['gradual', 'gradual']",2,4,0,2,gradual_end,"[1946, 3757]",[1945],5405,0.1,540,1,0,2
9700,log_2636_1708943198.xes,0.0,na,"['sudden', 'sudden']",2,2,2,0,no_drift,[],[],4849,0.1,484,0,0,0
9701,log_2636_1708943198.xes,0.0,na,"['sudden', 'sudden']",2,2,2,0,sudden,"[1403, 3071]",[3049],4849,0.1,484,1,0,2
9702,log_2636_1708943198.xes,0.0,na,"['sudden', 'sudden']",2,2,2,0,gradual_start,[],[],4849,0.1,484,0,0,0
9703,log_2636_1708943198.xes,0.0,na,"['sudden', 'sudden']",2,2,2,0,gradual_end,[],[],4849,0.1,484,0,0,0
9704,log_2382_1708943193.xes,0.0,na,"['sudden', 'gradual']",2,3,1,1,no_drift,[],[0],5788,0.1,578,0,1,0
9705,log_2382_1708943193.xes,0.0,na,"['sudden', 'gradual']",2,3,1,1,sudden,[1985],[],5788,0.1,578,0,0,1
9706,log_2382_1708943193.xes,0.0,na,"['sudden', 'gradual']",2,3,1,1,gradual_start,[3339],[],5788,0.1,578,0,0,1
9707,log_2382_1708943193.xes,0.0,na,"['sudden', 'gradual']",2,3,1,1,gradual_end,[3833],[],5788,0.1,578,0,0,1
9708,log_2449_1708943199.xes,0.3,na,[],0,0,0,0,no_drift,[0],[0],3188,0.1,318,1,0,1
9709,log_2449_1708943199.xes,0.3,na,[],0,0,0,0,sudden,[],[],3188,0.1,318,0,0,0
9710,log_2449_1708943199.xes,0.3,na,[],0,0,0,0,gradual_start,[],[],3188,0.1,318,0,0,0
9711,log_2449_1708943199.xes,0.3,na,[],0,0,0,0,gradual_end,[],[],3188,0.1,318,0,0,0
9712,log_2264_1708943200.xes,0.0,na,['gradual'],1,2,0,1,no_drift,[],[],3136,0.1,313,0,0,0
9713,log_2264_1708943200.xes,0.0,na,['gradual'],1,2,0,1,sudden,[],[],3136,0.1,313,0,0,0
9714,log_2264_1708943200.xes,0.0,na,['gradual'],1,2,0,1,gradual_start,[1015],[1006],3136,0.1,313,1,0,1
9715,log_2264_1708943200.xes,0.0,na,['gradual'],1,2,0,1,gradual_end,[1534],[1531],3136,0.1,313,1,0,1
9716,log_1970_1708943200.xes,0.6,na,"['sudden', 'gradual']",2,3,1,1,no_drift,[],[],3769,0.1,376,0,0,0
9717,log_1970_1708943200.xes,0.6,na,"['sudden', 'gradual']",2,3,1,1,sudden,[1164],[],3769,0.1,376,0,0,1
9718,log_1970_1708943200.xes,0.6,na,"['sudden', 'gradual']",2,3,1,1,gradual_start,[2304],[2287],3769,0.1,376,1,0,1
9719,log_1970_1708943200.xes,0.6,na,"['sudden', 'gradual']",2,3,1,1,gradual_end,[2746],[2737],3769,0.1,376,1,0,1
9720,log_2149_1708943201.xes,0.6,na,"['gradual', 'sudden']",2,3,1,1,no_drift,[],[],5129,0.1,512,0,0,0
9721,log_2149_1708943201.xes,0.6,na,"['gradual', 'sudden']",2,3,1,1,sudden,[3601],[3601],5129,0.1,512,1,0,1
9722,log_2149_1708943201.xes,0.6,na,"['gradual', 'sudden']",2,3,1,1,gradual_start,[2000],[],5129,0.1,512,0,0,1
9723,log_2149_1708943201.xes,0.6,na,"['gradual', 'sudden']",2,3,1,1,gradual_end,[2491],[],5129,0.1,512,0,0,1
9724,log_2823_1708943201.xes,0.3,na,[],0,0,0,0,no_drift,[0],[0],3705,0.1,370,1,0,1
9725,log_2823_1708943201.xes,0.3,na,[],0,0,0,0,sudden,[],[],3705,0.1,370,0,0,0
9726,log_2823_1708943201.xes,0.3,na,[],0,0,0,0,gradual_start,[],[],3705,0.1,370,0,0,0
9727,log_2823_1708943201.xes,0.3,na,[],0,0,0,0,gradual_end,[],[],3705,0.1,370,0,0,0
9728,log_2489_1708943200.xes,0.3,na,[],0,0,0,0,no_drift,[0],[0],3201,0.1,320,1,0,1
9729,log_2489_1708943200.xes,0.3,na,[],0,0,0,0,sudden,[],[],3201,0.1,320,0,0,0
9730,log_2489_1708943200.xes,0.3,na,[],0,0,0,0,gradual_start,[],[],3201,0.1,320,0,0,0
9731,log_2489_1708943200.xes,0.3,na,[],0,0,0,0,gradual_end,[],[],3201,0.1,320,0,0,0
9732,log_2414_1708943198.xes,0.3,na,"['gradual', 'gradual']",2,4,0,2,no_drift,[],[0],4774,0.1,477,0,1,0
9733,log_2414_1708943198.xes,0.3,na,"['gradual', 'gradual']",2,4,0,2,sudden,[],[],4774,0.1,477,0,0,0
9734,log_2414_1708943198.xes,0.3,na,"['gradual', 'gradual']",2,4,0,2,gradual_start,"[1333, 3176]",[],4774,0.1,477,0,0,2
9735,log_2414_1708943198.xes,0.3,na,"['gradual', 'gradual']",2,4,0,2,gradual_end,"[1708, 3573]",[],4774,0.1,477,0,0,2
9736,log_2563_1708943203.xes,0.0,na,['sudden'],1,1,1,0,no_drift,[],[0],3548,0.1,354,0,1,0
9737,log_2563_1708943203.xes,0.0,na,['sudden'],1,1,1,0,sudden,[1862],[],3548,0.1,354,0,0,1
9738,log_2563_1708943203.xes,0.0,na,['sudden'],1,1,1,0,gradual_start,[],[],3548,0.1,354,0,0,0
9739,log_2563_1708943203.xes,0.0,na,['sudden'],1,1,1,0,gradual_end,[],[],3548,0.1,354,0,0,0
9740,log_2119_1708943200.xes,0.3,na,"['gradual', 'sudden']",2,3,1,1,no_drift,[],[],4413,0.1,441,0,0,0
9741,log_2119_1708943200.xes,0.3,na,"['gradual', 'sudden']",2,3,1,1,sudden,[2843],[2817],4413,0.1,441,1,0,1
9742,log_2119_1708943200.xes,0.3,na,"['gradual', 'sudden']",2,3,1,1,gradual_start,[1115],[1079],4413,0.1,441,1,0,1
9743,log_2119_1708943200.xes,0.3,na,"['gradual', 'sudden']",2,3,1,1,gradual_end,[1562],[1563],4413,0.1,441,1,0,1
9744,log_2302_1708943201.xes,0.6,na,"['gradual', 'sudden']",2,3,1,1,no_drift,[],[],4629,0.1,462,0,0,0
9745,log_2302_1708943201.xes,0.6,na,"['gradual', 'sudden']",2,3,1,1,sudden,[3617],[3589],4629,0.1,462,1,0,1
9746,log_2302_1708943201.xes,0.6,na,"['gradual', 'sudden']",2,3,1,1,gradual_start,[1622],[1611],4629,0.1,462,1,0,1
9747,log_2302_1708943201.xes,0.6,na,"['gradual', 'sudden']",2,3,1,1,gradual_end,[2048],[2025],4629,0.1,462,1,0,1
9748,log_2793_1708943200.xes,0.3,na,"['sudden', 'gradual', 'gradual']",3,5,1,2,no_drift,[],[0],7341,0.1,734,0,1,0
9749,log_2793_1708943200.xes,0.3,na,"['sudden', 'gradual', 'gradual']",3,5,1,2,sudden,[1808],[],7341,0.1,734,0,0,1
9750,log_2793_1708943200.xes,0.3,na,"['sudden', 'gradual', 'gradual']",3,5,1,2,gradual_start,"[3405, 5335]",[],7341,0.1,734,0,0,2
9751,log_2793_1708943200.xes,0.3,na,"['sudden', 'gradual', 'gradual']",3,5,1,2,gradual_end,"[3928, 5706]",[],7341,0.1,734,0,0,2
9752,log_2012_1708943195.xes,0.6,na,"['gradual', 'sudden']",2,3,1,1,no_drift,[],[],4541,0.1,454,0,0,0
9753,log_2012_1708943195.xes,0.6,na,"['gradual', 'sudden']",2,3,1,1,sudden,[3446],[3411],4541,0.1,454,1,0,1
9754,log_2012_1708943195.xes,0.6,na,"['gradual', 'sudden']",2,3,1,1,gradual_start,[1324],[1255],4541,0.1,454,1,0,1
9755,log_2012_1708943195.xes,0.6,na,"['gradual', 'sudden']",2,3,1,1,gradual_end,[1767],[1761],4541,0.1,454,1,0,1
9756,log_2747_1708943195.xes,0.0,na,['gradual'],1,2,0,1,no_drift,[],[],3713,0.1,371,0,0,0
9757,log_2747_1708943195.xes,0.0,na,['gradual'],1,2,0,1,sudden,[],[],3713,0.1,371,0,0,0
9758,log_2747_1708943195.xes,0.0,na,['gradual'],1,2,0,1,gradual_start,[1537],[1531],3713,0.1,371,1,0,1
9759,log_2747_1708943195.xes,0.0,na,['gradual'],1,2,0,1,gradual_end,[1952],[1945],3713,0.1,371,1,0,1
9760,log_2637_1708943201.xes,0.6,na,['sudden'],1,1,1,0,no_drift,[],[],3012,0.1,301,0,0,0
9761,log_2637_1708943201.xes,0.6,na,['sudden'],1,1,1,0,sudden,[1426],[1411],3012,0.1,301,1,0,1
9762,log_2637_1708943201.xes,0.6,na,['sudden'],1,1,1,0,gradual_start,[],[],3012,0.1,301,0,0,0
9763,log_2637_1708943201.xes,0.6,na,['sudden'],1,1,1,0,gradual_end,[],[],3012,0.1,301,0,0,0
9764,log_2824_1708943204.xes,0.0,na,[],0,0,0,0,no_drift,[0],[0],3834,0.1,383,1,0,1
9765,log_2824_1708943204.xes,0.0,na,[],0,0,0,0,sudden,[],[],3834,0.1,383,0,0,0
9766,log_2824_1708943204.xes,0.0,na,[],0,0,0,0,gradual_start,[],[],3834,0.1,383,0,0,0
9767,log_2824_1708943204.xes,0.0,na,[],0,0,0,0,gradual_end,[],[],3834,0.1,383,0,0,0
9768,log_1971_1708943204.xes,0.0,na,[],0,0,0,0,no_drift,[0],[0],1635,0.1,163,1,0,1
9769,log_1971_1708943204.xes,0.0,na,[],0,0,0,0,sudden,[],[],1635,0.1,163,0,0,0
9770,log_1971_1708943204.xes,0.0,na,[],0,0,0,0,gradual_start,[],[],1635,0.1,163,0,0,0
9771,log_1971_1708943204.xes,0.0,na,[],0,0,0,0,gradual_end,[],[],1635,0.1,163,0,0,0
9772,log_2337_1708943203.xes,0.0,na,"['sudden', 'gradual']",2,3,1,1,no_drift,[],[],4773,0.1,477,0,0,0
9773,log_2337_1708943203.xes,0.0,na,"['sudden', 'gradual']",2,3,1,1,sudden,[1652],[],4773,0.1,477,0,0,1
9774,log_2337_1708943203.xes,0.0,na,"['sudden', 'gradual']",2,3,1,1,gradual_start,[2703],[2692],4773,0.1,477,1,0,1
9775,log_2337_1708943203.xes,0.0,na,"['sudden', 'gradual']",2,3,1,1,gradual_end,[3013],[3014],4773,0.1,477,1,0,1
9776,log_2229_1708943201.xes,0.3,na,"['sudden', 'sudden']",2,2,2,0,no_drift,[],[],4934,0.1,493,0,0,0
9777,log_2229_1708943201.xes,0.3,na,"['sudden', 'sudden']",2,2,2,0,sudden,"[1984, 3592]",[1945],4934,0.1,493,1,0,2
9778,log_2229_1708943201.xes,0.3,na,"['sudden', 'sudden']",2,2,2,0,gradual_start,[],[],4934,0.1,493,0,0,0
9779,log_2229_1708943201.xes,0.3,na,"['sudden', 'sudden']",2,2,2,0,gradual_end,[],[],4934,0.1,493,0,0,0
9780,log_2673_1708943197.xes,0.3,na,"['sudden', 'sudden']",2,2,2,0,no_drift,[],[],4756,0.1,475,0,0,0
9781,log_2673_1708943197.xes,0.3,na,"['sudden', 'sudden']",2,2,2,0,sudden,"[1004, 3003]",[967],4756,0.1,475,1,0,2
9782,log_2673_1708943197.xes,0.3,na,"['sudden', 'sudden']",2,2,2,0,gradual_start,[],[],4756,0.1,475,0,0,0
9783,log_2673_1708943197.xes,0.3,na,"['sudden', 'sudden']",2,2,2,0,gradual_end,[],[],4756,0.1,475,0,0,0
9784,log_2303_1708943204.xes,0.3,na,['sudden'],1,1,1,0,no_drift,[],[],3044,0.1,304,0,0,0
9785,log_2303_1708943204.xes,0.3,na,['sudden'],1,1,1,0,sudden,[1700],[1681],3044,0.1,304,1,0,1
9786,log_2303_1708943204.xes,0.3,na,['sudden'],1,1,1,0,gradual_start,[],[],3044,0.1,304,0,0,0
9787,log_2303_1708943204.xes,0.3,na,['sudden'],1,1,1,0,gradual_end,[],[],3044,0.1,304,0,0,0
9788,log_2383_1708943200.xes,0.0,na,"['sudden', 'sudden']",2,2,2,0,no_drift,[],[],5219,0.1,521,0,0,0
9789,log_2383_1708943200.xes,0.0,na,"['sudden', 'sudden']",2,2,2,0,sudden,"[1793, 3238]",[3225],5219,0.1,521,1,0,2
9790,log_2383_1708943200.xes,0.0,na,"['sudden', 'sudden']",2,2,2,0,gradual_start,[],[],5219,0.1,521,0,0,0
9791,log_2383_1708943200.xes,0.0,na,"['sudden', 'sudden']",2,2,2,0,gradual_end,[],[],5219,0.1,521,0,0,0
9792,log_2825_1708943206.xes,0.3,na,['sudden'],1,1,1,0,no_drift,[],[0],2465,0.1,246,0,1,0
9793,log_2825_1708943206.xes,0.3,na,['sudden'],1,1,1,0,sudden,[1120],[],2465,0.1,246,0,0,1
9794,log_2825_1708943206.xes,0.3,na,['sudden'],1,1,1,0,gradual_start,[],[],2465,0.1,246,0,0,0
9795,log_2825_1708943206.xes,0.3,na,['sudden'],1,1,1,0,gradual_end,[],[],2465,0.1,246,0,0,0
9796,log_2187_1708943203.xes,0.3,na,"['sudden', 'sudden', 'sudden']",3,3,3,0,no_drift,[],[0],5252,0.1,525,0,1,0
9797,log_2187_1708943203.xes,0.3,na,"['sudden', 'sudden', 'sudden']",3,3,3,0,sudden,"[1423, 2521, 4042]",[],5252,0.1,525,0,0,3
9798,log_2187_1708943203.xes,0.3,na,"['sudden', 'sudden', 'sudden']",3,3,3,0,gradual_start,[],[],5252,0.1,525,0,0,0
9799,log_2187_1708943203.xes,0.3,na,"['sudden', 'sudden', 'sudden']",3,3,3,0,gradual_end,[],[],5252,0.1,525,0,0,0
9800,log_2150_1708943204.xes,0.6,na,[],0,0,0,0,no_drift,[0],[0],2588,0.1,258,1,0,1
9801,log_2150_1708943204.xes,0.6,na,[],0,0,0,0,sudden,[],[],2588,0.1,258,0,0,0
9802,log_2150_1708943204.xes,0.6,na,[],0,0,0,0,gradual_start,[],[],2588,0.1,258,0,0,0
9803,log_2150_1708943204.xes,0.6,na,[],0,0,0,0,gradual_end,[],[],2588,0.1,258,0,0,0
9804,log_1935_1708943201.xes,0.0,na,"['gradual', 'gradual']",2,4,0,2,no_drift,[],[],5876,0.1,587,0,0,0
9805,log_1935_1708943201.xes,0.0,na,"['gradual', 'gradual']",2,4,0,2,sudden,[],[],5876,0.1,587,0,0,0
9806,log_1935_1708943201.xes,0.0,na,"['gradual', 'gradual']",2,4,0,2,gradual_start,"[1879, 4394]",[1828],5876,0.1,587,1,0,2
9807,log_1935_1708943201.xes,0.0,na,"['gradual', 'gradual']",2,4,0,2,gradual_end,"[2444, 4840]",[2466],5876,0.1,587,1,0,2
9808,log_2338_1708943207.xes,0.0,na,[],0,0,0,0,no_drift,[0],[0],6112,0.1,611,1,0,1
9809,log_2338_1708943207.xes,0.0,na,[],0,0,0,0,sudden,[],[],6112,0.1,611,0,0,0
9810,log_2338_1708943207.xes,0.0,na,[],0,0,0,0,gradual_start,[],[],6112,0.1,611,0,0,0
9811,log_2338_1708943207.xes,0.0,na,[],0,0,0,0,gradual_end,[],[],6112,0.1,611,0,0,0
9812,log_2013_1708943203.xes,0.6,na,"['gradual', 'gradual']",2,4,0,2,no_drift,[],[],5221,0.1,522,0,0,0
9813,log_2013_1708943203.xes,0.6,na,"['gradual', 'gradual']",2,4,0,2,sudden,[],[],5221,0.1,522,0,0,0
9814,log_2013_1708943203.xes,0.6,na,"['gradual', 'gradual']",2,4,0,2,gradual_start,"[1356, 3045]","[3017, 1353]",5221,0.1,522,2,0,2
9815,log_2013_1708943203.xes,0.6,na,"['gradual', 'gradual']",2,4,0,2,gradual_end,"[1710, 3629]","[3615, 1691]",5221,0.1,522,2,0,2
9816,log_2450_1708943202.xes,0.0,na,"['sudden', 'sudden', 'sudden']",3,3,3,0,no_drift,[],[],5183,0.1,518,0,0,0
9817,log_2450_1708943202.xes,0.0,na,"['sudden', 'sudden', 'sudden']",3,3,3,0,sudden,"[1035, 2263, 4031]","[2226, 4001]",5183,0.1,518,2,0,3
9818,log_2450_1708943202.xes,0.0,na,"['sudden', 'sudden', 'sudden']",3,3,3,0,gradual_start,[],[],5183,0.1,518,0,0,0
9819,log_2450_1708943202.xes,0.0,na,"['sudden', 'sudden', 'sudden']",3,3,3,0,gradual_end,[],[],5183,0.1,518,0,0,0
9820,log_2490_1708943205.xes,0.6,na,['sudden'],1,1,1,0,no_drift,[],[0],3238,0.1,323,0,1,0
9821,log_2490_1708943205.xes,0.6,na,['sudden'],1,1,1,0,sudden,[1900],[],3238,0.1,323,0,0,1
9822,log_2490_1708943205.xes,0.6,na,['sudden'],1,1,1,0,gradual_start,[],[],3238,0.1,323,0,0,0
9823,log_2490_1708943205.xes,0.6,na,['sudden'],1,1,1,0,gradual_end,[],[],3238,0.1,323,0,0,0
9824,log_2265_1708943202.xes,0.6,na,"['gradual', 'sudden', 'sudden']",3,4,2,1,no_drift,[],[],5942,0.1,594,0,0,0
9825,log_2265_1708943202.xes,0.6,na,"['gradual', 'sudden', 'sudden']",3,4,2,1,sudden,"[2659, 4353]","[2640, 4351]",5942,0.1,594,2,0,2
9826,log_2265_1708943202.xes,0.6,na,"['gradual', 'sudden', 'sudden']",3,4,2,1,gradual_start,[1143],[1219],5942,0.1,594,1,0,1
9827,log_2265_1708943202.xes,0.6,na,"['gradual', 'sudden', 'sudden']",3,4,2,1,gradual_end,[1568],[1538],5942,0.1,594,1,0,1
9828,log_2048_1708943200.xes,0.6,na,"['sudden', 'gradual']",2,3,1,1,no_drift,[],[],4222,0.1,422,0,0,0
9829,log_2048_1708943200.xes,0.6,na,"['sudden', 'gradual']",2,3,1,1,sudden,[1342],[1324],4222,0.1,422,1,0,1
9830,log_2048_1708943200.xes,0.6,na,"['sudden', 'gradual']",2,3,1,1,gradual_start,[2728],[],4222,0.1,422,0,0,1
9831,log_2048_1708943200.xes,0.6,na,"['sudden', 'gradual']",2,3,1,1,gradual_end,[3068],[],4222,0.1,422,0,0,1
9832,log_2151_1708943207.xes,0.0,na,['sudden'],1,1,1,0,no_drift,[],[],2874,0.1,287,0,0,0
9833,log_2151_1708943207.xes,0.0,na,['sudden'],1,1,1,0,sudden,[1820],[1807],2874,0.1,287,1,0,1
9834,log_2151_1708943207.xes,0.0,na,['sudden'],1,1,1,0,gradual_start,[],[],2874,0.1,287,0,0,0
9835,log_2151_1708943207.xes,0.0,na,['sudden'],1,1,1,0,gradual_end,[],[],2874,0.1,287,0,0,0
9836,log_2120_1708943204.xes,0.0,na,[],0,0,0,0,no_drift,[0],[0],5130,0.1,513,1,0,1
9837,log_2120_1708943204.xes,0.0,na,[],0,0,0,0,sudden,[],[],5130,0.1,513,0,0,0
9838,log_2120_1708943204.xes,0.0,na,[],0,0,0,0,gradual_start,[],[],5130,0.1,513,0,0,0
9839,log_2120_1708943204.xes,0.0,na,[],0,0,0,0,gradual_end,[],[],5130,0.1,513,0,0,0
9840,log_2049_1708943207.xes,0.3,na,"['gradual', 'gradual']",2,4,0,2,no_drift,[],[0],5537,0.1,553,0,1,0
9841,log_2049_1708943207.xes,0.3,na,"['gradual', 'gradual']",2,4,0,2,sudden,[],[],5537,0.1,553,0,0,0
9842,log_2049_1708943207.xes,0.3,na,"['gradual', 'gradual']",2,4,0,2,gradual_start,"[1896, 3932]",[],5537,0.1,553,0,0,2
9843,log_2049_1708943207.xes,0.3,na,"['gradual', 'gradual']",2,4,0,2,gradual_end,"[2243, 4367]",[],5537,0.1,553,0,0,2
9844,log_2638_1708943205.xes,0.0,na,"['gradual', 'sudden']",2,3,1,1,no_drift,[],[0],4549,0.1,454,0,1,0
9845,log_2638_1708943205.xes,0.0,na,"['gradual', 'sudden']",2,3,1,1,sudden,[3210],[],4549,0.1,454,0,0,1
9846,log_2638_1708943205.xes,0.0,na,"['gradual', 'sudden']",2,3,1,1,gradual_start,[1654],[],4549,0.1,454,0,0,1
9847,log_2638_1708943205.xes,0.0,na,"['gradual', 'sudden']",2,3,1,1,gradual_end,[2075],[],4549,0.1,454,0,0,1
9848,log_2230_1708943206.xes,0.3,na,"['sudden', 'gradual']",2,3,1,1,no_drift,[],[],4430,0.1,443,0,0,0
9849,log_2230_1708943206.xes,0.3,na,"['sudden', 'gradual']",2,3,1,1,sudden,[1221],[],4430,0.1,443,0,0,1
9850,log_2230_1708943206.xes,0.3,na,"['sudden', 'gradual']",2,3,1,1,gradual_start,[2747],[2729],4430,0.1,443,1,0,1
9851,log_2230_1708943206.xes,0.3,na,"['sudden', 'gradual']",2,3,1,1,gradual_end,[3243],[3191],4430,0.1,443,1,0,1
9852,log_1972_1708943205.xes,0.0,na,[],0,0,0,0,no_drift,[0],[0],2430,0.1,243,1,0,1
9853,log_1972_1708943205.xes,0.0,na,[],0,0,0,0,sudden,[],[],2430,0.1,243,0,0,0
9854,log_1972_1708943205.xes,0.0,na,[],0,0,0,0,gradual_start,[],[],2430,0.1,243,0,0,0
9855,log_1972_1708943205.xes,0.0,na,[],0,0,0,0,gradual_end,[],[],2430,0.1,243,0,0,0
9856,log_2451_1708943207.xes,0.6,na,[],0,0,0,0,no_drift,[0],[0],1650,0.1,165,1,0,1
9857,log_2451_1708943207.xes,0.6,na,[],0,0,0,0,sudden,[],[],1650,0.1,165,0,0,0
9858,log_2451_1708943207.xes,0.6,na,[],0,0,0,0,gradual_start,[],[],1650,0.1,165,0,0,0
9859,log_2451_1708943207.xes,0.6,na,[],0,0,0,0,gradual_end,[],[],1650,0.1,165,0,0,0
9860,log_2415_1708943203.xes,0.0,na,['gradual'],1,2,0,1,no_drift,[],[],4015,0.1,401,0,0,0
9861,log_2415_1708943203.xes,0.0,na,['gradual'],1,2,0,1,sudden,[],[],4015,0.1,401,0,0,0
9862,log_2415_1708943203.xes,0.0,na,['gradual'],1,2,0,1,gradual_start,[1523],[1501],4015,0.1,401,1,0,1
9863,log_2415_1708943203.xes,0.0,na,['gradual'],1,2,0,1,gradual_end,[2106],[2101],4015,0.1,401,1,0,1
9864,log_2491_1708943208.xes,0.3,na,['sudden'],1,1,1,0,no_drift,[],[],3070,0.1,307,0,0,0
9865,log_2491_1708943208.xes,0.3,na,['sudden'],1,1,1,0,sudden,[1681],[1666],3070,0.1,307,1,0,1
9866,log_2491_1708943208.xes,0.3,na,['sudden'],1,1,1,0,gradual_start,[],[],3070,0.1,307,0,0,0
9867,log_2491_1708943208.xes,0.3,na,['sudden'],1,1,1,0,gradual_end,[],[],3070,0.1,307,0,0,0
9868,log_2087_1708943200.xes,0.3,na,"['sudden', 'gradual']",2,3,1,1,no_drift,[],[],4931,0.1,493,0,0,0
9869,log_2087_1708943200.xes,0.3,na,"['sudden', 'gradual']",2,3,1,1,sudden,[1603],[1585],4931,0.1,493,1,0,1
9870,log_2087_1708943200.xes,0.3,na,"['sudden', 'gradual']",2,3,1,1,gradual_start,[2908],[],4931,0.1,493,0,0,1
9871,log_2087_1708943200.xes,0.3,na,"['sudden', 'gradual']",2,3,1,1,gradual_end,[3309],[],4931,0.1,493,0,0,1
9872,log_2339_1708943209.xes,0.0,na,['sudden'],1,1,1,0,no_drift,[],[0],3027,0.1,302,0,1,0
9873,log_2339_1708943209.xes,0.0,na,['sudden'],1,1,1,0,sudden,[1494],[],3027,0.1,302,0,0,1
9874,log_2339_1708943209.xes,0.0,na,['sudden'],1,1,1,0,gradual_start,[],[],3027,0.1,302,0,0,0
9875,log_2339_1708943209.xes,0.0,na,['sudden'],1,1,1,0,gradual_end,[],[],3027,0.1,302,0,0,0
9876,log_2714_1708943209.xes,0.3,na,[],0,0,0,0,no_drift,[0],[0],3483,0.1,348,1,0,1
9877,log_2714_1708943209.xes,0.3,na,[],0,0,0,0,sudden,[],[],3483,0.1,348,0,0,0
9878,log_2714_1708943209.xes,0.3,na,[],0,0,0,0,gradual_start,[],[],3483,0.1,348,0,0,0
9879,log_2714_1708943209.xes,0.3,na,[],0,0,0,0,gradual_end,[],[],3483,0.1,348,0,0,0
9880,log_2416_1708943209.xes,0.6,na,['sudden'],1,1,1,0,no_drift,[],[],3354,0.1,335,0,0,0
9881,log_2416_1708943209.xes,0.6,na,['sudden'],1,1,1,0,sudden,[1429],[1425],3354,0.1,335,1,0,1
9882,log_2416_1708943209.xes,0.6,na,['sudden'],1,1,1,0,gradual_start,[],[],3354,0.1,335,0,0,0
9883,log_2416_1708943209.xes,0.6,na,['sudden'],1,1,1,0,gradual_end,[],[],3354,0.1,335,0,0,0
9884,log_2231_1708943209.xes,0.0,na,['gradual'],1,2,0,1,no_drift,[],[],3862,0.1,386,0,0,0
9885,log_2231_1708943209.xes,0.0,na,['gradual'],1,2,0,1,sudden,[],[],3862,0.1,386,0,0,0
9886,log_2231_1708943209.xes,0.0,na,['gradual'],1,2,0,1,gradual_start,[1712],[1711],3862,0.1,386,1,0,1
9887,log_2231_1708943209.xes,0.0,na,['gradual'],1,2,0,1,gradual_end,[2158],[2148],3862,0.1,386,1,0,1
9888,log_2121_1708943207.xes,0.0,na,['gradual'],1,2,0,1,no_drift,[],[0],3744,0.1,374,0,1,0
9889,log_2121_1708943207.xes,0.0,na,['gradual'],1,2,0,1,sudden,[],[],3744,0.1,374,0,0,0
9890,log_2121_1708943207.xes,0.0,na,['gradual'],1,2,0,1,gradual_start,[1990],[],3744,0.1,374,0,0,1
9891,log_2121_1708943207.xes,0.0,na,['gradual'],1,2,0,1,gradual_end,[2292],[],3744,0.1,374,0,0,1
9892,log_2713_1708943201.xes,0.3,na,[],0,0,0,0,no_drift,[0],[0],4952,0.1,495,1,0,1
9893,log_2713_1708943201.xes,0.3,na,[],0,0,0,0,sudden,[],[],4952,0.1,495,0,0,0
9894,log_2713_1708943201.xes,0.3,na,[],0,0,0,0,gradual_start,[],[],4952,0.1,495,0,0,0
9895,log_2713_1708943201.xes,0.3,na,[],0,0,0,0,gradual_end,[],[],4952,0.1,495,0,0,0
9896,log_2564_1708943204.xes,0.0,na,[],0,0,0,0,no_drift,[0],[0],5880,0.1,588,1,0,1
9897,log_2564_1708943204.xes,0.0,na,[],0,0,0,0,sudden,[],[],5880,0.1,588,0,0,0
9898,log_2564_1708943204.xes,0.0,na,[],0,0,0,0,gradual_start,[],[],5880,0.1,588,0,0,0
9899,log_2564_1708943204.xes,0.0,na,[],0,0,0,0,gradual_end,[],[],5880,0.1,588,0,0,0
9900,log_2565_1708943211.xes,0.6,na,['sudden'],1,1,1,0,no_drift,[],[],2721,0.1,272,0,0,0
9901,log_2565_1708943211.xes,0.6,na,['sudden'],1,1,1,0,sudden,[1532],[1509],2721,0.1,272,1,0,1
9902,log_2565_1708943211.xes,0.6,na,['sudden'],1,1,1,0,gradual_start,[],[],2721,0.1,272,0,0,0
9903,log_2565_1708943211.xes,0.6,na,['sudden'],1,1,1,0,gradual_end,[],[],2721,0.1,272,0,0,0
9904,log_2014_1708943208.xes,0.3,na,"['sudden', 'sudden']",2,2,2,0,no_drift,[],[],4255,0.1,425,0,0,0
9905,log_2014_1708943208.xes,0.3,na,"['sudden', 'sudden']",2,2,2,0,sudden,"[1409, 3099]","[3088, 1387]",4255,0.1,425,2,0,2
9906,log_2014_1708943208.xes,0.3,na,"['sudden', 'sudden']",2,2,2,0,gradual_start,[],[],4255,0.1,425,0,0,0
9907,log_2014_1708943208.xes,0.3,na,"['sudden', 'sudden']",2,2,2,0,gradual_end,[],[],4255,0.1,425,0,0,0
9908,log_2340_1708943212.xes,0.6,na,"['sudden', 'gradual']",2,3,1,1,no_drift,[],[],4392,0.1,439,0,0,0
9909,log_2340_1708943212.xes,0.6,na,"['sudden', 'gradual']",2,3,1,1,sudden,[1338],[],4392,0.1,439,0,0,1
9910,log_2340_1708943212.xes,0.6,na,"['sudden', 'gradual']",2,3,1,1,gradual_start,[2537],[2521],4392,0.1,439,1,0,1
9911,log_2340_1708943212.xes,0.6,na,"['sudden', 'gradual']",2,3,1,1,gradual_end,[2945],[2941],4392,0.1,439,1,0,1
9912,log_1973_1708943209.xes,0.3,na,['sudden'],1,1,1,0,no_drift,[],[],2642,0.1,264,0,0,0
9913,log_1973_1708943209.xes,0.3,na,['sudden'],1,1,1,0,sudden,[1087],[1067],2642,0.1,264,1,0,1
9914,log_1973_1708943209.xes,0.3,na,['sudden'],1,1,1,0,gradual_start,[],[],2642,0.1,264,0,0,0
9915,log_1973_1708943209.xes,0.3,na,['sudden'],1,1,1,0,gradual_end,[],[],2642,0.1,264,0,0,0
9916,log_2452_1708943209.xes,0.0,na,"['sudden', 'sudden', 'sudden']",3,3,3,0,no_drift,[],[],5766,0.1,576,0,0,0
9917,log_2452_1708943209.xes,0.0,na,"['sudden', 'sudden', 'sudden']",3,3,3,0,sudden,"[1302, 2755, 4105]","[2745, 4089]",5766,0.1,576,2,0,3
9918,log_2452_1708943209.xes,0.0,na,"['sudden', 'sudden', 'sudden']",3,3,3,0,gradual_start,[],[],5766,0.1,576,0,0,0
9919,log_2452_1708943209.xes,0.0,na,"['sudden', 'sudden', 'sudden']",3,3,3,0,gradual_end,[],[],5766,0.1,576,0,0,0
9920,log_2152_1708943210.xes,0.3,na,"['sudden', 'gradual']",2,3,1,1,no_drift,[],[],4579,0.1,457,0,0,0
9921,log_2152_1708943210.xes,0.3,na,"['sudden', 'gradual']",2,3,1,1,sudden,[1356],[1343],4579,0.1,457,1,0,1
9922,log_2152_1708943210.xes,0.3,na,"['sudden', 'gradual']",2,3,1,1,gradual_start,[2555],[2553],4579,0.1,457,1,0,1
9923,log_2152_1708943210.xes,0.3,na,"['sudden', 'gradual']",2,3,1,1,gradual_end,[2910],[2905],4579,0.1,457,1,0,1
9924,log_2603_1708943213.xes,0.0,na,['sudden'],1,1,1,0,no_drift,[],[],2828,0.1,282,0,0,0
9925,log_2603_1708943213.xes,0.0,na,['sudden'],1,1,1,0,sudden,[1638],[1639],2828,0.1,282,1,0,1
9926,log_2603_1708943213.xes,0.0,na,['sudden'],1,1,1,0,gradual_start,[],[],2828,0.1,282,0,0,0
9927,log_2603_1708943213.xes,0.0,na,['sudden'],1,1,1,0,gradual_end,[],[],2828,0.1,282,0,0,0
9928,log_2602_1708943199.xes,0.0,na,"['gradual', 'gradual']",2,4,0,2,no_drift,[],[],5517,0.1,551,0,0,0
9929,log_2602_1708943199.xes,0.0,na,"['gradual', 'gradual']",2,4,0,2,sudden,[],[],5517,0.1,551,0,0,0
9930,log_2602_1708943199.xes,0.0,na,"['gradual', 'gradual']",2,4,0,2,gradual_start,"[1044, 3355]","[3322, 1027]",5517,0.1,551,2,0,2
9931,log_2602_1708943199.xes,0.0,na,"['gradual', 'gradual']",2,4,0,2,gradual_end,"[1622, 3660]","[3619, 1594]",5517,0.1,551,2,0,2
9932,log_2566_1708943213.xes,0.0,na,"['sudden', 'sudden', 'sudden']",3,3,3,0,no_drift,[],[0],4877,0.1,487,0,1,0
9933,log_2566_1708943213.xes,0.0,na,"['sudden', 'sudden', 'sudden']",3,3,3,0,sudden,"[1370, 2562, 3633]",[],4877,0.1,487,0,0,3
9934,log_2566_1708943213.xes,0.0,na,"['sudden', 'sudden', 'sudden']",3,3,3,0,gradual_start,[],[],4877,0.1,487,0,0,0
9935,log_2566_1708943213.xes,0.0,na,"['sudden', 'sudden', 'sudden']",3,3,3,0,gradual_end,[],[],4877,0.1,487,0,0,0
9936,log_2528_1708943214.xes,0.0,na,['gradual'],1,2,0,1,no_drift,[],[],3435,0.1,343,0,0,0
9937,log_2528_1708943214.xes,0.0,na,['gradual'],1,2,0,1,sudden,[],[],3435,0.1,343,0,0,0
9938,log_2528_1708943214.xes,0.0,na,['gradual'],1,2,0,1,gradual_start,[1252],[1157],3435,0.1,343,1,0,1
9939,log_2528_1708943214.xes,0.0,na,['gradual'],1,2,0,1,gradual_end,[1801],[1803],3435,0.1,343,1,0,1
9940,log_2267_1708943214.xes,0.3,na,[],0,0,0,0,no_drift,[0],[0],2260,0.1,226,1,0,1
9941,log_2267_1708943214.xes,0.3,na,[],0,0,0,0,sudden,[],[],2260,0.1,226,0,0,0
9942,log_2267_1708943214.xes,0.3,na,[],0,0,0,0,gradual_start,[],[],2260,0.1,226,0,0,0
9943,log_2267_1708943214.xes,0.3,na,[],0,0,0,0,gradual_end,[],[],2260,0.1,226,0,0,0
9944,log_2527_1708943202.xes,0.6,na,"['sudden', 'gradual', 'gradual']",3,5,1,2,no_drift,[],[],7344,0.1,734,0,0,0
9945,log_2527_1708943202.xes,0.6,na,"['sudden', 'gradual', 'gradual']",3,5,1,2,sudden,[1703],[1693],7344,0.1,734,1,0,1
9946,log_2527_1708943202.xes,0.6,na,"['sudden', 'gradual', 'gradual']",3,5,1,2,gradual_start,"[3669, 5852]",[5833],7344,0.1,734,1,0,2
9947,log_2527_1708943202.xes,0.6,na,"['sudden', 'gradual', 'gradual']",3,5,1,2,gradual_end,"[4228, 6190]",[6157],7344,0.1,734,1,0,2
9948,log_2794_1708943206.xes,0.6,na,"['sudden', 'sudden', 'sudden']",3,3,3,0,no_drift,[],[],5662,0.1,566,0,0,0
9949,log_2794_1708943206.xes,0.6,na,"['sudden', 'sudden', 'sudden']",3,3,3,0,sudden,"[1244, 2939, 4562]","[1233, 2885, 4537]",5662,0.1,566,3,0,3
9950,log_2794_1708943206.xes,0.6,na,"['sudden', 'sudden', 'sudden']",3,3,3,0,gradual_start,[],[],5662,0.1,566,0,0,0
9951,log_2794_1708943206.xes,0.6,na,"['sudden', 'sudden', 'sudden']",3,3,3,0,gradual_end,[],[],5662,0.1,566,0,0,0
9952,log_2826_1708943208.xes,0.0,na,"['gradual', 'sudden']",2,3,1,1,no_drift,[],[0],5222,0.1,522,0,1,0
9953,log_2826_1708943208.xes,0.0,na,"['gradual', 'sudden']",2,3,1,1,sudden,[3956],[],5222,0.1,522,0,0,1
9954,log_2826_1708943208.xes,0.0,na,"['gradual', 'sudden']",2,3,1,1,gradual_start,[1983],[],5222,0.1,522,0,0,1
9955,log_2826_1708943208.xes,0.0,na,"['gradual', 'sudden']",2,3,1,1,gradual_end,[2420],[],5222,0.1,522,0,0,1
9956,log_2748_1708943204.xes,0.0,na,"['sudden', 'gradual', 'gradual']",3,5,1,2,no_drift,[],[],7619,0.1,761,0,0,0
9957,log_2748_1708943204.xes,0.0,na,"['sudden', 'gradual', 'gradual']",3,5,1,2,sudden,[1756],[1711],7619,0.1,761,1,0,1
9958,log_2748_1708943204.xes,0.0,na,"['sudden', 'gradual', 'gradual']",3,5,1,2,gradual_start,"[3742, 5669]",[],7619,0.1,761,0,0,2
9959,log_2748_1708943204.xes,0.0,na,"['sudden', 'gradual', 'gradual']",3,5,1,2,gradual_end,"[4084, 6131]",[],7619,0.1,761,0,0,2
9960,log_2266_1708943207.xes,0.0,na,['gradual'],1,2,0,1,no_drift,[],[],3549,0.1,354,0,0,0
9961,log_2266_1708943207.xes,0.0,na,['gradual'],1,2,0,1,sudden,[],[],3549,0.1,354,0,0,0
9962,log_2266_1708943207.xes,0.0,na,['gradual'],1,2,0,1,gradual_start,[1299],[1276],3549,0.1,354,1,0,1
9963,log_2266_1708943207.xes,0.0,na,['gradual'],1,2,0,1,gradual_end,[1855],[1871],3549,0.1,354,1,0,1
9964,log_2851_1708943213.xes,0.3,na,"['gradual', 'gradual']",2,4,0,2,no_drift,[],[],5437,0.1,543,0,0,0
9965,log_2851_1708943213.xes,0.3,na,"['gradual', 'gradual']",2,4,0,2,sudden,[],[],5437,0.1,543,0,0,0
9966,log_2851_1708943213.xes,0.3,na,"['gradual', 'gradual']",2,4,0,2,gradual_start,"[1473, 3636]",[1459],5437,0.1,543,1,0,2
9967,log_2851_1708943213.xes,0.3,na,"['gradual', 'gradual']",2,4,0,2,gradual_end,"[1977, 4037]",[2026],5437,0.1,543,1,0,2
9968,log_2088_1708943209.xes,0.0,na,[],0,0,0,0,no_drift,[0],[0],4816,0.1,481,1,0,1
9969,log_2088_1708943209.xes,0.0,na,[],0,0,0,0,sudden,[],[],4816,0.1,481,0,0,0
9970,log_2088_1708943209.xes,0.0,na,[],0,0,0,0,gradual_start,[],[],4816,0.1,481,0,0,0
9971,log_2088_1708943209.xes,0.0,na,[],0,0,0,0,gradual_end,[],[],4816,0.1,481,0,0,0
9972,log_2188_1708943208.xes,0.0,na,"['gradual', 'sudden', 'sudden']",3,4,2,1,no_drift,[],[],6003,0.1,600,0,0,0
9973,log_2188_1708943208.xes,0.0,na,"['gradual', 'sudden', 'sudden']",3,4,2,1,sudden,"[2970, 4389]","[2941, 4351]",6003,0.1,600,2,0,2
9974,log_2188_1708943208.xes,0.0,na,"['gradual', 'sudden', 'sudden']",3,4,2,1,gradual_start,[1137],[],6003,0.1,600,0,0,1
9975,log_2188_1708943208.xes,0.0,na,"['gradual', 'sudden', 'sudden']",3,4,2,1,gradual_end,[1443],[],6003,0.1,600,0,0,1
9976,log_2232_1708943212.xes,0.6,na,"['sudden', 'sudden']",2,2,2,0,no_drift,[],[],5254,0.1,525,0,0,0
9977,log_2232_1708943212.xes,0.6,na,"['sudden', 'sudden']",2,2,2,0,sudden,"[1745, 3384]","[3355, 1691]",5254,0.1,525,2,0,2
9978,log_2232_1708943212.xes,0.6,na,"['sudden', 'sudden']",2,2,2,0,gradual_start,[],[],5254,0.1,525,0,0,0
9979,log_2232_1708943212.xes,0.6,na,"['sudden', 'sudden']",2,2,2,0,gradual_end,[],[],5254,0.1,525,0,0,0
9980,log_2189_1708943214.xes,0.0,na,['gradual'],1,2,0,1,no_drift,[],[],3311,0.1,331,0,0,0
9981,log_2189_1708943214.xes,0.0,na,['gradual'],1,2,0,1,sudden,[],[],3311,0.1,331,0,0,0
9982,log_2189_1708943214.xes,0.0,na,['gradual'],1,2,0,1,gradual_start,[1311],[1249],3311,0.1,331,1,0,1
9983,log_2189_1708943214.xes,0.0,na,['gradual'],1,2,0,1,gradual_end,[1611],[1649],3311,0.1,331,1,0,1
9984,log_2153_1708943215.xes,0.6,na,['gradual'],1,2,0,1,no_drift,[],[],2676,0.1,267,0,0,0
9985,log_2153_1708943215.xes,0.6,na,['gradual'],1,2,0,1,sudden,[],[],2676,0.1,267,0,0,0
9986,log_2153_1708943215.xes,0.6,na,['gradual'],1,2,0,1,gradual_start,[1116],[1132],2676,0.1,267,1,0,1
9987,log_2153_1708943215.xes,0.6,na,['gradual'],1,2,0,1,gradual_end,[1486],[1496],2676,0.1,267,1,0,1
9988,log_2749_1708943216.xes,0.6,na,['sudden'],1,1,1,0,no_drift,[],[],3199,0.1,319,0,0,0
9989,log_2749_1708943216.xes,0.6,na,['sudden'],1,1,1,0,sudden,[1834],[1801],3199,0.1,319,1,0,1
9990,log_2749_1708943216.xes,0.6,na,['sudden'],1,1,1,0,gradual_start,[],[],3199,0.1,319,0,0,0
9991,log_2749_1708943216.xes,0.6,na,['sudden'],1,1,1,0,gradual_end,[],[],3199,0.1,319,0,0,0
9992,log_2529_1708943217.xes,0.6,na,['gradual'],1,2,0,1,no_drift,[],[],3356,0.1,335,0,0,0
9993,log_2529_1708943217.xes,0.6,na,['gradual'],1,2,0,1,sudden,[],[],3356,0.1,335,0,0,0
9994,log_2529_1708943217.xes,0.6,na,['gradual'],1,2,0,1,gradual_start,[1542],[1553],3356,0.1,335,1,0,1
9995,log_2529_1708943217.xes,0.6,na,['gradual'],1,2,0,1,gradual_end,[1895],[1953],3356,0.1,335,1,0,1
9996,log_2089_1708943216.xes,0.0,na,['sudden'],1,1,1,0,no_drift,[],[],3131,0.1,313,0,0,0
9997,log_2089_1708943216.xes,0.0,na,['sudden'],1,1,1,0,sudden,[1556],[1546],3131,0.1,313,1,0,1
9998,log_2089_1708943216.xes,0.0,na,['sudden'],1,1,1,0,gradual_start,[],[],3131,0.1,313,0,0,0
9999,log_2089_1708943216.xes,0.0,na,['sudden'],1,1,1,0,gradual_end,[],[],3131,0.1,313,0,0,0
10000,log_1936_1708943207.xes,0.0,na,"['gradual', 'sudden']",2,3,1,1,no_drift,[],[0],4666,0.1,466,0,1,0
10001,log_1936_1708943207.xes,0.0,na,"['gradual', 'sudden']",2,3,1,1,sudden,[2852],[],4666,0.1,466,0,0,1
10002,log_1936_1708943207.xes,0.0,na,"['gradual', 'sudden']",2,3,1,1,gradual_start,[1018],[],4666,0.1,466,0,0,1
10003,log_1936_1708943207.xes,0.0,na,"['gradual', 'sudden']",2,3,1,1,gradual_end,[1342],[],4666,0.1,466,0,0,1
10004,log_2050_1708943211.xes,0.6,na,"['sudden', 'sudden', 'sudden']",3,3,3,0,no_drift,[],[],5247,0.1,524,0,0,0
10005,log_2050_1708943211.xes,0.6,na,"['sudden', 'sudden', 'sudden']",3,3,3,0,sudden,"[1488, 2606, 3694]","[3693, 1457, 2575]",5247,0.1,524,3,0,3
10006,log_2050_1708943211.xes,0.6,na,"['sudden', 'sudden', 'sudden']",3,3,3,0,gradual_start,[],[],5247,0.1,524,0,0,0
10007,log_2050_1708943211.xes,0.6,na,"['sudden', 'sudden', 'sudden']",3,3,3,0,gradual_end,[],[],5247,0.1,524,0,0,0
10008,log_2051_1708943218.xes,0.3,na,['gradual'],1,2,0,1,no_drift,[],[],2629,0.1,262,0,0,0
10009,log_2051_1708943218.xes,0.3,na,['gradual'],1,2,0,1,sudden,[],[],2629,0.1,262,0,0,0
10010,log_2051_1708943218.xes,0.3,na,['gradual'],1,2,0,1,gradual_start,[1089],[1067],2629,0.1,262,1,0,1
10011,log_2051_1708943218.xes,0.3,na,['gradual'],1,2,0,1,gradual_end,[1433],[1444],2629,0.1,262,1,0,1
10012,log_2453_1708943214.xes,0.6,na,"['sudden', 'gradual']",2,3,1,1,no_drift,[],[],4648,0.1,464,0,0,0
10013,log_2453_1708943214.xes,0.6,na,"['sudden', 'gradual']",2,3,1,1,sudden,[1379],[1358],4648,0.1,464,1,0,1
10014,log_2453_1708943214.xes,0.6,na,"['sudden', 'gradual']",2,3,1,1,gradual_start,[2927],[2899],4648,0.1,464,1,0,1
10015,log_2453_1708943214.xes,0.6,na,"['sudden', 'gradual']",2,3,1,1,gradual_end,[3477],[3497],4648,0.1,464,1,0,1
10016,log_2341_1708943215.xes,0.3,na,[],0,0,0,0,no_drift,[0],[0],3252,0.1,325,1,0,1
10017,log_2341_1708943215.xes,0.3,na,[],0,0,0,0,sudden,[],[],3252,0.1,325,0,0,0
10018,log_2341_1708943215.xes,0.3,na,[],0,0,0,0,gradual_start,[],[],3252,0.1,325,0,0,0
10019,log_2341_1708943215.xes,0.3,na,[],0,0,0,0,gradual_end,[],[],3252,0.1,325,0,0,0
10020,log_2567_1708943214.xes,0.3,na,"['gradual', 'sudden', 'sudden']",3,4,2,1,no_drift,[],[],6530,0.1,653,0,0,0
10021,log_2567_1708943214.xes,0.3,na,"['gradual', 'sudden', 'sudden']",3,4,2,1,sudden,"[3105, 5023]","[3073, 4993]",6530,0.1,653,2,0,2
10022,log_2567_1708943214.xes,0.3,na,"['gradual', 'sudden', 'sudden']",3,4,2,1,gradual_start,[1166],[],6530,0.1,653,0,0,1
10023,log_2567_1708943214.xes,0.3,na,"['gradual', 'sudden', 'sudden']",3,4,2,1,gradual_end,[1467],[],6530,0.1,653,0,0,1
10024,log_2090_1708943218.xes,0.6,na,[],0,0,0,0,no_drift,[0],[0],2528,0.1,252,1,0,1
10025,log_2090_1708943218.xes,0.6,na,[],0,0,0,0,sudden,[],[],2528,0.1,252,0,0,0
10026,log_2090_1708943218.xes,0.6,na,[],0,0,0,0,gradual_start,[],[],2528,0.1,252,0,0,0
10027,log_2090_1708943218.xes,0.6,na,[],0,0,0,0,gradual_end,[],[],2528,0.1,252,0,0,0
10028,log_2795_1708943214.xes,0.0,na,['sudden'],1,1,1,0,no_drift,[],[],3566,0.1,356,0,0,0
10029,log_2795_1708943214.xes,0.0,na,['sudden'],1,1,1,0,sudden,[1603],[1599],3566,0.1,356,1,0,1
10030,log_2795_1708943214.xes,0.0,na,['sudden'],1,1,1,0,gradual_start,[],[],3566,0.1,356,0,0,0
10031,log_2795_1708943214.xes,0.0,na,['sudden'],1,1,1,0,gradual_end,[],[],3566,0.1,356,0,0,0
10032,log_2304_1708943208.xes,0.0,na,"['gradual', 'gradual', 'sudden']",3,5,1,2,no_drift,[],[],7514,0.1,751,0,0,0
10033,log_2304_1708943208.xes,0.0,na,"['gradual', 'gradual', 'sudden']",3,5,1,2,sudden,[6055],[6032],7514,0.1,751,1,0,1
10034,log_2304_1708943208.xes,0.0,na,"['gradual', 'gradual', 'sudden']",3,5,1,2,gradual_start,"[1660, 3954]",[3960],7514,0.1,751,1,0,2
10035,log_2304_1708943208.xes,0.0,na,"['gradual', 'gradual', 'sudden']",3,5,1,2,gradual_end,"[2100, 4449]",[4478],7514,0.1,751,1,0,2
10036,log_2715_1708943211.xes,0.6,na,"['gradual', 'gradual', 'gradual']",3,6,0,3,no_drift,[],[],7029,0.1,702,0,0,0
10037,log_2715_1708943211.xes,0.6,na,"['gradual', 'gradual', 'gradual']",3,6,0,3,sudden,[],[],7029,0.1,702,0,0,0
10038,log_2715_1708943211.xes,0.6,na,"['gradual', 'gradual', 'gradual']",3,6,0,3,gradual_start,"[1032, 2669, 4968]","[1086, 4971]",7029,0.1,702,2,0,3
10039,log_2715_1708943211.xes,0.6,na,"['gradual', 'gradual', 'gradual']",3,6,0,3,gradual_end,"[1556, 3178, 5464]","[1506, 5461]",7029,0.1,702,2,0,3
10040,log_2233_1708943217.xes,0.0,na,[],0,0,0,0,no_drift,[0],[0],4659,0.1,465,1,0,1
10041,log_2233_1708943217.xes,0.0,na,[],0,0,0,0,sudden,[],[],4659,0.1,465,0,0,0
10042,log_2233_1708943217.xes,0.0,na,[],0,0,0,0,gradual_start,[],[],4659,0.1,465,0,0,0
10043,log_2233_1708943217.xes,0.0,na,[],0,0,0,0,gradual_end,[],[],4659,0.1,465,0,0,0
10044,log_2674_1708943205.xes,0.0,na,"['gradual', 'sudden', 'gradual']",3,5,1,2,no_drift,[],[],7149,0.1,714,0,0,0
10045,log_2674_1708943205.xes,0.0,na,"['gradual', 'sudden', 'gradual']",3,5,1,2,sudden,[2986],[2976],7149,0.1,714,1,0,1
10046,log_2674_1708943205.xes,0.0,na,"['gradual', 'sudden', 'gradual']",3,5,1,2,gradual_start,"[1457, 4895]",[1436],7149,0.1,714,1,0,2
10047,log_2674_1708943205.xes,0.0,na,"['gradual', 'sudden', 'gradual']",3,5,1,2,gradual_end,"[1875, 5346]",[1856],7149,0.1,714,1,0,2
10048,log_2604_1708943215.xes,0.6,na,"['gradual', 'sudden', 'gradual']",3,5,1,2,no_drift,[],[],6177,0.1,617,0,0,0
10049,log_2604_1708943215.xes,0.6,na,"['gradual', 'sudden', 'gradual']",3,5,1,2,sudden,[2897],[2881],6177,0.1,617,1,0,1
10050,log_2604_1708943215.xes,0.6,na,"['gradual', 'sudden', 'gradual']",3,5,1,2,gradual_start,"[1021, 4077]",[4081],6177,0.1,617,1,0,2
10051,log_2604_1708943215.xes,0.6,na,"['gradual', 'sudden', 'gradual']",3,5,1,2,gradual_end,"[1431, 4505]",[4411],6177,0.1,617,1,0,2
10052,log_2122_1708943211.xes,0.6,na,"['sudden', 'sudden']",2,2,2,0,no_drift,[],[],4628,0.1,462,0,0,0
10053,log_2122_1708943211.xes,0.6,na,"['sudden', 'sudden']",2,2,2,0,sudden,"[1132, 2699]","[2669, 1105]",4628,0.1,462,2,0,2
10054,log_2122_1708943211.xes,0.6,na,"['sudden', 'sudden']",2,2,2,0,gradual_start,[],[],4628,0.1,462,0,0,0
10055,log_2122_1708943211.xes,0.6,na,"['sudden', 'sudden']",2,2,2,0,gradual_end,[],[],4628,0.1,462,0,0,0
10056,log_1937_1708943218.xes,0.3,na,['gradual'],1,2,0,1,no_drift,[],[],2881,0.1,288,0,0,0
10057,log_1937_1708943218.xes,0.3,na,['gradual'],1,2,0,1,sudden,[],[],2881,0.1,288,0,0,0
10058,log_1937_1708943218.xes,0.3,na,['gradual'],1,2,0,1,gradual_start,[1148],[1163],2881,0.1,288,1,0,1
10059,log_1937_1708943218.xes,0.3,na,['gradual'],1,2,0,1,gradual_end,[1644],[1597],2881,0.1,288,1,0,1
10060,log_2852_1708943217.xes,0.0,na,"['gradual', 'gradual']",2,4,0,2,no_drift,[],[],5463,0.1,546,0,0,0
10061,log_2852_1708943217.xes,0.0,na,"['gradual', 'gradual']",2,4,0,2,sudden,[],[],5463,0.1,546,0,0,0
10062,log_2852_1708943217.xes,0.0,na,"['gradual', 'gradual']",2,4,0,2,gradual_start,"[1341, 2970]",[2971],5463,0.1,546,1,0,2
10063,log_2852_1708943217.xes,0.0,na,"['gradual', 'gradual']",2,4,0,2,gradual_end,"[1798, 3489]",[3484],5463,0.1,546,1,0,2
10064,log_1938_1708943221.xes,0.3,na,['gradual'],1,2,0,1,no_drift,[],[],3529,0.1,352,0,0,0
10065,log_1938_1708943221.xes,0.3,na,['gradual'],1,2,0,1,sudden,[],[],3529,0.1,352,0,0,0
10066,log_1938_1708943221.xes,0.3,na,['gradual'],1,2,0,1,gradual_start,[1334],[1361],3529,0.1,352,1,0,1
10067,log_1938_1708943221.xes,0.3,na,['gradual'],1,2,0,1,gradual_end,[1656],[1684],3529,0.1,352,1,0,1
10068,log_2268_1708943215.xes,0.0,na,"['sudden', 'sudden']",2,2,2,0,no_drift,[],[0],4805,0.1,480,0,1,0
10069,log_2268_1708943215.xes,0.0,na,"['sudden', 'sudden']",2,2,2,0,sudden,"[1311, 2855]",[],4805,0.1,480,0,0,2
10070,log_2268_1708943215.xes,0.0,na,"['sudden', 'sudden']",2,2,2,0,gradual_start,[],[],4805,0.1,480,0,0,0
10071,log_2268_1708943215.xes,0.0,na,"['sudden', 'sudden']",2,2,2,0,gradual_end,[],[],4805,0.1,480,0,0,0
10072,log_2492_1708943210.xes,0.0,na,"['gradual', 'sudden', 'gradual']",3,5,1,2,no_drift,[],[],8079,0.1,807,0,0,0
10073,log_2492_1708943210.xes,0.0,na,"['gradual', 'sudden', 'gradual']",3,5,1,2,sudden,[3811],[3761],8079,0.1,807,1,0,1
10074,log_2492_1708943210.xes,0.0,na,"['gradual', 'sudden', 'gradual']",3,5,1,2,gradual_start,"[1423, 5772]","[5761, 1401]",8079,0.1,807,2,0,2
10075,log_2492_1708943210.xes,0.0,na,"['gradual', 'sudden', 'gradual']",3,5,1,2,gradual_end,"[1922, 6191]","[6161, 1921]",8079,0.1,807,2,0,2
10076,log_2342_1708943219.xes,0.3,na,"['gradual', 'sudden']",2,3,1,1,no_drift,[],[],4953,0.1,495,0,0,0
10077,log_2342_1708943219.xes,0.3,na,"['gradual', 'sudden']",2,3,1,1,sudden,[3647],[3625],4953,0.1,495,1,0,1
10078,log_2342_1708943219.xes,0.3,na,"['gradual', 'sudden']",2,3,1,1,gradual_start,[1626],[1585],4953,0.1,495,1,0,1
10079,log_2342_1708943219.xes,0.3,na,"['gradual', 'sudden']",2,3,1,1,gradual_end,[2173],[2137],4953,0.1,495,1,0,1
10080,log_2568_1708943220.xes,0.0,na,['gradual'],1,2,0,1,no_drift,[],[],3907,0.1,390,0,0,0
10081,log_2568_1708943220.xes,0.0,na,['gradual'],1,2,0,1,sudden,[],[],3907,0.1,390,0,0,0
10082,log_2568_1708943220.xes,0.0,na,['gradual'],1,2,0,1,gradual_start,[1905],[1901],3907,0.1,390,1,0,1
10083,log_2568_1708943220.xes,0.0,na,['gradual'],1,2,0,1,gradual_end,[2268],[2281],3907,0.1,390,1,0,1
10084,log_2269_1708943220.xes,0.0,na,[],0,0,0,0,no_drift,[0],[0],1886,0.1,188,1,0,1
10085,log_2269_1708943220.xes,0.0,na,[],0,0,0,0,sudden,[],[],1886,0.1,188,0,0,0
10086,log_2269_1708943220.xes,0.0,na,[],0,0,0,0,gradual_start,[],[],1886,0.1,188,0,0,0
10087,log_2269_1708943220.xes,0.0,na,[],0,0,0,0,gradual_end,[],[],1886,0.1,188,0,0,0
10088,log_2530_1708943219.xes,0.0,na,"['sudden', 'gradual']",2,3,1,1,no_drift,[],[],5365,0.1,536,0,0,0
10089,log_2530_1708943219.xes,0.0,na,"['sudden', 'gradual']",2,3,1,1,sudden,[1490],[],5365,0.1,536,0,0,1
10090,log_2530_1708943219.xes,0.0,na,"['sudden', 'gradual']",2,3,1,1,gradual_start,[3404],[3355],5365,0.1,536,1,0,1
10091,log_2530_1708943219.xes,0.0,na,"['sudden', 'gradual']",2,3,1,1,gradual_end,[3865],[3901],5365,0.1,536,1,0,1
10092,log_2123_1708943220.xes,0.0,na,[],0,0,0,0,no_drift,[0],[0],1529,0.1,152,1,0,1
10093,log_2123_1708943220.xes,0.0,na,[],0,0,0,0,sudden,[],[],1529,0.1,152,0,0,0
10094,log_2123_1708943220.xes,0.0,na,[],0,0,0,0,gradual_start,[],[],1529,0.1,152,0,0,0
10095,log_2123_1708943220.xes,0.0,na,[],0,0,0,0,gradual_end,[],[],1529,0.1,152,0,0,0
10096,log_2417_1708943212.xes,0.0,na,"['sudden', 'sudden', 'gradual']",3,4,2,1,no_drift,[],[],7736,0.1,773,0,0,0
10097,log_2417_1708943212.xes,0.0,na,"['sudden', 'sudden', 'gradual']",3,4,2,1,sudden,"[1495, 3383]","[3345, 1445]",7736,0.1,773,2,0,2
10098,log_2417_1708943212.xes,0.0,na,"['sudden', 'sudden', 'gradual']",3,4,2,1,gradual_start,[5374],[5359],7736,0.1,773,1,0,1
10099,log_2417_1708943212.xes,0.0,na,"['sudden', 'sudden', 'gradual']",3,4,2,1,gradual_end,[5819],[5815],7736,0.1,773,1,0,1
10100,log_1974_1708943215.xes,0.0,na,"['sudden', 'sudden']",2,2,2,0,no_drift,[],[],3852,0.1,385,0,0,0
10101,log_1974_1708943215.xes,0.0,na,"['sudden', 'sudden']",2,2,2,0,sudden,"[1065, 2764]","[1046, 2737]",3852,0.1,385,2,0,2
10102,log_1974_1708943215.xes,0.0,na,"['sudden', 'sudden']",2,2,2,0,gradual_start,[],[],3852,0.1,385,0,0,0
10103,log_1974_1708943215.xes,0.0,na,"['sudden', 'sudden']",2,2,2,0,gradual_end,[],[],3852,0.1,385,0,0,0
10104,log_2796_1708943219.xes,0.3,na,"['sudden', 'gradual']",2,3,1,1,no_drift,[],[],4557,0.1,455,0,0,0
10105,log_2796_1708943219.xes,0.3,na,"['sudden', 'gradual']",2,3,1,1,sudden,[1868],[1871],4557,0.1,455,1,0,1
10106,log_2796_1708943219.xes,0.3,na,"['sudden', 'gradual']",2,3,1,1,gradual_start,[2924],[2949],4557,0.1,455,1,0,1
10107,log_2796_1708943219.xes,0.3,na,"['sudden', 'gradual']",2,3,1,1,gradual_end,[3455],[3455],4557,0.1,455,1,0,1
10108,log_2639_1708943209.xes,0.0,na,"['gradual', 'sudden', 'gradual']",3,5,1,2,no_drift,[],[],7483,0.1,748,0,0,0
10109,log_2639_1708943209.xes,0.0,na,"['gradual', 'sudden', 'gradual']",3,5,1,2,sudden,[3815],[3775],7483,0.1,748,1,0,1
10110,log_2639_1708943209.xes,0.0,na,"['gradual', 'sudden', 'gradual']",3,5,1,2,gradual_start,"[1926, 5177]",[1925],7483,0.1,748,1,0,2
10111,log_2639_1708943209.xes,0.0,na,"['gradual', 'sudden', 'gradual']",3,5,1,2,gradual_end,"[2448, 5573]",[2406],7483,0.1,748,1,0,2
10112,log_2190_1708943217.xes,0.6,na,"['sudden', 'sudden', 'gradual']",3,4,2,1,no_drift,[],[],6407,0.1,640,0,0,0
10113,log_2190_1708943217.xes,0.6,na,"['sudden', 'sudden', 'gradual']",3,4,2,1,sudden,"[1078, 2606]",[1025],6407,0.1,640,1,0,2
10114,log_2190_1708943217.xes,0.6,na,"['sudden', 'sudden', 'gradual']",3,4,2,1,gradual_start,[4502],[4481],6407,0.1,640,1,0,1
10115,log_2190_1708943217.xes,0.6,na,"['sudden', 'sudden', 'gradual']",3,4,2,1,gradual_end,[5102],[5057],6407,0.1,640,1,0,1
10116,log_2124_1708943222.xes,0.6,na,[],0,0,0,0,no_drift,[0],[0],2118,0.1,211,1,0,1
10117,log_2124_1708943222.xes,0.6,na,[],0,0,0,0,sudden,[],[],2118,0.1,211,0,0,0
10118,log_2124_1708943222.xes,0.6,na,[],0,0,0,0,gradual_start,[],[],2118,0.1,211,0,0,0
10119,log_2124_1708943222.xes,0.6,na,[],0,0,0,0,gradual_end,[],[],2118,0.1,211,0,0,0
10120,log_1975_1708943222.xes,0.0,na,"['sudden', 'sudden']",2,2,2,0,no_drift,[],[],4243,0.1,424,0,0,0
10121,log_1975_1708943222.xes,0.0,na,"['sudden', 'sudden']",2,2,2,0,sudden,"[1742, 3097]","[3088, 1702]",4243,0.1,424,2,0,2
10122,log_1975_1708943222.xes,0.0,na,"['sudden', 'sudden']",2,2,2,0,gradual_start,[],[],4243,0.1,424,0,0,0
10123,log_1975_1708943222.xes,0.0,na,"['sudden', 'sudden']",2,2,2,0,gradual_end,[],[],4243,0.1,424,0,0,0
10124,log_2750_1708943218.xes,0.0,na,['sudden'],1,1,1,0,no_drift,[],[],2115,0.1,211,0,0,0
10125,log_2750_1708943218.xes,0.0,na,['sudden'],1,1,1,0,sudden,[1042],[1031],2115,0.1,211,1,0,1
10126,log_2750_1708943218.xes,0.0,na,['sudden'],1,1,1,0,gradual_start,[],[],2115,0.1,211,0,0,0
10127,log_2750_1708943218.xes,0.0,na,['sudden'],1,1,1,0,gradual_end,[],[],2115,0.1,211,0,0,0
10128,log_2675_1708943217.xes,0.6,na,[],0,0,0,0,no_drift,[0],[0],4620,0.1,462,1,0,1
10129,log_2675_1708943217.xes,0.6,na,[],0,0,0,0,sudden,[],[],4620,0.1,462,0,0,0
10130,log_2675_1708943217.xes,0.6,na,[],0,0,0,0,gradual_start,[],[],4620,0.1,462,0,0,0
10131,log_2675_1708943217.xes,0.6,na,[],0,0,0,0,gradual_end,[],[],4620,0.1,462,0,0,0
10132,log_2569_1708943221.xes,0.3,na,['gradual'],1,2,0,1,no_drift,[],[0],3956,0.1,395,0,1,0
10133,log_2569_1708943221.xes,0.3,na,['gradual'],1,2,0,1,sudden,[],[],3956,0.1,395,0,0,0
10134,log_2569_1708943221.xes,0.3,na,['gradual'],1,2,0,1,gradual_start,[1996],[],3956,0.1,395,0,0,1
10135,log_2569_1708943221.xes,0.3,na,['gradual'],1,2,0,1,gradual_end,[2298],[],3956,0.1,395,0,0,1
10136,log_2927_1708943223.xes,0.0,na,"['sudden', 'sudden']",2,2,2,0,no_drift,[],[0],3795,0.1,379,0,1,0
10137,log_2927_1708943223.xes,0.0,na,"['sudden', 'sudden']",2,2,2,0,sudden,"[1120, 2356]",[],3795,0.1,379,0,0,2
10138,log_2927_1708943223.xes,0.0,na,"['sudden', 'sudden']",2,2,2,0,gradual_start,[],[],3795,0.1,379,0,0,0
10139,log_2927_1708943223.xes,0.0,na,"['sudden', 'sudden']",2,2,2,0,gradual_end,[],[],3795,0.1,379,0,0,0
10140,log_2828_1708943225.xes,0.0,na,[],0,0,0,0,no_drift,[0],[0],1738,0.1,173,1,0,1
10141,log_2828_1708943225.xes,0.0,na,[],0,0,0,0,sudden,[],[],1738,0.1,173,0,0,0
10142,log_2828_1708943225.xes,0.0,na,[],0,0,0,0,gradual_start,[],[],1738,0.1,173,0,0,0
10143,log_2828_1708943225.xes,0.0,na,[],0,0,0,0,gradual_end,[],[],1738,0.1,173,0,0,0
10144,log_2384_1708943207.xes,0.3,na,"['gradual', 'gradual', 'sudden']",3,5,1,2,no_drift,[],[],7093,0.1,709,0,0,0
10145,log_2384_1708943207.xes,0.3,na,"['gradual', 'gradual', 'sudden']",3,5,1,2,sudden,[5661],[5601],7093,0.1,709,1,0,1
10146,log_2384_1708943207.xes,0.3,na,"['gradual', 'gradual', 'sudden']",3,5,1,2,gradual_start,"[1745, 3647]",[],7093,0.1,709,0,0,2
10147,log_2384_1708943207.xes,0.3,na,"['gradual', 'gradual', 'sudden']",3,5,1,2,gradual_end,"[2222, 4171]",[],7093,0.1,709,0,0,2
10148,log_2154_1708943217.xes,0.6,na,"['sudden', 'gradual']",2,3,1,1,no_drift,[],[],5139,0.1,513,0,0,0
10149,log_2154_1708943217.xes,0.6,na,"['sudden', 'gradual']",2,3,1,1,sudden,[1872],[],5139,0.1,513,0,0,1
10150,log_2154_1708943217.xes,0.6,na,"['sudden', 'gradual']",2,3,1,1,gradual_start,[3225],[3226],5139,0.1,513,1,0,1
10151,log_2154_1708943217.xes,0.6,na,"['sudden', 'gradual']",2,3,1,1,gradual_end,[3680],[3726],5139,0.1,513,1,0,1
10152,log_2640_1708943222.xes,0.0,na,"['sudden', 'sudden']",2,2,2,0,no_drift,[],[],4223,0.1,422,0,0,0
10153,log_2640_1708943222.xes,0.0,na,"['sudden', 'sudden']",2,2,2,0,sudden,"[1447, 3089]",[3067],4223,0.1,422,1,0,2
10154,log_2640_1708943222.xes,0.0,na,"['sudden', 'sudden']",2,2,2,0,gradual_start,[],[],4223,0.1,422,0,0,0
10155,log_2640_1708943222.xes,0.0,na,"['sudden', 'sudden']",2,2,2,0,gradual_end,[],[],4223,0.1,422,0,0,0
10156,log_2716_1708943219.xes,0.6,na,[],0,0,0,0,no_drift,[0],[0],3764,0.1,376,1,0,1
10157,log_2716_1708943219.xes,0.6,na,[],0,0,0,0,sudden,[],[],3764,0.1,376,0,0,0
10158,log_2716_1708943219.xes,0.6,na,[],0,0,0,0,gradual_start,[],[],3764,0.1,376,0,0,0
10159,log_2716_1708943219.xes,0.6,na,[],0,0,0,0,gradual_end,[],[],3764,0.1,376,0,0,0
10160,log_2605_1708943220.xes,0.0,na,['sudden'],1,1,1,0,no_drift,[],[],3597,0.1,359,0,0,0
10161,log_2605_1708943220.xes,0.0,na,['sudden'],1,1,1,0,sudden,[1956],[1939],3597,0.1,359,1,0,1
10162,log_2605_1708943220.xes,0.0,na,['sudden'],1,1,1,0,gradual_start,[],[],3597,0.1,359,0,0,0
10163,log_2605_1708943220.xes,0.0,na,['sudden'],1,1,1,0,gradual_end,[],[],3597,0.1,359,0,0,0
10164,log_2191_1708943222.xes,0.0,na,"['gradual', 'sudden']",2,3,1,1,no_drift,[],[],4874,0.1,487,0,0,0
10165,log_2191_1708943222.xes,0.0,na,"['gradual', 'sudden']",2,3,1,1,sudden,[3354],[3337],4874,0.1,487,1,0,1
10166,log_2191_1708943222.xes,0.0,na,"['gradual', 'sudden']",2,3,1,1,gradual_start,[1348],[1321],4874,0.1,487,1,0,1
10167,log_2191_1708943222.xes,0.0,na,"['gradual', 'sudden']",2,3,1,1,gradual_end,[1879],[1849],4874,0.1,487,1,0,1
10168,log_2752_1708943226.xes,0.3,na,[],0,0,0,0,no_drift,[0],[0],1804,0.1,180,1,0,1
10169,log_2752_1708943226.xes,0.3,na,[],0,0,0,0,sudden,[],[],1804,0.1,180,0,0,0
10170,log_2752_1708943226.xes,0.3,na,[],0,0,0,0,gradual_start,[],[],1804,0.1,180,0,0,0
10171,log_2752_1708943226.xes,0.3,na,[],0,0,0,0,gradual_end,[],[],1804,0.1,180,0,0,0
10172,log_2751_1708943223.xes,0.0,na,"['sudden', 'sudden']",2,2,2,0,no_drift,[],[],4545,0.1,454,0,0,0
10173,log_2751_1708943223.xes,0.0,na,"['sudden', 'sudden']",2,2,2,0,sudden,"[1963, 3239]","[3213, 1937]",4545,0.1,454,2,0,2
10174,log_2751_1708943223.xes,0.0,na,"['sudden', 'sudden']",2,2,2,0,gradual_start,[],[],4545,0.1,454,0,0,0
10175,log_2751_1708943223.xes,0.0,na,"['sudden', 'sudden']",2,2,2,0,gradual_end,[],[],4545,0.1,454,0,0,0
10176,log_2343_1708943223.xes,0.6,na,['gradual'],1,2,0,1,no_drift,[],[0],3968,0.1,396,0,1,0
10177,log_2343_1708943223.xes,0.6,na,['gradual'],1,2,0,1,sudden,[],[],3968,0.1,396,0,0,0
10178,log_2343_1708943223.xes,0.6,na,['gradual'],1,2,0,1,gradual_start,[1713],[],3968,0.1,396,0,0,1
10179,log_2343_1708943223.xes,0.6,na,['gradual'],1,2,0,1,gradual_end,[2042],[],3968,0.1,396,0,0,1
10180,log_2494_1708943225.xes,0.0,na,[],0,0,0,0,no_drift,[0],[0],2632,0.1,263,1,0,1
10181,log_2494_1708943225.xes,0.0,na,[],0,0,0,0,sudden,[],[],2632,0.1,263,0,0,0
10182,log_2494_1708943225.xes,0.0,na,[],0,0,0,0,gradual_start,[],[],2632,0.1,263,0,0,0
10183,log_2494_1708943225.xes,0.0,na,[],0,0,0,0,gradual_end,[],[],2632,0.1,263,0,0,0
10184,log_2493_1708943220.xes,0.3,na,['gradual'],1,2,0,1,no_drift,[],[],4299,0.1,429,0,0,0
10185,log_2493_1708943220.xes,0.3,na,['gradual'],1,2,0,1,sudden,[],[],4299,0.1,429,0,0,0
10186,log_2493_1708943220.xes,0.3,na,['gradual'],1,2,0,1,gradual_start,[1996],[1933],4299,0.1,429,1,0,1
10187,log_2493_1708943220.xes,0.3,na,['gradual'],1,2,0,1,gradual_end,[2556],[2584],4299,0.1,429,1,0,1
10188,log_2827_1708943214.xes,0.0,na,"['sudden', 'sudden', 'sudden']",3,3,3,0,no_drift,[],[],6632,0.1,663,0,0,0
10189,log_2827_1708943214.xes,0.0,na,"['sudden', 'sudden', 'sudden']",3,3,3,0,sudden,"[2000, 3661, 4667]","[3664, 1981, 4654]",6632,0.1,663,3,0,3
10190,log_2827_1708943214.xes,0.0,na,"['sudden', 'sudden', 'sudden']",3,3,3,0,gradual_start,[],[],6632,0.1,663,0,0,0
10191,log_2827_1708943214.xes,0.0,na,"['sudden', 'sudden', 'sudden']",3,3,3,0,gradual_end,[],[],6632,0.1,663,0,0,0
10192,log_2717_1708943225.xes,0.6,na,['sudden'],1,1,1,0,no_drift,[],[],3166,0.1,316,0,0,0
10193,log_2717_1708943225.xes,0.6,na,['sudden'],1,1,1,0,sudden,[1999],[1981],3166,0.1,316,1,0,1
10194,log_2717_1708943225.xes,0.6,na,['sudden'],1,1,1,0,gradual_start,[],[],3166,0.1,316,0,0,0
10195,log_2717_1708943225.xes,0.6,na,['sudden'],1,1,1,0,gradual_end,[],[],3166,0.1,316,0,0,0
10196,log_2385_1708943222.xes,0.6,na,"['sudden', 'sudden', 'sudden']",3,3,3,0,no_drift,[],[],5680,0.1,568,0,0,0
10197,log_2385_1708943222.xes,0.6,na,"['sudden', 'sudden', 'sudden']",3,3,3,0,sudden,"[1552, 2712, 4241]","[1569, 4229]",5680,0.1,568,2,0,3
10198,log_2385_1708943222.xes,0.6,na,"['sudden', 'sudden', 'sudden']",3,3,3,0,gradual_start,[],[],5680,0.1,568,0,0,0
10199,log_2385_1708943222.xes,0.6,na,"['sudden', 'sudden', 'sudden']",3,3,3,0,gradual_end,[],[],5680,0.1,568,0,0,0
10200,log_2454_1708943220.xes,0.0,na,"['sudden', 'sudden', 'sudden']",3,3,3,0,no_drift,[],[],6009,0.1,600,0,0,0
10201,log_2454_1708943220.xes,0.0,na,"['sudden', 'sudden', 'sudden']",3,3,3,0,sudden,"[1690, 3631, 4688]","[3601, 1651]",6009,0.1,600,2,0,3
10202,log_2454_1708943220.xes,0.0,na,"['sudden', 'sudden', 'sudden']",3,3,3,0,gradual_start,[],[],6009,0.1,600,0,0,0
10203,log_2454_1708943220.xes,0.0,na,"['sudden', 'sudden', 'sudden']",3,3,3,0,gradual_end,[],[],6009,0.1,600,0,0,0
10204,log_2641_1708943225.xes,0.6,na,['sudden'],1,1,1,0,no_drift,[],[],2865,0.1,286,0,0,0
10205,log_2641_1708943225.xes,0.6,na,['sudden'],1,1,1,0,sudden,[1195],[1191],2865,0.1,286,1,0,1
10206,log_2641_1708943225.xes,0.6,na,['sudden'],1,1,1,0,gradual_start,[],[],2865,0.1,286,0,0,0
10207,log_2641_1708943225.xes,0.6,na,['sudden'],1,1,1,0,gradual_end,[],[],2865,0.1,286,0,0,0
10208,log_2531_1708943223.xes,0.0,na,"['gradual', 'sudden']",2,3,1,1,no_drift,[],[],5047,0.1,504,0,0,0
10209,log_2531_1708943223.xes,0.0,na,"['gradual', 'sudden']",2,3,1,1,sudden,[3721],[3676],5047,0.1,504,1,0,1
10210,log_2531_1708943223.xes,0.0,na,"['gradual', 'sudden']",2,3,1,1,gradual_start,[1338],[1301],5047,0.1,504,1,0,1
10211,log_2531_1708943223.xes,0.0,na,"['gradual', 'sudden']",2,3,1,1,gradual_end,[1762],[1751],5047,0.1,504,1,0,1
10212,log_2125_1708943225.xes,0.0,na,"['gradual', 'sudden']",2,3,1,1,no_drift,[],[],5279,0.1,527,0,0,0
10213,log_2125_1708943225.xes,0.0,na,"['gradual', 'sudden']",2,3,1,1,sudden,[3961],[],5279,0.1,527,0,0,1
10214,log_2125_1708943225.xes,0.0,na,"['gradual', 'sudden']",2,3,1,1,gradual_start,[1804],[1847],5279,0.1,527,1,0,1
10215,log_2125_1708943225.xes,0.0,na,"['gradual', 'sudden']",2,3,1,1,gradual_end,[2329],[2289],5279,0.1,527,1,0,1
10216,log_2418_1708943221.xes,0.3,na,"['gradual', 'gradual']",2,4,0,2,no_drift,[],[],4562,0.1,456,0,0,0
10217,log_2418_1708943221.xes,0.3,na,"['gradual', 'gradual']",2,4,0,2,sudden,[],[],4562,0.1,456,0,0,0
10218,log_2418_1708943221.xes,0.3,na,"['gradual', 'gradual']",2,4,0,2,gradual_start,"[1142, 3058]","[1123, 3037]",4562,0.1,456,2,0,2
10219,log_2418_1708943221.xes,0.3,na,"['gradual', 'gradual']",2,4,0,2,gradual_end,"[1682, 3492]","[1673, 3455]",4562,0.1,456,2,0,2
10220,log_2270_1708943221.xes,0.0,na,"['gradual', 'gradual', 'gradual']",3,6,0,3,no_drift,[],[],7147,0.1,714,0,0,0
10221,log_2270_1708943221.xes,0.0,na,"['gradual', 'gradual', 'gradual']",3,6,0,3,sudden,[],[],7147,0.1,714,0,0,0
10222,log_2270_1708943221.xes,0.0,na,"['gradual', 'gradual', 'gradual']",3,6,0,3,gradual_start,"[1726, 3378, 5209]","[3361, 1681]",7147,0.1,714,2,0,3
10223,log_2270_1708943221.xes,0.0,na,"['gradual', 'gradual', 'gradual']",3,6,0,3,gradual_end,"[2194, 3793, 5633]","[3711, 2206]",7147,0.1,714,2,0,3
10224,log_2052_1708943220.xes,0.0,na,"['sudden', 'gradual', 'sudden']",3,4,2,1,no_drift,[],[],7116,0.1,711,0,0,0
10225,log_2052_1708943220.xes,0.0,na,"['sudden', 'gradual', 'sudden']",3,4,2,1,sudden,"[1746, 5268]",[5251],7116,0.1,711,1,0,2
10226,log_2052_1708943220.xes,0.0,na,"['sudden', 'gradual', 'sudden']",3,4,2,1,gradual_start,[3364],[3326],7116,0.1,711,1,0,1
10227,log_2052_1708943220.xes,0.0,na,"['sudden', 'gradual', 'sudden']",3,4,2,1,gradual_end,[3805],[3781],7116,0.1,711,1,0,1
10228,log_2305_1708943218.xes,0.0,na,"['sudden', 'gradual']",2,3,1,1,no_drift,[],[],4975,0.1,497,0,0,0
10229,log_2305_1708943218.xes,0.0,na,"['sudden', 'gradual']",2,3,1,1,sudden,[1638],[1609],4975,0.1,497,1,0,1
10230,log_2305_1708943218.xes,0.0,na,"['sudden', 'gradual']",2,3,1,1,gradual_start,[3612],[],4975,0.1,497,0,0,1
10231,log_2305_1708943218.xes,0.0,na,"['sudden', 'gradual']",2,3,1,1,gradual_end,[3966],[],4975,0.1,497,0,0,1
10232,log_2676_1708943223.xes,0.3,na,"['sudden', 'sudden']",2,2,2,0,no_drift,[],[],4477,0.1,447,0,0,0
10233,log_2676_1708943223.xes,0.3,na,"['sudden', 'sudden']",2,2,2,0,sudden,"[1670, 3186]","[3169, 1651]",4477,0.1,447,2,0,2
10234,log_2676_1708943223.xes,0.3,na,"['sudden', 'sudden']",2,2,2,0,gradual_start,[],[],4477,0.1,447,0,0,0
10235,log_2676_1708943223.xes,0.3,na,"['sudden', 'sudden']",2,2,2,0,gradual_end,[],[],4477,0.1,447,0,0,0
10236,log_2889_1708943220.xes,0.0,na,['gradual'],1,2,0,1,no_drift,[],[],4115,0.1,411,0,0,0
10237,log_2889_1708943220.xes,0.0,na,['gradual'],1,2,0,1,sudden,[],[],4115,0.1,411,0,0,0
10238,log_2889_1708943220.xes,0.0,na,['gradual'],1,2,0,1,gradual_start,[1811],[1801],4115,0.1,411,1,0,1
10239,log_2889_1708943220.xes,0.0,na,['gradual'],1,2,0,1,gradual_end,[2401],[2401],4115,0.1,411,1,0,1
10240,log_2829_1708943225.xes,0.0,na,['gradual'],1,2,0,1,no_drift,[],[],3127,0.1,312,0,0,0
10241,log_2829_1708943225.xes,0.0,na,['gradual'],1,2,0,1,sudden,[],[],3127,0.1,312,0,0,0
10242,log_2829_1708943225.xes,0.0,na,['gradual'],1,2,0,1,gradual_start,[1161],[1156],3127,0.1,312,1,0,1
10243,log_2829_1708943225.xes,0.0,na,['gradual'],1,2,0,1,gradual_end,[1639],[1636],3127,0.1,312,1,0,1
10244,log_2155_1708943224.xes,0.6,na,"['gradual', 'gradual']",2,4,0,2,no_drift,[],[0],6012,0.1,601,0,1,0
10245,log_2155_1708943224.xes,0.6,na,"['gradual', 'gradual']",2,4,0,2,sudden,[],[],6012,0.1,601,0,0,0
10246,log_2155_1708943224.xes,0.6,na,"['gradual', 'gradual']",2,4,0,2,gradual_start,"[1978, 3719]",[],6012,0.1,601,0,0,2
10247,log_2155_1708943224.xes,0.6,na,"['gradual', 'gradual']",2,4,0,2,gradual_end,"[2397, 4105]",[],6012,0.1,601,0,0,2
10248,log_1976_1708943225.xes,0.3,na,"['gradual', 'gradual', 'gradual']",3,6,0,3,no_drift,[],[],7253,0.1,725,0,0,0
10249,log_1976_1708943225.xes,0.3,na,"['gradual', 'gradual', 'gradual']",3,6,0,3,sudden,[],[],7253,0.1,725,0,0,0
10250,log_1976_1708943225.xes,0.3,na,"['gradual', 'gradual', 'gradual']",3,6,0,3,gradual_start,"[1985, 3588, 5425]","[5401, 1945]",7253,0.1,725,2,0,3
10251,log_1976_1708943225.xes,0.3,na,"['gradual', 'gradual', 'gradual']",3,6,0,3,gradual_end,"[2332, 4106, 5742]","[5761, 2341]",7253,0.1,725,2,0,3
10252,log_2606_1708943226.xes,0.3,na,['sudden'],1,1,1,0,no_drift,[],[0],3194,0.1,319,0,1,0
10253,log_2606_1708943226.xes,0.3,na,['sudden'],1,1,1,0,sudden,[1443],[],3194,0.1,319,0,0,1
10254,log_2606_1708943226.xes,0.3,na,['sudden'],1,1,1,0,gradual_start,[],[],3194,0.1,319,0,0,0
10255,log_2606_1708943226.xes,0.3,na,['sudden'],1,1,1,0,gradual_end,[],[],3194,0.1,319,0,0,0
10256,log_2156_1708943229.xes,0.0,na,[],0,0,0,0,no_drift,[0],[0],1046,0.1,104,1,0,1
10257,log_2156_1708943229.xes,0.0,na,[],0,0,0,0,sudden,[],[],1046,0.1,104,0,0,0
10258,log_2156_1708943229.xes,0.0,na,[],0,0,0,0,gradual_start,[],[],1046,0.1,104,0,0,0
10259,log_2156_1708943229.xes,0.0,na,[],0,0,0,0,gradual_end,[],[],1046,0.1,104,0,0,0
10260,log_2495_1708943226.xes,0.3,na,['gradual'],1,2,0,1,no_drift,[],[],2929,0.1,292,0,0,0
10261,log_2495_1708943226.xes,0.3,na,['gradual'],1,2,0,1,sudden,[],[],2929,0.1,292,0,0,0
10262,log_2495_1708943226.xes,0.3,na,['gradual'],1,2,0,1,gradual_start,[1101],[1079],2929,0.1,292,1,0,1
10263,log_2495_1708943226.xes,0.3,na,['gradual'],1,2,0,1,gradual_end,[1560],[1555],2929,0.1,292,1,0,1
10264,log_2271_1708943227.xes,0.6,na,['sudden'],1,1,1,0,no_drift,[],[0],3084,0.1,308,0,1,0
10265,log_2271_1708943227.xes,0.6,na,['sudden'],1,1,1,0,sudden,[1534],[],3084,0.1,308,0,0,1
10266,log_2271_1708943227.xes,0.6,na,['sudden'],1,1,1,0,gradual_start,[],[],3084,0.1,308,0,0,0
10267,log_2271_1708943227.xes,0.6,na,['sudden'],1,1,1,0,gradual_end,[],[],3084,0.1,308,0,0,0
10268,log_2830_1708943228.xes,0.6,na,"['sudden', 'sudden']",2,2,2,0,no_drift,[],[],3748,0.1,374,0,0,0
10269,log_2830_1708943228.xes,0.6,na,"['sudden', 'sudden']",2,2,2,0,sudden,"[1091, 2272]","[1063, 2269]",3748,0.1,374,2,0,2
10270,log_2830_1708943228.xes,0.6,na,"['sudden', 'sudden']",2,2,2,0,gradual_start,[],[],3748,0.1,374,0,0,0
10271,log_2830_1708943228.xes,0.6,na,"['sudden', 'sudden']",2,2,2,0,gradual_end,[],[],3748,0.1,374,0,0,0
10272,log_2570_1708943225.xes,0.6,na,['gradual'],1,2,0,1,no_drift,[],[],3281,0.1,328,0,0,0
10273,log_2570_1708943225.xes,0.6,na,['gradual'],1,2,0,1,sudden,[],[],3281,0.1,328,0,0,0
10274,log_2570_1708943225.xes,0.6,na,['gradual'],1,2,0,1,gradual_start,[1124],[1137],3281,0.1,328,1,0,1
10275,log_2570_1708943225.xes,0.6,na,['gradual'],1,2,0,1,gradual_end,[1518],[1505],3281,0.1,328,1,0,1
10276,log_2455_1708943226.xes,0.6,na,"['sudden', 'sudden', 'gradual']",3,4,2,1,no_drift,[],[0],6430,0.1,643,0,1,0
10277,log_2455_1708943226.xes,0.6,na,"['sudden', 'sudden', 'gradual']",3,4,2,1,sudden,"[1456, 3041]",[],6430,0.1,643,0,0,2
10278,log_2455_1708943226.xes,0.6,na,"['sudden', 'sudden', 'gradual']",3,4,2,1,gradual_start,[4611],[],6430,0.1,643,0,0,1
10279,log_2455_1708943226.xes,0.6,na,"['sudden', 'sudden', 'gradual']",3,4,2,1,gradual_end,[4943],[],6430,0.1,643,0,0,1
10280,log_2965_1708943227.xes,0.0,na,[],0,0,0,0,no_drift,[0],[0],3762,0.1,376,1,0,1
10281,log_2965_1708943227.xes,0.0,na,[],0,0,0,0,sudden,[],[],3762,0.1,376,0,0,0
10282,log_2965_1708943227.xes,0.0,na,[],0,0,0,0,gradual_start,[],[],3762,0.1,376,0,0,0
10283,log_2965_1708943227.xes,0.0,na,[],0,0,0,0,gradual_end,[],[],3762,0.1,376,0,0,0
10284,log_2966_1708943230.xes,0.6,na,[],0,0,0,0,no_drift,[0],[0],4761,0.1,476,1,0,1
10285,log_2966_1708943230.xes,0.6,na,[],0,0,0,0,sudden,[],[],4761,0.1,476,0,0,0
10286,log_2966_1708943230.xes,0.6,na,[],0,0,0,0,gradual_start,[],[],4761,0.1,476,0,0,0
10287,log_2966_1708943230.xes,0.6,na,[],0,0,0,0,gradual_end,[],[],4761,0.1,476,0,0,0
10288,log_2753_1708943227.xes,0.0,na,['sudden'],1,1,1,0,no_drift,[],[],3338,0.1,333,0,0,0
10289,log_2753_1708943227.xes,0.0,na,['sudden'],1,1,1,0,sudden,[1384],[1377],3338,0.1,333,1,0,1
10290,log_2753_1708943227.xes,0.0,na,['sudden'],1,1,1,0,gradual_start,[],[],3338,0.1,333,0,0,0
10291,log_2753_1708943227.xes,0.0,na,['sudden'],1,1,1,0,gradual_end,[],[],3338,0.1,333,0,0,0
10292,log_2456_1708943230.xes,0.3,na,[],0,0,0,0,no_drift,[0],[0],1334,0.1,133,1,0,1
10293,log_2456_1708943230.xes,0.3,na,[],0,0,0,0,sudden,[],[],1334,0.1,133,0,0,0
10294,log_2456_1708943230.xes,0.3,na,[],0,0,0,0,gradual_start,[],[],1334,0.1,133,0,0,0
10295,log_2456_1708943230.xes,0.3,na,[],0,0,0,0,gradual_end,[],[],1334,0.1,133,0,0,0
10296,log_2677_1708943229.xes,0.6,na,['gradual'],1,2,0,1,no_drift,[],[0],4166,0.1,416,0,1,0
10297,log_2677_1708943229.xes,0.6,na,['gradual'],1,2,0,1,sudden,[],[],4166,0.1,416,0,0,0
10298,log_2677_1708943229.xes,0.6,na,['gradual'],1,2,0,1,gradual_start,[1911],[],4166,0.1,416,0,0,1
10299,log_2677_1708943229.xes,0.6,na,['gradual'],1,2,0,1,gradual_end,[2213],[],4166,0.1,416,0,0,1
10300,log_2235_1708943231.xes,0.3,na,['gradual'],1,2,0,1,no_drift,[],[],3510,0.1,351,0,0,0
10301,log_2235_1708943231.xes,0.3,na,['gradual'],1,2,0,1,sudden,[],[],3510,0.1,351,0,0,0
10302,log_2235_1708943231.xes,0.3,na,['gradual'],1,2,0,1,gradual_start,[1543],[1514],3510,0.1,351,1,0,1
10303,log_2235_1708943231.xes,0.3,na,['gradual'],1,2,0,1,gradual_end,[1987],[1990],3510,0.1,351,1,0,1
10304,log_2344_1708943226.xes,0.0,na,['sudden'],1,1,1,0,no_drift,[],[],3457,0.1,345,0,0,0
10305,log_2344_1708943226.xes,0.0,na,['sudden'],1,1,1,0,sudden,[1514],[1497],3457,0.1,345,1,0,1
10306,log_2344_1708943226.xes,0.0,na,['sudden'],1,1,1,0,gradual_start,[],[],3457,0.1,345,0,0,0
10307,log_2344_1708943226.xes,0.0,na,['sudden'],1,1,1,0,gradual_end,[],[],3457,0.1,345,0,0,0
10308,log_2496_1708943229.xes,0.0,na,"['sudden', 'gradual']",2,3,1,1,no_drift,[],[],5404,0.1,540,0,0,0
10309,log_2496_1708943229.xes,0.0,na,"['sudden', 'gradual']",2,3,1,1,sudden,[1079],[1054],5404,0.1,540,1,0,1
10310,log_2496_1708943229.xes,0.0,na,"['sudden', 'gradual']",2,3,1,1,gradual_start,[3013],[2998],5404,0.1,540,1,0,1
10311,log_2496_1708943229.xes,0.0,na,"['sudden', 'gradual']",2,3,1,1,gradual_end,[3531],[3484],5404,0.1,540,1,0,1
10312,log_2532_1708943227.xes,0.0,na,"['gradual', 'gradual']",2,4,0,2,no_drift,[],[],5421,0.1,542,0,0,0
10313,log_2532_1708943227.xes,0.0,na,"['gradual', 'gradual']",2,4,0,2,sudden,[],[],5421,0.1,542,0,0,0
10314,log_2532_1708943227.xes,0.0,na,"['gradual', 'gradual']",2,4,0,2,gradual_start,"[1050, 3532]","[1027, 3511]",5421,0.1,542,2,0,2
10315,log_2532_1708943227.xes,0.0,na,"['gradual', 'gradual']",2,4,0,2,gradual_end,"[1636, 3836]","[1621, 3808]",5421,0.1,542,2,0,2
10316,log_2386_1708943227.xes,0.0,na,['gradual'],1,2,0,1,no_drift,[],[],4162,0.1,416,0,0,0
10317,log_2386_1708943227.xes,0.0,na,['gradual'],1,2,0,1,sudden,[],[],4162,0.1,416,0,0,0
10318,log_2386_1708943227.xes,0.0,na,['gradual'],1,2,0,1,gradual_start,[1916],[1901],4162,0.1,416,1,0,1
10319,log_2386_1708943227.xes,0.0,na,['gradual'],1,2,0,1,gradual_end,[2331],[2301],4162,0.1,416,1,0,1
10320,log_2192_1708943226.xes,0.0,na,"['gradual', 'sudden']",2,3,1,1,no_drift,[],[],5013,0.1,501,0,0,0
10321,log_2192_1708943226.xes,0.0,na,"['gradual', 'sudden']",2,3,1,1,sudden,[3657],[],5013,0.1,501,0,0,1
10322,log_2192_1708943226.xes,0.0,na,"['gradual', 'sudden']",2,3,1,1,gradual_start,[1647],[1626],5013,0.1,501,1,0,1
10323,log_2192_1708943226.xes,0.0,na,"['gradual', 'sudden']",2,3,1,1,gradual_end,[2035],[2026],5013,0.1,501,1,0,1
10324,log_2345_1708943230.xes,0.3,na,[],0,0,0,0,no_drift,[0],[0],2106,0.1,210,1,0,1
10325,log_2345_1708943230.xes,0.3,na,[],0,0,0,0,sudden,[],[],2106,0.1,210,0,0,0
10326,log_2345_1708943230.xes,0.3,na,[],0,0,0,0,gradual_start,[],[],2106,0.1,210,0,0,0
10327,log_2345_1708943230.xes,0.3,na,[],0,0,0,0,gradual_end,[],[],2106,0.1,210,0,0,0
10328,log_2571_1708943229.xes,0.6,na,['sudden'],1,1,1,0,no_drift,[],[],3379,0.1,337,0,0,0
10329,log_2571_1708943229.xes,0.6,na,['sudden'],1,1,1,0,sudden,[1449],[1425],3379,0.1,337,1,0,1
10330,log_2571_1708943229.xes,0.6,na,['sudden'],1,1,1,0,gradual_start,[],[],3379,0.1,337,0,0,0
10331,log_2571_1708943229.xes,0.6,na,['sudden'],1,1,1,0,gradual_end,[],[],3379,0.1,337,0,0,0
10332,log_2234_1708943219.xes,0.6,na,"['gradual', 'gradual']",2,4,0,2,no_drift,[],[],5334,0.1,533,0,0,0
10333,log_2234_1708943219.xes,0.6,na,"['gradual', 'gradual']",2,4,0,2,sudden,[],[],5334,0.1,533,0,0,0
10334,log_2234_1708943219.xes,0.6,na,"['gradual', 'gradual']",2,4,0,2,gradual_start,"[1755, 3414]",[3381],5334,0.1,533,1,0,2
10335,log_2234_1708943219.xes,0.6,na,"['gradual', 'gradual']",2,4,0,2,gradual_end,"[2111, 3868]",[3901],5334,0.1,533,1,0,2
10336,log_3003_1708943229.xes,0.6,na,[],0,0,0,0,no_drift,[0],[0],5166,0.1,516,1,0,1
10337,log_3003_1708943229.xes,0.6,na,[],0,0,0,0,sudden,[],[],5166,0.1,516,0,0,0
10338,log_3003_1708943229.xes,0.6,na,[],0,0,0,0,gradual_start,[],[],5166,0.1,516,0,0,0
10339,log_3003_1708943229.xes,0.6,na,[],0,0,0,0,gradual_end,[],[],5166,0.1,516,0,0,0
10340,log_2193_1708943231.xes,0.0,na,[],0,0,0,0,no_drift,[0],[0],3770,0.1,377,1,0,1
10341,log_2193_1708943231.xes,0.0,na,[],0,0,0,0,sudden,[],[],3770,0.1,377,0,0,0
10342,log_2193_1708943231.xes,0.0,na,[],0,0,0,0,gradual_start,[],[],3770,0.1,377,0,0,0
10343,log_2193_1708943231.xes,0.0,na,[],0,0,0,0,gradual_end,[],[],3770,0.1,377,0,0,0
10344,log_2642_1708943227.xes,0.3,na,"['gradual', 'gradual', 'sudden']",3,5,1,2,no_drift,[],[],7180,0.1,718,0,0,0
10345,log_2642_1708943227.xes,0.3,na,"['gradual', 'gradual', 'sudden']",3,5,1,2,sudden,[6130],[6091],7180,0.1,718,1,0,1
10346,log_2642_1708943227.xes,0.3,na,"['gradual', 'gradual', 'sudden']",3,5,1,2,gradual_start,"[1399, 3781]",[1366],7180,0.1,718,1,0,2
10347,log_2642_1708943227.xes,0.3,na,"['gradual', 'gradual', 'sudden']",3,5,1,2,gradual_end,"[1969, 4176]",[1961],7180,0.1,718,1,0,2
10348,log_2533_1708943231.xes,0.0,na,"['gradual', 'gradual']",2,4,0,2,no_drift,[],[],4108,0.1,410,0,0,0
10349,log_2533_1708943231.xes,0.0,na,"['gradual', 'gradual']",2,4,0,2,sudden,[],[],4108,0.1,410,0,0,0
10350,log_2533_1708943231.xes,0.0,na,"['gradual', 'gradual']",2,4,0,2,gradual_start,"[1035, 2394]",[2381],4108,0.1,410,1,0,2
10351,log_2533_1708943231.xes,0.0,na,"['gradual', 'gradual']",2,4,0,2,gradual_end,"[1361, 2954]",[2941],4108,0.1,410,1,0,2
10352,log_2853_1708943222.xes,0.3,na,"['gradual', 'gradual', 'gradual']",3,6,0,3,no_drift,[],[0],8016,0.1,801,0,1,0
10353,log_2853_1708943222.xes,0.3,na,"['gradual', 'gradual', 'gradual']",3,6,0,3,sudden,[],[],8016,0.1,801,0,0,0
10354,log_2853_1708943222.xes,0.3,na,"['gradual', 'gradual', 'gradual']",3,6,0,3,gradual_start,"[1763, 4220, 6449]",[],8016,0.1,801,0,0,3
10355,log_2853_1708943222.xes,0.3,na,"['gradual', 'gradual', 'gradual']",3,6,0,3,gradual_end,"[2247, 4687, 6905]",[],8016,0.1,801,0,0,3
10356,log_2928_1708943226.xes,0.0,na,"['sudden', 'gradual', 'gradual']",3,5,1,2,no_drift,[],[],7346,0.1,734,0,0,0
10357,log_2928_1708943226.xes,0.0,na,"['sudden', 'gradual', 'gradual']",3,5,1,2,sudden,[1069],[1045],7346,0.1,734,1,0,1
10358,log_2928_1708943226.xes,0.0,na,"['sudden', 'gradual', 'gradual']",3,5,1,2,gradual_start,"[2907, 5216]","[2881, 5221]",7346,0.1,734,2,0,2
10359,log_2928_1708943226.xes,0.0,na,"['sudden', 'gradual', 'gradual']",3,5,1,2,gradual_end,"[3235, 5693]","[3241, 5689]",7346,0.1,734,2,0,2
10360,log_2157_1708943230.xes,0.0,na,['sudden'],1,1,1,0,no_drift,[],[],3319,0.1,331,0,0,0
10361,log_2157_1708943230.xes,0.0,na,['sudden'],1,1,1,0,sudden,[1776],[1761],3319,0.1,331,1,0,1
10362,log_2157_1708943230.xes,0.0,na,['sudden'],1,1,1,0,gradual_start,[],[],3319,0.1,331,0,0,0
10363,log_2157_1708943230.xes,0.0,na,['sudden'],1,1,1,0,gradual_end,[],[],3319,0.1,331,0,0,0
10364,log_2678_1708943232.xes,0.3,na,"['sudden', 'gradual']",2,3,1,1,no_drift,[],[],4527,0.1,452,0,0,0
10365,log_2678_1708943232.xes,0.3,na,"['sudden', 'gradual']",2,3,1,1,sudden,[1212],[],4527,0.1,452,0,0,1
10366,log_2678_1708943232.xes,0.3,na,"['sudden', 'gradual']",2,3,1,1,gradual_start,[2300],[2289],4527,0.1,452,1,0,1
10367,log_2678_1708943232.xes,0.3,na,"['sudden', 'gradual']",2,3,1,1,gradual_end,[2767],[2773],4527,0.1,452,1,0,1
10368,log_2754_1708943232.xes,0.3,na,"['gradual', 'sudden']",2,3,1,1,no_drift,[],[],5327,0.1,532,0,0,0
10369,log_2754_1708943232.xes,0.3,na,"['gradual', 'sudden']",2,3,1,1,sudden,[3447],[3433],5327,0.1,532,1,0,1
10370,log_2754_1708943232.xes,0.3,na,"['gradual', 'sudden']",2,3,1,1,gradual_start,[1201],[],5327,0.1,532,0,0,1
10371,log_2754_1708943232.xes,0.3,na,"['gradual', 'sudden']",2,3,1,1,gradual_end,[1788],[],5327,0.1,532,0,0,1
10372,log_2346_1708943232.xes,0.0,na,[],0,0,0,0,no_drift,[0],[0],4044,0.1,404,1,0,1
10373,log_2346_1708943232.xes,0.0,na,[],0,0,0,0,sudden,[],[],4044,0.1,404,0,0,0
10374,log_2346_1708943232.xes,0.0,na,[],0,0,0,0,gradual_start,[],[],4044,0.1,404,0,0,0
10375,log_2346_1708943232.xes,0.0,na,[],0,0,0,0,gradual_end,[],[],4044,0.1,404,0,0,0
10376,log_2890_1708943227.xes,0.0,na,"['gradual', 'sudden', 'gradual']",3,5,1,2,no_drift,[],[],8086,0.1,808,0,0,0
10377,log_2890_1708943227.xes,0.0,na,"['gradual', 'sudden', 'gradual']",3,5,1,2,sudden,[4099],[4081],8086,0.1,808,1,0,1
10378,log_2890_1708943227.xes,0.0,na,"['gradual', 'sudden', 'gradual']",3,5,1,2,gradual_start,"[1895, 6063]","[1881, 6041]",8086,0.1,808,2,0,2
10379,log_2890_1708943227.xes,0.0,na,"['gradual', 'sudden', 'gradual']",3,5,1,2,gradual_end,"[2495, 6609]","[2481, 6601]",8086,0.1,808,2,0,2
10380,log_3004_1708943233.xes,0.6,na,['gradual'],1,2,0,1,no_drift,[],[],3832,0.1,383,0,0,0
10381,log_3004_1708943233.xes,0.6,na,['gradual'],1,2,0,1,sudden,[],[],3832,0.1,383,0,0,0
10382,log_3004_1708943233.xes,0.6,na,['gradual'],1,2,0,1,gradual_start,[1990],[2034],3832,0.1,383,1,0,1
10383,log_3004_1708943233.xes,0.6,na,['gradual'],1,2,0,1,gradual_end,[2480],[2433],3832,0.1,383,1,0,1
10384,log_2534_1708943234.xes,0.0,na,[],0,0,0,0,no_drift,[0],[0],3494,0.1,349,1,0,1
10385,log_2534_1708943234.xes,0.0,na,[],0,0,0,0,sudden,[],[],3494,0.1,349,0,0,0
10386,log_2534_1708943234.xes,0.0,na,[],0,0,0,0,gradual_start,[],[],3494,0.1,349,0,0,0
10387,log_2534_1708943234.xes,0.0,na,[],0,0,0,0,gradual_end,[],[],3494,0.1,349,0,0,0
10388,log_2643_1708943234.xes,0.6,na,"['gradual', 'sudden']",2,3,1,1,no_drift,[],[],4226,0.1,422,0,0,0
10389,log_2643_1708943234.xes,0.6,na,"['gradual', 'sudden']",2,3,1,1,sudden,[2720],[2689],4226,0.1,422,1,0,1
10390,log_2643_1708943234.xes,0.6,na,"['gradual', 'sudden']",2,3,1,1,gradual_start,[1003],[],4226,0.1,422,0,0,1
10391,log_2643_1708943234.xes,0.6,na,"['gradual', 'sudden']",2,3,1,1,gradual_end,[1507],[],4226,0.1,422,0,0,1
10392,log_2126_1708943227.xes,0.0,na,"['sudden', 'sudden', 'gradual']",3,4,2,1,no_drift,[],[],6830,0.1,683,0,0,0
10393,log_2126_1708943227.xes,0.0,na,"['sudden', 'sudden', 'gradual']",3,4,2,1,sudden,"[1610, 3211]",[1565],6830,0.1,683,1,0,2
10394,log_2126_1708943227.xes,0.0,na,"['sudden', 'sudden', 'gradual']",3,4,2,1,gradual_start,[5047],[],6830,0.1,683,0,0,1
10395,log_2126_1708943227.xes,0.0,na,"['sudden', 'sudden', 'gradual']",3,4,2,1,gradual_end,[5470],[],6830,0.1,683,0,0,1
10396,log_2457_1708943232.xes,0.0,na,"['sudden', 'gradual']",2,3,1,1,no_drift,[],[0],5060,0.1,506,0,1,0
10397,log_2457_1708943232.xes,0.0,na,"['sudden', 'gradual']",2,3,1,1,sudden,[1081],[],5060,0.1,506,0,0,1
10398,log_2457_1708943232.xes,0.0,na,"['sudden', 'gradual']",2,3,1,1,gradual_start,[2690],[],5060,0.1,506,0,0,1
10399,log_2457_1708943232.xes,0.0,na,"['sudden', 'gradual']",2,3,1,1,gradual_end,[3062],[],5060,0.1,506,0,0,1
10400,log_2194_1708943233.xes,0.0,na,"['sudden', 'sudden', 'sudden']",3,3,3,0,no_drift,[],[],5277,0.1,527,0,0,0
10401,log_2194_1708943233.xes,0.0,na,"['sudden', 'sudden', 'sudden']",3,3,3,0,sudden,"[1295, 2570, 3777]","[2549, 3745]",5277,0.1,527,2,0,3
10402,log_2194_1708943233.xes,0.0,na,"['sudden', 'sudden', 'sudden']",3,3,3,0,gradual_start,[],[],5277,0.1,527,0,0,0
10403,log_2194_1708943233.xes,0.0,na,"['sudden', 'sudden', 'sudden']",3,3,3,0,gradual_end,[],[],5277,0.1,527,0,0,0
10404,log_2718_1708943229.xes,0.3,na,"['sudden', 'gradual', 'gradual']",3,5,1,2,no_drift,[],[],6530,0.1,653,0,0,0
10405,log_2718_1708943229.xes,0.3,na,"['sudden', 'gradual', 'gradual']",3,5,1,2,sudden,[1742],[1697],6530,0.1,653,1,0,1
10406,log_2718_1708943229.xes,0.3,na,"['sudden', 'gradual', 'gradual']",3,5,1,2,gradual_start,"[3038, 4957]",[4897],6530,0.1,653,1,0,2
10407,log_2718_1708943229.xes,0.3,na,"['sudden', 'gradual', 'gradual']",3,5,1,2,gradual_end,"[3383, 5294]",[5313],6530,0.1,653,1,0,2
10408,log_2419_1708943227.xes,0.3,na,"['sudden', 'gradual', 'sudden']",3,4,2,1,no_drift,[],[],5971,0.1,597,0,0,0
10409,log_2419_1708943227.xes,0.3,na,"['sudden', 'gradual', 'sudden']",3,4,2,1,sudden,"[1416, 4677]","[4670, 1393]",5971,0.1,597,2,0,2
10410,log_2419_1708943227.xes,0.3,na,"['sudden', 'gradual', 'sudden']",3,4,2,1,gradual_start,[2768],[],5971,0.1,597,0,0,1
10411,log_2419_1708943227.xes,0.3,na,"['sudden', 'gradual', 'sudden']",3,4,2,1,gradual_end,[3224],[],5971,0.1,597,0,0,1
10412,log_2306_1708943229.xes,0.6,na,"['sudden', 'sudden', 'gradual']",3,4,2,1,no_drift,[],[],5581,0.1,558,0,0,0
10413,log_2306_1708943229.xes,0.6,na,"['sudden', 'sudden', 'gradual']",3,4,2,1,sudden,"[1196, 2223]","[1162, 2188]",5581,0.1,558,2,0,2
10414,log_2306_1708943229.xes,0.6,na,"['sudden', 'sudden', 'gradual']",3,4,2,1,gradual_start,[3813],[],5581,0.1,558,0,0,1
10415,log_2306_1708943229.xes,0.6,na,"['sudden', 'sudden', 'gradual']",3,4,2,1,gradual_end,[4223],[],5581,0.1,558,0,0,1
10416,log_2797_1708943223.xes,0.6,na,"['sudden', 'sudden', 'sudden']",3,3,3,0,no_drift,[],[],6843,0.1,684,0,0,0
10417,log_2797_1708943223.xes,0.6,na,"['sudden', 'sudden', 'sudden']",3,3,3,0,sudden,"[1495, 3312, 5231]","[5203, 1463, 3299]",6843,0.1,684,3,0,3
10418,log_2797_1708943223.xes,0.6,na,"['sudden', 'sudden', 'sudden']",3,3,3,0,gradual_start,[],[],6843,0.1,684,0,0,0
10419,log_2797_1708943223.xes,0.6,na,"['sudden', 'sudden', 'sudden']",3,3,3,0,gradual_end,[],[],6843,0.1,684,0,0,0
10420,log_3005_1708943235.xes,0.0,na,['gradual'],1,2,0,1,no_drift,[],[],3461,0.1,346,0,0,0
10421,log_3005_1708943235.xes,0.0,na,['gradual'],1,2,0,1,sudden,[],[],3461,0.1,346,0,0,0
10422,log_3005_1708943235.xes,0.0,na,['gradual'],1,2,0,1,gradual_start,[1250],[1242],3461,0.1,346,1,0,1
10423,log_3005_1708943235.xes,0.0,na,['gradual'],1,2,0,1,gradual_end,[1595],[1599],3461,0.1,346,1,0,1
10424,log_2236_1708943234.xes,0.0,na,"['sudden', 'gradual', 'sudden']",3,4,2,1,no_drift,[],[],7588,0.1,758,0,0,0
10425,log_2236_1708943234.xes,0.0,na,"['sudden', 'gradual', 'sudden']",3,4,2,1,sudden,"[1375, 5690]","[5662, 1333]",7588,0.1,758,2,0,2
10426,log_2236_1708943234.xes,0.0,na,"['sudden', 'gradual', 'sudden']",3,4,2,1,gradual_start,[3309],[],7588,0.1,758,0,0,1
10427,log_2236_1708943234.xes,0.0,na,"['sudden', 'gradual', 'sudden']",3,4,2,1,gradual_end,[3730],[],7588,0.1,758,0,0,1
10428,log_2497_1708943232.xes,0.0,na,['sudden'],1,1,1,0,no_drift,[],[],3071,0.1,307,0,0,0
10429,log_2497_1708943232.xes,0.0,na,['sudden'],1,1,1,0,sudden,[1103],[1096],3071,0.1,307,1,0,1
10430,log_2497_1708943232.xes,0.0,na,['sudden'],1,1,1,0,gradual_start,[],[],3071,0.1,307,0,0,0
10431,log_2497_1708943232.xes,0.0,na,['sudden'],1,1,1,0,gradual_end,[],[],3071,0.1,307,0,0,0
10432,log_2755_1708943235.xes,0.0,na,"['sudden', 'gradual']",2,3,1,1,no_drift,[],[0],5427,0.1,542,0,1,0
10433,log_2755_1708943235.xes,0.0,na,"['sudden', 'gradual']",2,3,1,1,sudden,[1679],[],5427,0.1,542,0,0,1
10434,log_2755_1708943235.xes,0.0,na,"['sudden', 'gradual']",2,3,1,1,gradual_start,[3291],[],5427,0.1,542,0,0,1
10435,log_2755_1708943235.xes,0.0,na,"['sudden', 'gradual']",2,3,1,1,gradual_end,[3643],[],5427,0.1,542,0,0,1
10436,log_2272_1708943229.xes,0.6,na,"['gradual', 'gradual', 'sudden']",3,5,1,2,no_drift,[],[],6982,0.1,698,0,0,0
10437,log_2272_1708943229.xes,0.6,na,"['gradual', 'gradual', 'sudden']",3,5,1,2,sudden,[5032],[4999],6982,0.1,698,1,0,1
10438,log_2272_1708943229.xes,0.6,na,"['gradual', 'gradual', 'sudden']",3,5,1,2,gradual_start,"[1566, 2945]","[2925, 1565]",6982,0.1,698,2,0,2
10439,log_2272_1708943229.xes,0.6,na,"['gradual', 'gradual', 'sudden']",3,5,1,2,gradual_end,"[1935, 3403]","[3435, 1905]",6982,0.1,698,2,0,2
10440,log_2891_1708943234.xes,0.3,na,"['gradual', 'gradual', 'sudden']",3,5,1,2,no_drift,[],[],7136,0.1,713,0,0,0
10441,log_2891_1708943234.xes,0.3,na,"['gradual', 'gradual', 'sudden']",3,5,1,2,sudden,[5970],[5951],7136,0.1,713,1,0,1
10442,log_2891_1708943234.xes,0.3,na,"['gradual', 'gradual', 'sudden']",3,5,1,2,gradual_start,"[1765, 4011]",[],7136,0.1,713,0,0,2
10443,log_2891_1708943234.xes,0.3,na,"['gradual', 'gradual', 'sudden']",3,5,1,2,gradual_end,"[2130, 4550]",[],7136,0.1,713,0,0,2
10444,log_2420_1708943236.xes,0.0,na,['sudden'],1,1,1,0,no_drift,[],[],2621,0.1,262,0,0,0
10445,log_2420_1708943236.xes,0.0,na,['sudden'],1,1,1,0,sudden,[1029],[1015],2621,0.1,262,1,0,1
10446,log_2420_1708943236.xes,0.0,na,['sudden'],1,1,1,0,gradual_start,[],[],2621,0.1,262,0,0,0
10447,log_2420_1708943236.xes,0.0,na,['sudden'],1,1,1,0,gradual_end,[],[],2621,0.1,262,0,0,0
10448,log_2388_1708943237.xes,0.6,na,['gradual'],1,2,0,1,no_drift,[],[],3369,0.1,336,0,0,0
10449,log_2388_1708943237.xes,0.6,na,['gradual'],1,2,0,1,sudden,[],[],3369,0.1,336,0,0,0
10450,log_2388_1708943237.xes,0.6,na,['gradual'],1,2,0,1,gradual_start,[1718],[1745],3369,0.1,336,1,0,1
10451,log_2388_1708943237.xes,0.6,na,['gradual'],1,2,0,1,gradual_end,[2205],[2193],3369,0.1,336,1,0,1
10452,log_2831_1708943230.xes,0.0,na,"['gradual', 'sudden']",2,3,1,1,no_drift,[],[],4950,0.1,495,0,0,0
10453,log_2831_1708943230.xes,0.0,na,"['gradual', 'sudden']",2,3,1,1,sudden,[3444],[],4950,0.1,495,0,0,1
10454,log_2831_1708943230.xes,0.0,na,"['gradual', 'sudden']",2,3,1,1,gradual_start,[1903],[1873],4950,0.1,495,1,0,1
10455,log_2831_1708943230.xes,0.0,na,"['gradual', 'sudden']",2,3,1,1,gradual_end,[2392],[2353],4950,0.1,495,1,0,1
10456,log_2273_1708943237.xes,0.0,na,['sudden'],1,1,1,0,no_drift,[],[],2913,0.1,291,0,0,0
10457,log_2273_1708943237.xes,0.0,na,['sudden'],1,1,1,0,sudden,[1817],[1807],2913,0.1,291,1,0,1
10458,log_2273_1708943237.xes,0.0,na,['sudden'],1,1,1,0,gradual_start,[],[],2913,0.1,291,0,0,0
10459,log_2273_1708943237.xes,0.0,na,['sudden'],1,1,1,0,gradual_end,[],[],2913,0.1,291,0,0,0
10460,log_2929_1708943233.xes,0.6,na,['sudden'],1,1,1,0,no_drift,[],[],2835,0.1,283,0,0,0
10461,log_2929_1708943233.xes,0.6,na,['sudden'],1,1,1,0,sudden,[1179],[1177],2835,0.1,283,1,0,1
10462,log_2929_1708943233.xes,0.6,na,['sudden'],1,1,1,0,gradual_start,[],[],2835,0.1,283,0,0,0
10463,log_2929_1708943233.xes,0.6,na,['sudden'],1,1,1,0,gradual_end,[],[],2835,0.1,283,0,0,0
10464,log_2719_1708943235.xes,0.0,na,['gradual'],1,2,0,1,no_drift,[],[],3790,0.1,379,0,0,0
10465,log_2719_1708943235.xes,0.0,na,['gradual'],1,2,0,1,sudden,[],[],3790,0.1,379,0,0,0
10466,log_2719_1708943235.xes,0.0,na,['gradual'],1,2,0,1,gradual_start,[1704],[1675],3790,0.1,379,1,0,1
10467,log_2719_1708943235.xes,0.0,na,['gradual'],1,2,0,1,gradual_end,[2183],[2197],3790,0.1,379,1,0,1
10468,log_2608_1708943238.xes,0.6,na,"['gradual', 'gradual']",2,4,0,2,no_drift,[],[0],4289,0.1,428,0,1,0
10469,log_2608_1708943238.xes,0.6,na,"['gradual', 'gradual']",2,4,0,2,sudden,[],[],4289,0.1,428,0,0,0
10470,log_2608_1708943238.xes,0.6,na,"['gradual', 'gradual']",2,4,0,2,gradual_start,"[1267, 2741]",[],4289,0.1,428,0,0,2
10471,log_2608_1708943238.xes,0.6,na,"['gradual', 'gradual']",2,4,0,2,gradual_end,"[1610, 3048]",[],4289,0.1,428,0,0,2
10472,log_2387_1708943231.xes,0.0,na,"['gradual', 'sudden']",2,3,1,1,no_drift,[],[0],4242,0.1,424,0,1,0
10473,log_2387_1708943231.xes,0.0,na,"['gradual', 'sudden']",2,3,1,1,sudden,[3202],[],4242,0.1,424,0,0,1
10474,log_2387_1708943231.xes,0.0,na,"['gradual', 'sudden']",2,3,1,1,gradual_start,[1738],[],4242,0.1,424,0,0,1
10475,log_2387_1708943231.xes,0.0,na,"['gradual', 'sudden']",2,3,1,1,gradual_end,[2057],[],4242,0.1,424,0,0,1
10476,log_2756_1708943238.xes,0.0,na,['gradual'],1,2,0,1,no_drift,[],[],2707,0.1,270,0,0,0
10477,log_2756_1708943238.xes,0.0,na,['gradual'],1,2,0,1,sudden,[],[],2707,0.1,270,0,0,0
10478,log_2756_1708943238.xes,0.0,na,['gradual'],1,2,0,1,gradual_start,[1059],[1067],2707,0.1,270,1,0,1
10479,log_2756_1708943238.xes,0.0,na,['gradual'],1,2,0,1,gradual_end,[1378],[1392],2707,0.1,270,1,0,1
10480,log_2237_1708943238.xes,0.3,na,"['gradual', 'sudden']",2,3,1,1,no_drift,[],[],5620,0.1,562,0,0,0
10481,log_2237_1708943238.xes,0.3,na,"['gradual', 'sudden']",2,3,1,1,sudden,[4327],[4285],5620,0.1,562,1,0,1
10482,log_2237_1708943238.xes,0.3,na,"['gradual', 'sudden']",2,3,1,1,gradual_start,[2001],[2045],5620,0.1,562,1,0,1
10483,log_2237_1708943238.xes,0.3,na,"['gradual', 'sudden']",2,3,1,1,gradual_end,[2491],[2465],5620,0.1,562,1,0,1
10484,log_2832_1708943237.xes,0.0,na,"['sudden', 'gradual']",2,3,1,1,no_drift,[],[],4386,0.1,438,0,0,0
10485,log_2832_1708943237.xes,0.0,na,"['sudden', 'gradual']",2,3,1,1,sudden,[1679],[1660],4386,0.1,438,1,0,1
10486,log_2832_1708943237.xes,0.0,na,"['sudden', 'gradual']",2,3,1,1,gradual_start,[3027],[3025],4386,0.1,438,1,0,1
10487,log_2832_1708943237.xes,0.0,na,"['sudden', 'gradual']",2,3,1,1,gradual_end,[3384],[3361],4386,0.1,438,1,0,1
10488,log_2607_1708943229.xes,0.6,na,"['sudden', 'gradual']",2,3,1,1,no_drift,[],[],4854,0.1,485,0,0,0
10489,log_2607_1708943229.xes,0.6,na,"['sudden', 'gradual']",2,3,1,1,sudden,[1884],[1873],4854,0.1,485,1,0,1
10490,log_2607_1708943229.xes,0.6,na,"['sudden', 'gradual']",2,3,1,1,gradual_start,[2992],[],4854,0.1,485,0,0,1
10491,log_2607_1708943229.xes,0.6,na,"['sudden', 'gradual']",2,3,1,1,gradual_end,[3354],[],4854,0.1,485,0,0,1
10492,log_2158_1708943234.xes,0.0,na,[],0,0,0,0,no_drift,[0],[0],5634,0.1,563,1,0,1
10493,log_2158_1708943234.xes,0.0,na,[],0,0,0,0,sudden,[],[],5634,0.1,563,0,0,0
10494,log_2158_1708943234.xes,0.0,na,[],0,0,0,0,gradual_start,[],[],5634,0.1,563,0,0,0
10495,log_2158_1708943234.xes,0.0,na,[],0,0,0,0,gradual_end,[],[],5634,0.1,563,0,0,0
10496,log_2892_1708943238.xes,0.6,na,[],0,0,0,0,no_drift,[0],[0],3402,0.1,340,1,0,1
10497,log_2892_1708943238.xes,0.6,na,[],0,0,0,0,sudden,[],[],3402,0.1,340,0,0,0
10498,log_2892_1708943238.xes,0.6,na,[],0,0,0,0,gradual_start,[],[],3402,0.1,340,0,0,0
10499,log_2892_1708943238.xes,0.6,na,[],0,0,0,0,gradual_end,[],[],3402,0.1,340,0,0,0
10500,log_2458_1708943235.xes,0.6,na,"['gradual', 'sudden']",2,3,1,1,no_drift,[],[],5481,0.1,548,0,0,0
10501,log_2458_1708943235.xes,0.6,na,"['gradual', 'sudden']",2,3,1,1,sudden,[4191],[4159],5481,0.1,548,1,0,1
10502,log_2458_1708943235.xes,0.6,na,"['gradual', 'sudden']",2,3,1,1,gradual_start,[1775],[],5481,0.1,548,0,0,1
10503,log_2458_1708943235.xes,0.6,na,"['gradual', 'sudden']",2,3,1,1,gradual_end,[2311],[],5481,0.1,548,0,0,1
10504,log_2307_1708943239.xes,0.3,na,['gradual'],1,2,0,1,no_drift,[],[],3863,0.1,386,0,0,0
10505,log_2307_1708943239.xes,0.3,na,['gradual'],1,2,0,1,sudden,[],[],3863,0.1,386,0,0,0
10506,log_2307_1708943239.xes,0.3,na,['gradual'],1,2,0,1,gradual_start,[1557],[1578],3863,0.1,386,1,0,1
10507,log_2307_1708943239.xes,0.3,na,['gradual'],1,2,0,1,gradual_end,[2147],[2110],3863,0.1,386,1,0,1
10508,log_2347_1708943235.xes,0.3,na,['gradual'],1,2,0,1,no_drift,[],[],3612,0.1,361,0,0,0
10509,log_2347_1708943235.xes,0.3,na,['gradual'],1,2,0,1,sudden,[],[],3612,0.1,361,0,0,0
10510,log_2347_1708943235.xes,0.3,na,['gradual'],1,2,0,1,gradual_start,[1740],[1729],3612,0.1,361,1,0,1
10511,log_2347_1708943235.xes,0.3,na,['gradual'],1,2,0,1,gradual_end,[2279],[2269],3612,0.1,361,1,0,1
10512,log_3007_1708943242.xes,0.6,na,[],0,0,0,0,no_drift,[0],[0],1574,0.1,157,1,0,1
10513,log_3007_1708943242.xes,0.6,na,[],0,0,0,0,sudden,[],[],1574,0.1,157,0,0,0
10514,log_3007_1708943242.xes,0.6,na,[],0,0,0,0,gradual_start,[],[],1574,0.1,157,0,0,0
10515,log_3007_1708943242.xes,0.6,na,[],0,0,0,0,gradual_end,[],[],1574,0.1,157,0,0,0
10516,log_2679_1708943236.xes,0.0,na,"['sudden', 'gradual']",2,3,1,1,no_drift,[],[],5405,0.1,540,0,0,0
10517,log_2679_1708943236.xes,0.0,na,"['sudden', 'gradual']",2,3,1,1,sudden,[1766],[1756],5405,0.1,540,1,0,1
10518,log_2679_1708943236.xes,0.0,na,"['sudden', 'gradual']",2,3,1,1,gradual_start,[3194],[],5405,0.1,540,0,0,1
10519,log_2679_1708943236.xes,0.0,na,"['sudden', 'gradual']",2,3,1,1,gradual_end,[3540],[],5405,0.1,540,0,0,1
10520,log_2833_1708943239.xes,0.0,na,[],0,0,0,0,no_drift,[0],[0],3274,0.1,327,1,0,1
10521,log_2833_1708943239.xes,0.0,na,[],0,0,0,0,sudden,[],[],3274,0.1,327,0,0,0
10522,log_2833_1708943239.xes,0.0,na,[],0,0,0,0,gradual_start,[],[],3274,0.1,327,0,0,0
10523,log_2833_1708943239.xes,0.0,na,[],0,0,0,0,gradual_end,[],[],3274,0.1,327,0,0,0
10524,log_3006_1708943238.xes,0.3,na,"['gradual', 'sudden']",2,3,1,1,no_drift,[],[],4833,0.1,483,0,0,0
10525,log_3006_1708943238.xes,0.3,na,"['gradual', 'sudden']",2,3,1,1,sudden,[3382],[3361],4833,0.1,483,1,0,1
10526,log_3006_1708943238.xes,0.3,na,"['gradual', 'sudden']",2,3,1,1,gradual_start,[1255],[1225],4833,0.1,483,1,0,1
10527,log_3006_1708943238.xes,0.3,na,"['gradual', 'sudden']",2,3,1,1,gradual_end,[1713],[1753],4833,0.1,483,1,0,1
10528,log_2421_1708943238.xes,0.6,na,"['gradual', 'gradual', 'gradual']",3,6,0,3,no_drift,[],[],6990,0.1,699,0,0,0
10529,log_2421_1708943238.xes,0.6,na,"['gradual', 'gradual', 'gradual']",3,6,0,3,sudden,[],[],6990,0.1,699,0,0,0
10530,log_2421_1708943238.xes,0.6,na,"['gradual', 'gradual', 'gradual']",3,6,0,3,gradual_start,"[1524, 3138, 5189]","[3129, 5203]",6990,0.1,699,2,0,3
10531,log_2421_1708943238.xes,0.6,na,"['gradual', 'gradual', 'gradual']",3,6,0,3,gradual_end,"[1914, 3533, 5671]","[3503, 5611]",6990,0.1,699,2,0,3
10532,log_2834_1708943242.xes,0.3,na,['sudden'],1,1,1,0,no_drift,[],[0],2300,0.1,230,0,1,0
10533,log_2834_1708943242.xes,0.3,na,['sudden'],1,1,1,0,sudden,[1170],[],2300,0.1,230,0,0,1
10534,log_2834_1708943242.xes,0.3,na,['sudden'],1,1,1,0,gradual_start,[],[],2300,0.1,230,0,0,0
10535,log_2834_1708943242.xes,0.3,na,['sudden'],1,1,1,0,gradual_end,[],[],2300,0.1,230,0,0,0
10536,log_2195_1708943236.xes,0.0,na,"['sudden', 'gradual', 'gradual']",3,5,1,2,no_drift,[],[],7281,0.1,728,0,0,0
10537,log_2195_1708943236.xes,0.0,na,"['sudden', 'gradual', 'gradual']",3,5,1,2,sudden,[1188],[1153],7281,0.1,728,1,0,1
10538,log_2195_1708943236.xes,0.0,na,"['sudden', 'gradual', 'gradual']",3,5,1,2,gradual_start,"[3147, 5339]","[3133, 5329]",7281,0.1,728,2,0,2
10539,log_2195_1708943236.xes,0.0,na,"['sudden', 'gradual', 'gradual']",3,5,1,2,gradual_end,"[3483, 5864]","[3493, 5833]",7281,0.1,728,2,0,2
10540,log_2535_1708943236.xes,0.3,na,[],0,0,0,0,no_drift,[0],[0],4410,0.1,441,1,0,1
10541,log_2535_1708943236.xes,0.3,na,[],0,0,0,0,sudden,[],[],4410,0.1,441,0,0,0
10542,log_2535_1708943236.xes,0.3,na,[],0,0,0,0,gradual_start,[],[],4410,0.1,441,0,0,0
10543,log_2535_1708943236.xes,0.3,na,[],0,0,0,0,gradual_end,[],[],4410,0.1,441,0,0,0
10544,log_2498_1708943237.xes,0.0,na,"['sudden', 'sudden']",2,2,2,0,no_drift,[],[],4328,0.1,432,0,0,0
10545,log_2498_1708943237.xes,0.0,na,"['sudden', 'sudden']",2,2,2,0,sudden,"[1925, 3162]","[1891, 3151]",4328,0.1,432,2,0,2
10546,log_2498_1708943237.xes,0.0,na,"['sudden', 'sudden']",2,2,2,0,gradual_start,[],[],4328,0.1,432,0,0,0
10547,log_2498_1708943237.xes,0.0,na,"['sudden', 'sudden']",2,2,2,0,gradual_end,[],[],4328,0.1,432,0,0,0
10548,log_2930_1708943237.xes,0.3,na,"['sudden', 'gradual', 'sudden']",3,4,2,1,no_drift,[],[],5651,0.1,565,0,0,0
10549,log_2930_1708943237.xes,0.3,na,"['sudden', 'gradual', 'sudden']",3,4,2,1,sudden,"[1177, 4460]",[4453],5651,0.1,565,1,0,2
10550,log_2930_1708943237.xes,0.3,na,"['sudden', 'gradual', 'sudden']",3,4,2,1,gradual_start,[2617],[],5651,0.1,565,0,0,1
10551,log_2930_1708943237.xes,0.3,na,"['sudden', 'gradual', 'sudden']",3,4,2,1,gradual_end,[2954],[],5651,0.1,565,0,0,1
10552,log_2274_1708943238.xes,0.3,na,"['sudden', 'sudden', 'sudden']",3,3,3,0,no_drift,[],[],6480,0.1,648,0,0,0
10553,log_2274_1708943238.xes,0.3,na,"['sudden', 'sudden', 'sudden']",3,3,3,0,sudden,"[1706, 3273, 4528]","[4513, 3265, 1697]",6480,0.1,648,3,0,3
10554,log_2274_1708943238.xes,0.3,na,"['sudden', 'sudden', 'sudden']",3,3,3,0,gradual_start,[],[],6480,0.1,648,0,0,0
10555,log_2274_1708943238.xes,0.3,na,"['sudden', 'sudden', 'sudden']",3,3,3,0,gradual_end,[],[],6480,0.1,648,0,0,0
10556,log_2854_1708943235.xes,0.3,na,"['sudden', 'sudden']",2,2,2,0,no_drift,[],[],4387,0.1,438,0,0,0
10557,log_2854_1708943235.xes,0.3,na,"['sudden', 'sudden']",2,2,2,0,sudden,"[1093, 2453]","[2437, 1093]",4387,0.1,438,2,0,2
10558,log_2854_1708943235.xes,0.3,na,"['sudden', 'sudden']",2,2,2,0,gradual_start,[],[],4387,0.1,438,0,0,0
10559,log_2854_1708943235.xes,0.3,na,"['sudden', 'sudden']",2,2,2,0,gradual_end,[],[],4387,0.1,438,0,0,0
10560,log_2159_1708943241.xes,0.6,na,"['gradual', 'sudden']",2,3,1,1,no_drift,[],[],4679,0.1,467,0,0,0
10561,log_2159_1708943241.xes,0.6,na,"['gradual', 'sudden']",2,3,1,1,sudden,[2700],[2692],4679,0.1,467,1,0,1
10562,log_2159_1708943241.xes,0.6,na,"['gradual', 'sudden']",2,3,1,1,gradual_start,[1069],[1059],4679,0.1,467,1,0,1
10563,log_2159_1708943241.xes,0.6,na,"['gradual', 'sudden']",2,3,1,1,gradual_end,[1460],[1450],4679,0.1,467,1,0,1
10564,log_2127_1708943236.xes,0.0,na,"['gradual', 'gradual', 'gradual']",3,6,0,3,no_drift,[],[0],6702,0.1,670,0,1,0
10565,log_2127_1708943236.xes,0.0,na,"['gradual', 'gradual', 'gradual']",3,6,0,3,sudden,[],[],6702,0.1,670,0,0,0
10566,log_2127_1708943236.xes,0.0,na,"['gradual', 'gradual', 'gradual']",3,6,0,3,gradual_start,"[1663, 3333, 5284]",[],6702,0.1,670,0,0,3
10567,log_2127_1708943236.xes,0.0,na,"['gradual', 'gradual', 'gradual']",3,6,0,3,gradual_end,"[2262, 3751, 5612]",[],6702,0.1,670,0,0,3
10568,log_2389_1708943240.xes,0.0,na,[],0,0,0,0,no_drift,[0],[0],5100,0.1,510,1,0,1
10569,log_2389_1708943240.xes,0.0,na,[],0,0,0,0,sudden,[],[],5100,0.1,510,0,0,0
10570,log_2389_1708943240.xes,0.0,na,[],0,0,0,0,gradual_start,[],[],5100,0.1,510,0,0,0
10571,log_2389_1708943240.xes,0.0,na,[],0,0,0,0,gradual_end,[],[],5100,0.1,510,0,0,0
10572,log_2572_1708943232.xes,0.6,na,[],0,0,0,0,no_drift,[0],[0],3576,0.1,357,1,0,1
10573,log_2572_1708943232.xes,0.6,na,[],0,0,0,0,sudden,[],[],3576,0.1,357,0,0,0
10574,log_2572_1708943232.xes,0.6,na,[],0,0,0,0,gradual_start,[],[],3576,0.1,357,0,0,0
10575,log_2572_1708943232.xes,0.6,na,[],0,0,0,0,gradual_end,[],[],3576,0.1,357,0,0,0
10576,log_2573_1708943241.xes,0.0,na,"['sudden', 'gradual']",2,3,1,1,no_drift,[],[],4786,0.1,478,0,0,0
10577,log_2573_1708943241.xes,0.0,na,"['sudden', 'gradual']",2,3,1,1,sudden,[1335],[1312],4786,0.1,478,1,0,1
10578,log_2573_1708943241.xes,0.0,na,"['sudden', 'gradual']",2,3,1,1,gradual_start,[2676],[2669],4786,0.1,478,1,0,1
10579,log_2573_1708943241.xes,0.0,na,"['sudden', 'gradual']",2,3,1,1,gradual_end,[3156],[3106],4786,0.1,478,1,0,1
10580,log_2931_1708943242.xes,0.6,na,['gradual'],1,2,0,1,no_drift,[],[],3342,0.1,334,0,0,0
10581,log_2931_1708943242.xes,0.6,na,['gradual'],1,2,0,1,sudden,[],[],3342,0.1,334,0,0,0
10582,log_2931_1708943242.xes,0.6,na,['gradual'],1,2,0,1,gradual_start,[1764],[1825],3342,0.1,334,1,0,1
10583,log_2931_1708943242.xes,0.6,na,['gradual'],1,2,0,1,gradual_end,[2194],[2177],3342,0.1,334,1,0,1
10584,log_2390_1708943243.xes,0.3,na,['gradual'],1,2,0,1,no_drift,[],[],3364,0.1,336,0,0,0
10585,log_2390_1708943243.xes,0.3,na,['gradual'],1,2,0,1,sudden,[],[],3364,0.1,336,0,0,0
10586,log_2390_1708943243.xes,0.3,na,['gradual'],1,2,0,1,gradual_start,[1212],[1201],3364,0.1,336,1,0,1
10587,log_2390_1708943243.xes,0.3,na,['gradual'],1,2,0,1,gradual_end,[1523],[1537],3364,0.1,336,1,0,1
10588,log_2720_1708943239.xes,0.3,na,"['sudden', 'gradual', 'gradual']",3,5,1,2,no_drift,[],[],6556,0.1,655,0,0,0
10589,log_2720_1708943239.xes,0.3,na,"['sudden', 'gradual', 'gradual']",3,5,1,2,sudden,[1760],[],6556,0.1,655,0,0,1
10590,log_2720_1708943239.xes,0.3,na,"['sudden', 'gradual', 'gradual']",3,5,1,2,gradual_start,"[3577, 4960]",[3553],6556,0.1,655,1,0,2
10591,log_2720_1708943239.xes,0.3,na,"['sudden', 'gradual', 'gradual']",3,5,1,2,gradual_end,"[3882, 5524]",[3873],6556,0.1,655,1,0,2
10592,log_2798_1708943237.xes,0.3,na,"['sudden', 'gradual', 'gradual']",3,5,1,2,no_drift,[],[],6256,0.1,625,0,0,0
10593,log_2798_1708943237.xes,0.3,na,"['sudden', 'gradual', 'gradual']",3,5,1,2,sudden,[1045],[993],6256,0.1,625,1,0,1
10594,log_2798_1708943237.xes,0.3,na,"['sudden', 'gradual', 'gradual']",3,5,1,2,gradual_start,"[2284, 4341]",[4310],6256,0.1,625,1,0,2
10595,log_2798_1708943237.xes,0.3,na,"['sudden', 'gradual', 'gradual']",3,5,1,2,gradual_end,"[2606, 4873]",[4868],6256,0.1,625,1,0,2
10596,log_2196_1708943243.xes,0.6,na,['sudden'],1,1,1,0,no_drift,[],[],3271,0.1,327,0,0,0
10597,log_2196_1708943243.xes,0.6,na,['sudden'],1,1,1,0,sudden,[1444],[1425],3271,0.1,327,1,0,1
10598,log_2196_1708943243.xes,0.6,na,['sudden'],1,1,1,0,gradual_start,[],[],3271,0.1,327,0,0,0
10599,log_2196_1708943243.xes,0.6,na,['sudden'],1,1,1,0,gradual_end,[],[],3271,0.1,327,0,0,0
10600,log_2644_1708943236.xes,0.6,na,"['sudden', 'sudden', 'gradual']",3,4,2,1,no_drift,[],[],7214,0.1,721,0,0,0
10601,log_2644_1708943236.xes,0.6,na,"['sudden', 'sudden', 'gradual']",3,4,2,1,sudden,"[1778, 3408]","[3349, 1729]",7214,0.1,721,2,0,2
10602,log_2644_1708943236.xes,0.6,na,"['sudden', 'sudden', 'gradual']",3,4,2,1,gradual_start,[5352],[5329],7214,0.1,721,1,0,1
10603,log_2644_1708943236.xes,0.6,na,"['sudden', 'sudden', 'gradual']",3,4,2,1,gradual_end,[5917],[5977],7214,0.1,721,1,0,1
10604,log_2893_1708943241.xes,0.0,na,"['sudden', 'sudden', 'sudden']",3,3,3,0,no_drift,[],[],5420,0.1,542,0,0,0
10605,log_2893_1708943241.xes,0.0,na,"['sudden', 'sudden', 'sudden']",3,3,3,0,sudden,"[1860, 3129, 4359]","[3133, 4348]",5420,0.1,542,2,0,3
10606,log_2893_1708943241.xes,0.0,na,"['sudden', 'sudden', 'sudden']",3,3,3,0,gradual_start,[],[],5420,0.1,542,0,0,0
10607,log_2893_1708943241.xes,0.0,na,"['sudden', 'sudden', 'sudden']",3,3,3,0,gradual_end,[],[],5420,0.1,542,0,0,0
10608,log_2967_1708943232.xes,0.6,na,"['gradual', 'gradual', 'sudden']",3,5,1,2,no_drift,[],[],7089,0.1,708,0,0,0
10609,log_2967_1708943232.xes,0.6,na,"['gradual', 'gradual', 'sudden']",3,5,1,2,sudden,[5719],[5671],7089,0.1,708,1,0,1
10610,log_2967_1708943232.xes,0.6,na,"['gradual', 'gradual', 'sudden']",3,5,1,2,gradual_start,"[1610, 3616]","[1611, 3571]",7089,0.1,708,2,0,2
10611,log_2967_1708943232.xes,0.6,na,"['gradual', 'gradual', 'sudden']",3,5,1,2,gradual_end,"[2044, 3927]","[2066, 3921]",7089,0.1,708,2,0,2
10612,log_2894_1708943245.xes,0.0,na,[],0,0,0,0,no_drift,[0],[0],5704,0.1,570,1,0,1
10613,log_2894_1708943245.xes,0.0,na,[],0,0,0,0,sudden,[],[],5704,0.1,570,0,0,0
10614,log_2894_1708943245.xes,0.0,na,[],0,0,0,0,gradual_start,[],[],5704,0.1,570,0,0,0
10615,log_2894_1708943245.xes,0.0,na,[],0,0,0,0,gradual_end,[],[],5704,0.1,570,0,0,0
10616,log_2609_1708943240.xes,0.3,na,"['sudden', 'sudden']",2,2,2,0,no_drift,[],[],4430,0.1,443,0,0,0
10617,log_2609_1708943240.xes,0.3,na,"['sudden', 'sudden']",2,2,2,0,sudden,"[1235, 2671]","[2641, 1233]",4430,0.1,443,2,0,2
10618,log_2609_1708943240.xes,0.3,na,"['sudden', 'sudden']",2,2,2,0,gradual_start,[],[],4430,0.1,443,0,0,0
10619,log_2609_1708943240.xes,0.3,na,"['sudden', 'sudden']",2,2,2,0,gradual_end,[],[],4430,0.1,443,0,0,0
10620,log_2574_1708943244.xes,0.0,na,[],0,0,0,0,no_drift,[0],[0],2576,0.1,257,1,0,1
10621,log_2574_1708943244.xes,0.0,na,[],0,0,0,0,sudden,[],[],2576,0.1,257,0,0,0
10622,log_2574_1708943244.xes,0.0,na,[],0,0,0,0,gradual_start,[],[],2576,0.1,257,0,0,0
10623,log_2574_1708943244.xes,0.0,na,[],0,0,0,0,gradual_end,[],[],2576,0.1,257,0,0,0
10624,log_2422_1708943242.xes,0.0,na,"['sudden', 'gradual', 'gradual']",3,5,1,2,no_drift,[],[],5678,0.1,567,0,0,0
10625,log_2422_1708943242.xes,0.0,na,"['sudden', 'gradual', 'gradual']",3,5,1,2,sudden,[1079],[1037],5678,0.1,567,1,0,1
10626,log_2422_1708943242.xes,0.0,na,"['sudden', 'gradual', 'gradual']",3,5,1,2,gradual_start,"[2100, 3749]",[],5678,0.1,567,0,0,2
10627,log_2422_1708943242.xes,0.0,na,"['sudden', 'gradual', 'gradual']",3,5,1,2,gradual_end,"[2507, 4267]",[],5678,0.1,567,0,0,2
10628,log_2537_1708943246.xes,0.0,na,[],0,0,0,0,no_drift,[0],[0],1463,0.1,146,1,0,1
10629,log_2537_1708943246.xes,0.0,na,[],0,0,0,0,sudden,[],[],1463,0.1,146,0,0,0
10630,log_2537_1708943246.xes,0.0,na,[],0,0,0,0,gradual_start,[],[],1463,0.1,146,0,0,0
10631,log_2537_1708943246.xes,0.0,na,[],0,0,0,0,gradual_end,[],[],1463,0.1,146,0,0,0
10632,log_2459_1708943242.xes,0.0,na,"['gradual', 'gradual', 'gradual']",3,6,0,3,no_drift,[],[],7499,0.1,749,0,0,0
10633,log_2459_1708943242.xes,0.0,na,"['gradual', 'gradual', 'gradual']",3,6,0,3,sudden,[],[],7499,0.1,749,0,0,0
10634,log_2459_1708943242.xes,0.0,na,"['gradual', 'gradual', 'gradual']",3,6,0,3,gradual_start,"[1489, 3162, 5282]","[3109, 1518]",7499,0.1,749,2,0,3
10635,log_2459_1708943242.xes,0.0,na,"['gradual', 'gradual', 'gradual']",3,6,0,3,gradual_end,"[1907, 3503, 5860]","[3516, 1925]",7499,0.1,749,2,0,3
10636,log_2968_1708943243.xes,0.6,na,"['gradual', 'sudden']",2,3,1,1,no_drift,[],[],4698,0.1,469,0,0,0
10637,log_2968_1708943243.xes,0.6,na,"['gradual', 'sudden']",2,3,1,1,sudden,[3491],[3474],4698,0.1,469,1,0,1
10638,log_2968_1708943243.xes,0.6,na,"['gradual', 'sudden']",2,3,1,1,gradual_start,[1870],[1887],4698,0.1,469,1,0,1
10639,log_2968_1708943243.xes,0.6,na,"['gradual', 'sudden']",2,3,1,1,gradual_end,[2432],[2462],4698,0.1,469,1,0,1
10640,log_2757_1708943240.xes,0.0,na,"['gradual', 'sudden', 'gradual']",3,5,1,2,no_drift,[],[],6849,0.1,684,0,0,0
10641,log_2757_1708943240.xes,0.0,na,"['gradual', 'sudden', 'gradual']",3,5,1,2,sudden,[4191],[4149],6849,0.1,684,1,0,1
10642,log_2757_1708943240.xes,0.0,na,"['gradual', 'sudden', 'gradual']",3,5,1,2,gradual_start,"[1728, 5205]",[],6849,0.1,684,0,0,2
10643,log_2757_1708943240.xes,0.0,na,"['gradual', 'sudden', 'gradual']",3,5,1,2,gradual_end,"[2283, 5707]",[],6849,0.1,684,0,0,2
10644,log_2499_1708943243.xes,0.0,na,['sudden'],1,1,1,0,no_drift,[],[],3370,0.1,337,0,0,0
10645,log_2499_1708943243.xes,0.0,na,['sudden'],1,1,1,0,sudden,[1924],[1921],3370,0.1,337,1,0,1
10646,log_2499_1708943243.xes,0.0,na,['sudden'],1,1,1,0,gradual_start,[],[],3370,0.1,337,0,0,0
10647,log_2499_1708943243.xes,0.0,na,['sudden'],1,1,1,0,gradual_end,[],[],3370,0.1,337,0,0,0
10648,log_2348_1708943241.xes,0.0,na,"['sudden', 'sudden', 'sudden']",3,3,3,0,no_drift,[],[],6086,0.1,608,0,0,0
10649,log_2348_1708943241.xes,0.0,na,"['sudden', 'sudden', 'sudden']",3,3,3,0,sudden,"[1339, 2699, 4370]","[2701, 1291, 4351]",6086,0.1,608,3,0,3
10650,log_2348_1708943241.xes,0.0,na,"['sudden', 'sudden', 'sudden']",3,3,3,0,gradual_start,[],[],6086,0.1,608,0,0,0
10651,log_2348_1708943241.xes,0.0,na,"['sudden', 'sudden', 'sudden']",3,3,3,0,gradual_end,[],[],6086,0.1,608,0,0,0
10652,log_2538_1708943247.xes,0.0,na,['gradual'],1,2,0,1,no_drift,[],[],3328,0.1,332,0,0,0
10653,log_2538_1708943247.xes,0.0,na,['gradual'],1,2,0,1,sudden,[],[],3328,0.1,332,0,0,0
10654,log_2538_1708943247.xes,0.0,na,['gradual'],1,2,0,1,gradual_start,[1338],[1281],3328,0.1,332,1,0,1
10655,log_2538_1708943247.xes,0.0,na,['gradual'],1,2,0,1,gradual_end,[1748],[1761],3328,0.1,332,1,0,1
10656,log_3008_1708943243.xes,0.3,na,['gradual'],1,2,0,1,no_drift,[],[],3141,0.1,314,0,0,0
10657,log_3008_1708943243.xes,0.3,na,['gradual'],1,2,0,1,sudden,[],[],3141,0.1,314,0,0,0
10658,log_3008_1708943243.xes,0.3,na,['gradual'],1,2,0,1,gradual_start,[1055],[1066],3141,0.1,314,1,0,1
10659,log_3008_1708943243.xes,0.3,na,['gradual'],1,2,0,1,gradual_end,[1433],[1411],3141,0.1,314,1,0,1
10660,log_3009_1708943247.xes,0.6,na,[],0,0,0,0,no_drift,[0],[0],3789,0.1,378,1,0,1
10661,log_3009_1708943247.xes,0.6,na,[],0,0,0,0,sudden,[],[],3789,0.1,378,0,0,0
10662,log_3009_1708943247.xes,0.6,na,[],0,0,0,0,gradual_start,[],[],3789,0.1,378,0,0,0
10663,log_3009_1708943247.xes,0.6,na,[],0,0,0,0,gradual_end,[],[],3789,0.1,378,0,0,0
10664,log_2160_1708943245.xes,0.3,na,['gradual'],1,2,0,1,no_drift,[],[0],3490,0.1,349,0,1,0
10665,log_2160_1708943245.xes,0.3,na,['gradual'],1,2,0,1,sudden,[],[],3490,0.1,349,0,0,0
10666,log_2160_1708943245.xes,0.3,na,['gradual'],1,2,0,1,gradual_start,[1973],[],3490,0.1,349,0,0,1
10667,log_2160_1708943245.xes,0.3,na,['gradual'],1,2,0,1,gradual_end,[2279],[],3490,0.1,349,0,0,1
10668,log_2460_1708943246.xes,0.3,na,['gradual'],1,2,0,1,no_drift,[],[],3802,0.1,380,0,0,0
10669,log_2460_1708943246.xes,0.3,na,['gradual'],1,2,0,1,sudden,[],[],3802,0.1,380,0,0,0
10670,log_2460_1708943246.xes,0.3,na,['gradual'],1,2,0,1,gradual_start,[1766],[1749],3802,0.1,380,1,0,1
10671,log_2460_1708943246.xes,0.3,na,['gradual'],1,2,0,1,gradual_end,[2237],[2243],3802,0.1,380,1,0,1
10672,log_2238_1708943241.xes,0.6,na,"['sudden', 'sudden']",2,2,2,0,no_drift,[],[],4551,0.1,455,0,0,0
10673,log_2238_1708943241.xes,0.6,na,"['sudden', 'sudden']",2,2,2,0,sudden,"[1853, 3186]","[1827, 3169]",4551,0.1,455,2,0,2
10674,log_2238_1708943241.xes,0.6,na,"['sudden', 'sudden']",2,2,2,0,gradual_start,[],[],4551,0.1,455,0,0,0
10675,log_2238_1708943241.xes,0.6,na,"['sudden', 'sudden']",2,2,2,0,gradual_end,[],[],4551,0.1,455,0,0,0
10676,log_2536_1708943242.xes,0.6,na,"['sudden', 'sudden', 'sudden']",3,3,3,0,no_drift,[],[],6500,0.1,650,0,0,0
10677,log_2536_1708943242.xes,0.6,na,"['sudden', 'sudden', 'sudden']",3,3,3,0,sudden,"[1890, 3013, 4968]","[4929, 3009, 1889]",6500,0.1,650,3,0,3
10678,log_2536_1708943242.xes,0.6,na,"['sudden', 'sudden', 'sudden']",3,3,3,0,gradual_start,[],[],6500,0.1,650,0,0,0
10679,log_2536_1708943242.xes,0.6,na,"['sudden', 'sudden', 'sudden']",3,3,3,0,gradual_end,[],[],6500,0.1,650,0,0,0
10680,log_2681_1708943248.xes,0.6,na,[],0,0,0,0,no_drift,[0],[0],1083,0.1,108,1,0,1
10681,log_2681_1708943248.xes,0.6,na,[],0,0,0,0,sudden,[],[],1083,0.1,108,0,0,0
10682,log_2681_1708943248.xes,0.6,na,[],0,0,0,0,gradual_start,[],[],1083,0.1,108,0,0,0
10683,log_2681_1708943248.xes,0.6,na,[],0,0,0,0,gradual_end,[],[],1083,0.1,108,0,0,0
10684,log_2799_1708943245.xes,0.0,na,"['sudden', 'sudden', 'sudden']",3,3,3,0,no_drift,[],[],5771,0.1,577,0,0,0
10685,log_2799_1708943245.xes,0.0,na,"['sudden', 'sudden', 'sudden']",3,3,3,0,sudden,"[1026, 2278, 4189]",[1009],5771,0.1,577,1,0,3
10686,log_2799_1708943245.xes,0.0,na,"['sudden', 'sudden', 'sudden']",3,3,3,0,gradual_start,[],[],5771,0.1,577,0,0,0
10687,log_2799_1708943245.xes,0.0,na,"['sudden', 'sudden', 'sudden']",3,3,3,0,gradual_end,[],[],5771,0.1,577,0,0,0
10688,log_2680_1708943242.xes,0.6,na,"['gradual', 'sudden', 'sudden']",3,4,2,1,no_drift,[],[],6123,0.1,612,0,0,0
10689,log_2680_1708943242.xes,0.6,na,"['gradual', 'sudden', 'sudden']",3,4,2,1,sudden,"[3350, 4841]",[4801],6123,0.1,612,1,0,2
10690,log_2680_1708943242.xes,0.6,na,"['gradual', 'sudden', 'sudden']",3,4,2,1,gradual_start,[1707],[1801],6123,0.1,612,1,0,1
10691,log_2680_1708943242.xes,0.6,na,"['gradual', 'sudden', 'sudden']",3,4,2,1,gradual_end,[2284],[2251],6123,0.1,612,1,0,1
10692,log_2500_1708943246.xes,0.0,na,"['gradual', 'sudden', 'gradual']",3,5,1,2,no_drift,[],[],5874,0.1,587,0,0,0
10693,log_2500_1708943246.xes,0.0,na,"['gradual', 'sudden', 'gradual']",3,5,1,2,sudden,[2983],[2959],5874,0.1,587,1,0,1
10694,log_2500_1708943246.xes,0.0,na,"['gradual', 'sudden', 'gradual']",3,5,1,2,gradual_start,"[1052, 4087]",[1016],5874,0.1,587,1,0,2
10695,log_2500_1708943246.xes,0.0,na,"['gradual', 'sudden', 'gradual']",3,5,1,2,gradual_end,"[1605, 4401]",[1596],5874,0.1,587,1,0,2
10696,log_2349_1708943246.xes,0.0,na,[],0,0,0,0,no_drift,[0],[0],4872,0.1,487,1,0,1
10697,log_2349_1708943246.xes,0.0,na,[],0,0,0,0,sudden,[],[],4872,0.1,487,0,0,0
10698,log_2349_1708943246.xes,0.0,na,[],0,0,0,0,gradual_start,[],[],4872,0.1,487,0,0,0
10699,log_2349_1708943246.xes,0.0,na,[],0,0,0,0,gradual_end,[],[],4872,0.1,487,0,0,0
10700,log_2855_1708943243.xes,0.6,na,"['gradual', 'sudden', 'sudden']",3,4,2,1,no_drift,[],[],7415,0.1,741,0,0,0
10701,log_2855_1708943243.xes,0.6,na,"['gradual', 'sudden', 'sudden']",3,4,2,1,sudden,"[4417, 5864]",[4404],7415,0.1,741,1,0,2
10702,log_2855_1708943243.xes,0.6,na,"['gradual', 'sudden', 'sudden']",3,4,2,1,gradual_start,[1966],[1962],7415,0.1,741,1,0,1
10703,log_2855_1708943243.xes,0.6,na,"['gradual', 'sudden', 'sudden']",3,4,2,1,gradual_end,[2483],[2443],7415,0.1,741,1,0,1
10704,log_2682_1708943249.xes,0.6,na,[],0,0,0,0,no_drift,[0],[0],2818,0.1,281,1,0,1
10705,log_2682_1708943249.xes,0.6,na,[],0,0,0,0,sudden,[],[],2818,0.1,281,0,0,0
10706,log_2682_1708943249.xes,0.6,na,[],0,0,0,0,gradual_start,[],[],2818,0.1,281,0,0,0
10707,log_2682_1708943249.xes,0.6,na,[],0,0,0,0,gradual_end,[],[],2818,0.1,281,0,0,0
10708,log_2835_1708943244.xes,0.0,na,"['gradual', 'sudden']",2,3,1,1,no_drift,[],[],4633,0.1,463,0,0,0
10709,log_2835_1708943244.xes,0.0,na,"['gradual', 'sudden']",2,3,1,1,sudden,[3493],[3451],4633,0.1,463,1,0,1
10710,log_2835_1708943244.xes,0.0,na,"['gradual', 'sudden']",2,3,1,1,gradual_start,[1288],[1266],4633,0.1,463,1,0,1
10711,log_2835_1708943244.xes,0.0,na,"['gradual', 'sudden']",2,3,1,1,gradual_end,[1737],[1749],4633,0.1,463,1,0,1
10712,log_2239_1708943247.xes,0.3,na,['sudden'],1,1,1,0,no_drift,[],[0],3315,0.1,331,0,1,0
10713,log_2239_1708943247.xes,0.3,na,['sudden'],1,1,1,0,sudden,[1747],[],3315,0.1,331,0,0,1
10714,log_2239_1708943247.xes,0.3,na,['sudden'],1,1,1,0,gradual_start,[],[],3315,0.1,331,0,0,0
10715,log_2239_1708943247.xes,0.3,na,['sudden'],1,1,1,0,gradual_end,[],[],3315,0.1,331,0,0,0
10716,log_2275_1708943243.xes,0.0,na,[],0,0,0,0,no_drift,[0],[0],4557,0.1,455,1,0,1
10717,log_2275_1708943243.xes,0.0,na,[],0,0,0,0,sudden,[],[],4557,0.1,455,0,0,0
10718,log_2275_1708943243.xes,0.0,na,[],0,0,0,0,gradual_start,[],[],4557,0.1,455,0,0,0
10719,log_2275_1708943243.xes,0.0,na,[],0,0,0,0,gradual_end,[],[],4557,0.1,455,0,0,0
10720,log_2501_1708943249.xes,0.0,na,"['sudden', 'gradual', 'gradual']",3,5,1,2,no_drift,[],[],5875,0.1,587,0,0,0
10721,log_2501_1708943249.xes,0.0,na,"['sudden', 'gradual', 'gradual']",3,5,1,2,sudden,[1331],[],5875,0.1,587,0,0,1
10722,log_2501_1708943249.xes,0.0,na,"['sudden', 'gradual', 'gradual']",3,5,1,2,gradual_start,"[2551, 4147]","[2553, 4148]",5875,0.1,587,2,0,2
10723,log_2501_1708943249.xes,0.0,na,"['sudden', 'gradual', 'gradual']",3,5,1,2,gradual_end,"[3043, 4628]","[3075, 4554]",5875,0.1,587,2,0,2
10724,log_2646_1708943251.xes,0.0,na,[],0,0,0,0,no_drift,[0],[0],1495,0.1,149,1,0,1
10725,log_2646_1708943251.xes,0.0,na,[],0,0,0,0,sudden,[],[],1495,0.1,149,0,0,0
10726,log_2646_1708943251.xes,0.0,na,[],0,0,0,0,gradual_start,[],[],1495,0.1,149,0,0,0
10727,log_2646_1708943251.xes,0.0,na,[],0,0,0,0,gradual_end,[],[],1495,0.1,149,0,0,0
10728,log_2128_1708943243.xes,0.3,na,"['gradual', 'gradual']",2,4,0,2,no_drift,[],[],5999,0.1,599,0,0,0
10729,log_2128_1708943243.xes,0.3,na,"['gradual', 'gradual']",2,4,0,2,sudden,[],[],5999,0.1,599,0,0,0
10730,log_2128_1708943243.xes,0.3,na,"['gradual', 'gradual']",2,4,0,2,gradual_start,"[1981, 3753]",[3771],5999,0.1,599,1,0,2
10731,log_2128_1708943243.xes,0.3,na,"['gradual', 'gradual']",2,4,0,2,gradual_end,"[2490, 4178]",[4177],5999,0.1,599,1,0,2
10732,log_2758_1708943246.xes,0.6,na,"['gradual', 'gradual']",2,4,0,2,no_drift,[],[],5454,0.1,545,0,0,0
10733,log_2758_1708943246.xes,0.6,na,"['gradual', 'gradual']",2,4,0,2,sudden,[],[],5454,0.1,545,0,0,0
10734,log_2758_1708943246.xes,0.6,na,"['gradual', 'gradual']",2,4,0,2,gradual_start,"[1512, 3280]",[3268],5454,0.1,545,1,0,2
10735,log_2758_1708943246.xes,0.6,na,"['gradual', 'gradual']",2,4,0,2,gradual_end,"[1833, 3650]",[3619],5454,0.1,545,1,0,2
10736,log_3010_1708943249.xes,0.6,na,['gradual'],1,2,0,1,no_drift,[],[],3177,0.1,317,0,0,0
10737,log_3010_1708943249.xes,0.6,na,['gradual'],1,2,0,1,sudden,[],[],3177,0.1,317,0,0,0
10738,log_3010_1708943249.xes,0.6,na,['gradual'],1,2,0,1,gradual_start,[1619],[1621],3177,0.1,317,1,0,1
10739,log_3010_1708943249.xes,0.6,na,['gradual'],1,2,0,1,gradual_end,[2056],[2041],3177,0.1,317,1,0,1
10740,log_2969_1708943249.xes,0.0,na,['gradual'],1,2,0,1,no_drift,[],[],4050,0.1,405,0,0,0
10741,log_2969_1708943249.xes,0.0,na,['gradual'],1,2,0,1,sudden,[],[],4050,0.1,405,0,0,0
10742,log_2969_1708943249.xes,0.0,na,['gradual'],1,2,0,1,gradual_start,[1670],[1661],4050,0.1,405,1,0,1
10743,log_2969_1708943249.xes,0.0,na,['gradual'],1,2,0,1,gradual_end,[2100],[2101],4050,0.1,405,1,0,1
10744,log_2391_1708943245.xes,0.0,na,"['gradual', 'gradual']",2,4,0,2,no_drift,[],[],5364,0.1,536,0,0,0
10745,log_2391_1708943245.xes,0.0,na,"['gradual', 'gradual']",2,4,0,2,sudden,[],[],5364,0.1,536,0,0,0
10746,log_2391_1708943245.xes,0.0,na,"['gradual', 'gradual']",2,4,0,2,gradual_start,"[1680, 3529]",[3511],5364,0.1,536,1,0,2
10747,log_2391_1708943245.xes,0.0,na,"['gradual', 'gradual']",2,4,0,2,gradual_end,"[2091, 3997]",[4005],5364,0.1,536,1,0,2
10748,log_2502_1708943252.xes,0.6,na,[],0,0,0,0,no_drift,[0],[0],2744,0.1,274,1,0,1
10749,log_2502_1708943252.xes,0.6,na,[],0,0,0,0,sudden,[],[],2744,0.1,274,0,0,0
10750,log_2502_1708943252.xes,0.6,na,[],0,0,0,0,gradual_start,[],[],2744,0.1,274,0,0,0
10751,log_2502_1708943252.xes,0.6,na,[],0,0,0,0,gradual_end,[],[],2744,0.1,274,0,0,0
10752,log_2800_1708943249.xes,0.3,na,[],0,0,0,0,no_drift,[0],[0],6144,0.1,614,1,0,1
10753,log_2800_1708943249.xes,0.3,na,[],0,0,0,0,sudden,[],[],6144,0.1,614,0,0,0
10754,log_2800_1708943249.xes,0.3,na,[],0,0,0,0,gradual_start,[],[],6144,0.1,614,0,0,0
10755,log_2800_1708943249.xes,0.3,na,[],0,0,0,0,gradual_end,[],[],6144,0.1,614,0,0,0
10756,log_2932_1708943244.xes,0.0,na,"['sudden', 'gradual', 'gradual']",3,5,1,2,no_drift,[],[],7009,0.1,700,0,0,0
10757,log_2932_1708943244.xes,0.0,na,"['sudden', 'gradual', 'gradual']",3,5,1,2,sudden,[1018],[1016],7009,0.1,700,1,0,1
10758,log_2932_1708943244.xes,0.0,na,"['sudden', 'gradual', 'gradual']",3,5,1,2,gradual_start,"[2968, 5003]",[2976],7009,0.1,700,1,0,2
10759,log_2932_1708943244.xes,0.0,na,"['sudden', 'gradual', 'gradual']",3,5,1,2,gradual_end,"[3551, 5537]",[3501],7009,0.1,700,1,0,2
10760,log_2856_1708943249.xes,0.0,na,"['sudden', 'sudden']",2,2,2,0,no_drift,[],[],5203,0.1,520,0,0,0
10761,log_2856_1708943249.xes,0.0,na,"['sudden', 'sudden']",2,2,2,0,sudden,"[1748, 3453]",[3433],5203,0.1,520,1,0,2
10762,log_2856_1708943249.xes,0.0,na,"['sudden', 'sudden']",2,2,2,0,gradual_start,[],[],5203,0.1,520,0,0,0
10763,log_2856_1708943249.xes,0.0,na,"['sudden', 'sudden']",2,2,2,0,gradual_end,[],[],5203,0.1,520,0,0,0
10764,log_2610_1708943246.xes,0.0,na,"['sudden', 'sudden', 'sudden']",3,3,3,0,no_drift,[],[],5793,0.1,579,0,0,0
10765,log_2610_1708943246.xes,0.0,na,"['sudden', 'sudden', 'sudden']",3,3,3,0,sudden,"[1714, 2804, 3858]","[1709, 3837, 2801]",5793,0.1,579,3,0,3
10766,log_2610_1708943246.xes,0.0,na,"['sudden', 'sudden', 'sudden']",3,3,3,0,gradual_start,[],[],5793,0.1,579,0,0,0
10767,log_2610_1708943246.xes,0.0,na,"['sudden', 'sudden', 'sudden']",3,3,3,0,gradual_end,[],[],5793,0.1,579,0,0,0
10768,log_2721_1708943244.xes,0.0,na,"['gradual', 'gradual', 'gradual']",3,6,0,3,no_drift,[],[],7889,0.1,788,0,0,0
10769,log_2721_1708943244.xes,0.0,na,"['gradual', 'gradual', 'gradual']",3,6,0,3,sudden,[],[6241],7889,0.1,788,0,1,0
10770,log_2721_1708943244.xes,0.0,na,"['gradual', 'gradual', 'gradual']",3,6,0,3,gradual_start,"[1961, 3871, 6271]",[],7889,0.1,788,0,0,3
10771,log_2721_1708943244.xes,0.0,na,"['gradual', 'gradual', 'gradual']",3,6,0,3,gradual_end,"[2273, 4412, 6687]",[],7889,0.1,788,0,0,3
10772,log_2461_1708943249.xes,0.0,na,['sudden'],1,1,1,0,no_drift,[],[],3482,0.1,348,0,0,0
10773,log_2461_1708943249.xes,0.0,na,['sudden'],1,1,1,0,sudden,[1863],[1854],3482,0.1,348,1,0,1
10774,log_2461_1708943249.xes,0.0,na,['sudden'],1,1,1,0,gradual_start,[],[],3482,0.1,348,0,0,0
10775,log_2461_1708943249.xes,0.0,na,['sudden'],1,1,1,0,gradual_end,[],[],3482,0.1,348,0,0,0
10776,log_2645_1708943244.xes,0.0,na,"['gradual', 'sudden']",2,3,1,1,no_drift,[],[],5185,0.1,518,0,0,0
10777,log_2645_1708943244.xes,0.0,na,"['gradual', 'sudden']",2,3,1,1,sudden,[3566],[3551],5185,0.1,518,1,0,1
10778,log_2645_1708943244.xes,0.0,na,"['gradual', 'sudden']",2,3,1,1,gradual_start,[1350],[1326],5185,0.1,518,1,0,1
10779,log_2645_1708943244.xes,0.0,na,"['gradual', 'sudden']",2,3,1,1,gradual_end,[1753],[1726],5185,0.1,518,1,0,1
10780,log_2722_1708943250.xes,0.3,na,[],0,0,0,0,no_drift,[0],[0],4758,0.1,475,1,0,1
10781,log_2722_1708943250.xes,0.3,na,[],0,0,0,0,sudden,[],[],4758,0.1,475,0,0,0
10782,log_2722_1708943250.xes,0.3,na,[],0,0,0,0,gradual_start,[],[],4758,0.1,475,0,0,0
10783,log_2722_1708943250.xes,0.3,na,[],0,0,0,0,gradual_end,[],[],4758,0.1,475,0,0,0
10784,log_2857_1708943252.xes,0.0,na,"['sudden', 'gradual']",2,3,1,1,no_drift,[],[],5493,0.1,549,0,0,0
10785,log_2857_1708943252.xes,0.0,na,"['sudden', 'gradual']",2,3,1,1,sudden,[1717],[1675],5493,0.1,549,1,0,1
10786,log_2857_1708943252.xes,0.0,na,"['sudden', 'gradual']",2,3,1,1,gradual_start,[3295],[3322],5493,0.1,549,1,0,1
10787,log_2857_1708943252.xes,0.0,na,"['sudden', 'gradual']",2,3,1,1,gradual_end,[3841],[3943],5493,0.1,549,1,0,1
10788,log_2161_1708943248.xes,0.0,na,[],0,0,0,0,no_drift,[0],[0],3600,0.1,360,1,0,1
10789,log_2161_1708943248.xes,0.0,na,[],0,0,0,0,sudden,[],[],3600,0.1,360,0,0,0
10790,log_2161_1708943248.xes,0.0,na,[],0,0,0,0,gradual_start,[],[],3600,0.1,360,0,0,0
10791,log_2161_1708943248.xes,0.0,na,[],0,0,0,0,gradual_end,[],[],3600,0.1,360,0,0,0
10792,log_2539_1708943248.xes,0.3,na,"['sudden', 'sudden', 'gradual']",3,4,2,1,no_drift,[],[],5802,0.1,580,0,0,0
10793,log_2539_1708943248.xes,0.3,na,"['sudden', 'sudden', 'gradual']",3,4,2,1,sudden,"[1273, 2351]","[1248, 2321]",5802,0.1,580,2,0,2
10794,log_2539_1708943248.xes,0.3,na,"['sudden', 'sudden', 'gradual']",3,4,2,1,gradual_start,[4049],[4032],5802,0.1,580,1,0,1
10795,log_2539_1708943248.xes,0.3,na,"['sudden', 'sudden', 'gradual']",3,4,2,1,gradual_end,[4535],[4525],5802,0.1,580,1,0,1
10796,log_2611_1708943251.xes,0.3,na,['sudden'],1,1,1,0,no_drift,[],[],2395,0.1,239,0,0,0
10797,log_2611_1708943251.xes,0.3,na,['sudden'],1,1,1,0,sudden,[1231],[1222],2395,0.1,239,1,0,1
10798,log_2611_1708943251.xes,0.3,na,['sudden'],1,1,1,0,gradual_start,[],[],2395,0.1,239,0,0,0
10799,log_2611_1708943251.xes,0.3,na,['sudden'],1,1,1,0,gradual_end,[],[],2395,0.1,239,0,0,0
10800,log_2350_1708943249.xes,0.0,na,['gradual'],1,2,0,1,no_drift,[],[],3576,0.1,357,0,0,0
10801,log_2350_1708943249.xes,0.0,na,['gradual'],1,2,0,1,sudden,[],[],3576,0.1,357,0,0,0
10802,log_2350_1708943249.xes,0.0,na,['gradual'],1,2,0,1,gradual_start,[1088],[1089],3576,0.1,357,1,0,1
10803,log_2350_1708943249.xes,0.0,na,['gradual'],1,2,0,1,gradual_end,[1612],[1582],3576,0.1,357,1,0,1
10804,log_2392_1708943251.xes,0.3,na,"['sudden', 'gradual', 'gradual']",3,5,1,2,no_drift,[],[],5813,0.1,581,0,0,0
10805,log_2392_1708943251.xes,0.3,na,"['sudden', 'gradual', 'gradual']",3,5,1,2,sudden,[1524],[],5813,0.1,581,0,0,1
10806,log_2392_1708943251.xes,0.3,na,"['sudden', 'gradual', 'gradual']",3,5,1,2,gradual_start,"[2694, 4281]",[4293],5813,0.1,581,1,0,2
10807,log_2392_1708943251.xes,0.3,na,"['sudden', 'gradual', 'gradual']",3,5,1,2,gradual_end,"[3191, 4738]",[4728],5813,0.1,581,1,0,2
10808,log_2933_1708943251.xes,0.6,na,"['gradual', 'sudden']",2,3,1,1,no_drift,[],[],4211,0.1,421,0,0,0
10809,log_2933_1708943251.xes,0.6,na,"['gradual', 'sudden']",2,3,1,1,sudden,[2738],[2710],4211,0.1,421,1,0,1
10810,log_2933_1708943251.xes,0.6,na,"['gradual', 'sudden']",2,3,1,1,gradual_start,[1117],[],4211,0.1,421,0,0,1
10811,log_2933_1708943251.xes,0.6,na,"['gradual', 'sudden']",2,3,1,1,gradual_end,[1598],[],4211,0.1,421,0,0,1
10812,log_2462_1708943252.xes,0.6,na,[],0,0,0,0,no_drift,[0],[0],5496,0.1,549,1,0,1
10813,log_2462_1708943252.xes,0.6,na,[],0,0,0,0,sudden,[],[],5496,0.1,549,0,0,0
10814,log_2462_1708943252.xes,0.6,na,[],0,0,0,0,gradual_start,[],[],5496,0.1,549,0,0,0
10815,log_2462_1708943252.xes,0.6,na,[],0,0,0,0,gradual_end,[],[],5496,0.1,549,0,0,0
10816,log_2575_1708943246.xes,0.0,na,"['sudden', 'sudden', 'sudden']",3,3,3,0,no_drift,[],[],6040,0.1,604,0,0,0
10817,log_2575_1708943246.xes,0.0,na,"['sudden', 'sudden', 'sudden']",3,3,3,0,sudden,"[1816, 3200, 4817]","[4771, 3151]",6040,0.1,604,2,0,3
10818,log_2575_1708943246.xes,0.0,na,"['sudden', 'sudden', 'sudden']",3,3,3,0,gradual_start,[],[],6040,0.1,604,0,0,0
10819,log_2575_1708943246.xes,0.0,na,"['sudden', 'sudden', 'sudden']",3,3,3,0,gradual_end,[],[],6040,0.1,604,0,0,0
10820,log_2895_1708943248.xes,0.3,na,"['sudden', 'gradual', 'sudden']",3,4,2,1,no_drift,[],[],6701,0.1,670,0,0,0
10821,log_2895_1708943248.xes,0.3,na,"['sudden', 'gradual', 'sudden']",3,4,2,1,sudden,"[1611, 4995]","[4984, 1552]",6701,0.1,670,2,0,2
10822,log_2895_1708943248.xes,0.3,na,"['sudden', 'gradual', 'sudden']",3,4,2,1,gradual_start,[2956],[2905],6701,0.1,670,1,0,1
10823,log_2895_1708943248.xes,0.3,na,"['sudden', 'gradual', 'sudden']",3,4,2,1,gradual_end,[3494],[3400],6701,0.1,670,1,0,1
10824,log_2801_1708943252.xes,0.3,na,"['sudden', 'sudden']",2,2,2,0,no_drift,[],[],3885,0.1,388,0,0,0
10825,log_2801_1708943252.xes,0.3,na,"['sudden', 'sudden']",2,2,2,0,sudden,"[1179, 2420]","[2395, 1160]",3885,0.1,388,2,0,2
10826,log_2801_1708943252.xes,0.3,na,"['sudden', 'sudden']",2,2,2,0,gradual_start,[],[],3885,0.1,388,0,0,0
10827,log_2801_1708943252.xes,0.3,na,"['sudden', 'sudden']",2,2,2,0,gradual_end,[],[],3885,0.1,388,0,0,0
10828,log_2836_1708943250.xes,0.6,na,"['sudden', 'gradual', 'sudden']",3,4,2,1,no_drift,[],[],6838,0.1,683,0,0,0
10829,log_2836_1708943250.xes,0.6,na,"['sudden', 'gradual', 'sudden']",3,4,2,1,sudden,"[1603, 5433]",[5407],6838,0.1,683,1,0,2
10830,log_2836_1708943250.xes,0.6,na,"['sudden', 'gradual', 'sudden']",3,4,2,1,gradual_start,[3508],[3469],6838,0.1,683,1,0,1
10831,log_2836_1708943250.xes,0.6,na,"['sudden', 'gradual', 'sudden']",3,4,2,1,gradual_end,[3819],[3809],6838,0.1,683,1,0,1
10832,log_2576_1708943255.xes,0.0,na,[],0,0,0,0,no_drift,[0],[0],4755,0.1,475,1,0,1
10833,log_2576_1708943255.xes,0.0,na,[],0,0,0,0,sudden,[],[],4755,0.1,475,0,0,0
10834,log_2576_1708943255.xes,0.0,na,[],0,0,0,0,gradual_start,[],[],4755,0.1,475,0,0,0
10835,log_2576_1708943255.xes,0.0,na,[],0,0,0,0,gradual_end,[],[],4755,0.1,475,0,0,0
10836,log_2309_1708943255.xes,0.6,na,[],0,0,0,0,no_drift,[0],[0],2444,0.1,244,1,0,1
10837,log_2309_1708943255.xes,0.6,na,[],0,0,0,0,sudden,[],[],2444,0.1,244,0,0,0
10838,log_2309_1708943255.xes,0.6,na,[],0,0,0,0,gradual_start,[],[],2444,0.1,244,0,0,0
10839,log_2309_1708943255.xes,0.6,na,[],0,0,0,0,gradual_end,[],[],2444,0.1,244,0,0,0
10840,log_2723_1708943253.xes,0.6,na,"['sudden', 'sudden']",2,2,2,0,no_drift,[],[],5142,0.1,514,0,0,0
10841,log_2723_1708943253.xes,0.6,na,"['sudden', 'sudden']",2,2,2,0,sudden,"[1880, 3857]","[3851, 1851]",5142,0.1,514,2,0,2
10842,log_2723_1708943253.xes,0.6,na,"['sudden', 'sudden']",2,2,2,0,gradual_start,[],[],5142,0.1,514,0,0,0
10843,log_2723_1708943253.xes,0.6,na,"['sudden', 'sudden']",2,2,2,0,gradual_end,[],[],5142,0.1,514,0,0,0
10844,log_2724_1708943258.xes,0.3,na,[],0,0,0,0,no_drift,[0],[0],2748,0.1,274,1,0,1
10845,log_2724_1708943258.xes,0.3,na,[],0,0,0,0,sudden,[],[],2748,0.1,274,0,0,0
10846,log_2724_1708943258.xes,0.3,na,[],0,0,0,0,gradual_start,[],[],2748,0.1,274,0,0,0
10847,log_2724_1708943258.xes,0.3,na,[],0,0,0,0,gradual_end,[],[],2748,0.1,274,0,0,0
10848,log_2308_1708943242.xes,0.6,na,['gradual'],1,2,0,1,no_drift,[],[],3743,0.1,374,0,0,0
10849,log_2308_1708943242.xes,0.6,na,['gradual'],1,2,0,1,sudden,[],[],3743,0.1,374,0,0,0
10850,log_2308_1708943242.xes,0.6,na,['gradual'],1,2,0,1,gradual_start,[1403],[1369],3743,0.1,374,1,0,1
10851,log_2308_1708943242.xes,0.6,na,['gradual'],1,2,0,1,gradual_end,[1785],[1765],3743,0.1,374,1,0,1
10852,log_2503_1708943255.xes,0.0,na,[],0,0,0,0,no_drift,[0],[0],6808,0.1,680,1,0,1
10853,log_2503_1708943255.xes,0.0,na,[],0,0,0,0,sudden,[],[],6808,0.1,680,0,0,0
10854,log_2503_1708943255.xes,0.0,na,[],0,0,0,0,gradual_start,[],[],6808,0.1,680,0,0,0
10855,log_2503_1708943255.xes,0.0,na,[],0,0,0,0,gradual_end,[],[],6808,0.1,680,0,0,0
10856,log_2837_1708943257.xes,0.3,na,[],0,0,0,0,no_drift,[0],[0],1177,0.1,117,1,0,1
10857,log_2837_1708943257.xes,0.3,na,[],0,0,0,0,sudden,[],[],1177,0.1,117,0,0,0
10858,log_2837_1708943257.xes,0.3,na,[],0,0,0,0,gradual_start,[],[],1177,0.1,117,0,0,0
10859,log_2837_1708943257.xes,0.3,na,[],0,0,0,0,gradual_end,[],[],1177,0.1,117,0,0,0
10860,log_3041_1708943250.xes,0.0,na,"['sudden', 'gradual', 'gradual']",3,5,1,2,no_drift,[],[],6961,0.1,696,0,0,0
10861,log_3041_1708943250.xes,0.0,na,"['sudden', 'gradual', 'gradual']",3,5,1,2,sudden,[1397],[1361],6961,0.1,696,1,0,1
10862,log_3041_1708943250.xes,0.0,na,"['sudden', 'gradual', 'gradual']",3,5,1,2,gradual_start,"[3359, 4979]",[4965],6961,0.1,696,1,0,2
10863,log_3041_1708943250.xes,0.0,na,"['sudden', 'gradual', 'gradual']",3,5,1,2,gradual_end,"[3807, 5565]",[5543],6961,0.1,696,1,0,2
10864,log_2970_1708943252.xes,0.6,na,[],0,0,0,0,no_drift,[0],[0],2498,0.1,249,1,0,1
10865,log_2970_1708943252.xes,0.6,na,[],0,0,0,0,sudden,[],[],2498,0.1,249,0,0,0
10866,log_2970_1708943252.xes,0.6,na,[],0,0,0,0,gradual_start,[],[],2498,0.1,249,0,0,0
10867,log_2970_1708943252.xes,0.6,na,[],0,0,0,0,gradual_end,[],[],2498,0.1,249,0,0,0
10868,log_2197_1708943244.xes,0.6,na,"['sudden', 'sudden']",2,2,2,0,no_drift,[],[],4359,0.1,435,0,0,0
10869,log_2197_1708943244.xes,0.6,na,"['sudden', 'sudden']",2,2,2,0,sudden,"[1476, 2673]",[2668],4359,0.1,435,1,0,2
10870,log_2197_1708943244.xes,0.6,na,"['sudden', 'sudden']",2,2,2,0,gradual_start,[],[],4359,0.1,435,0,0,0
10871,log_2197_1708943244.xes,0.6,na,"['sudden', 'sudden']",2,2,2,0,gradual_end,[],[],4359,0.1,435,0,0,0
10872,log_2838_1708943258.xes,0.0,na,['gradual'],1,2,0,1,no_drift,[],[],3189,0.1,318,0,0,0
10873,log_2838_1708943258.xes,0.0,na,['gradual'],1,2,0,1,sudden,[],[],3189,0.1,318,0,0,0
10874,log_2838_1708943258.xes,0.0,na,['gradual'],1,2,0,1,gradual_start,[1252],[1261],3189,0.1,318,1,0,1
10875,log_2838_1708943258.xes,0.0,na,['gradual'],1,2,0,1,gradual_end,[1807],[1846],3189,0.1,318,1,0,1
10876,log_2540_1708943255.xes,0.6,na,[],0,0,0,0,no_drift,[0],[0],4844,0.1,484,1,0,1
10877,log_2540_1708943255.xes,0.6,na,[],0,0,0,0,sudden,[],[],4844,0.1,484,0,0,0
10878,log_2540_1708943255.xes,0.6,na,[],0,0,0,0,gradual_start,[],[],4844,0.1,484,0,0,0
10879,log_2540_1708943255.xes,0.6,na,[],0,0,0,0,gradual_end,[],[],4844,0.1,484,0,0,0
10880,log_2198_1708943258.xes,0.6,na,[],0,0,0,0,no_drift,[0],[0],3722,0.1,372,1,0,1
10881,log_2198_1708943258.xes,0.6,na,[],0,0,0,0,sudden,[],[],3722,0.1,372,0,0,0
10882,log_2198_1708943258.xes,0.6,na,[],0,0,0,0,gradual_start,[],[],3722,0.1,372,0,0,0
10883,log_2198_1708943258.xes,0.6,na,[],0,0,0,0,gradual_end,[],[],3722,0.1,372,0,0,0
10884,log_2613_1708943258.xes,0.3,na,[],0,0,0,0,no_drift,[0],[0],5751,0.1,575,1,0,1
10885,log_2613_1708943258.xes,0.3,na,[],0,0,0,0,sudden,[],[],5751,0.1,575,0,0,0
10886,log_2613_1708943258.xes,0.3,na,[],0,0,0,0,gradual_start,[],[],5751,0.1,575,0,0,0
10887,log_2613_1708943258.xes,0.3,na,[],0,0,0,0,gradual_end,[],[],5751,0.1,575,0,0,0
10888,log_2647_1708943252.xes,0.0,na,"['gradual', 'gradual']",2,4,0,2,no_drift,[],[],5390,0.1,539,0,0,0
10889,log_2647_1708943252.xes,0.0,na,"['gradual', 'gradual']",2,4,0,2,sudden,[],[],5390,0.1,539,0,0,0
10890,log_2647_1708943252.xes,0.0,na,"['gradual', 'gradual']",2,4,0,2,gradual_start,"[1914, 3680]",[3641],5390,0.1,539,1,0,2
10891,log_2647_1708943252.xes,0.0,na,"['gradual', 'gradual']",2,4,0,2,gradual_end,"[2387, 4255]",[4239],5390,0.1,539,1,0,2
10892,log_2612_1708943254.xes,0.3,na,[],0,0,0,0,no_drift,[0],[0],5968,0.1,596,1,0,1
10893,log_2612_1708943254.xes,0.3,na,[],0,0,0,0,sudden,[],[],5968,0.1,596,0,0,0
10894,log_2612_1708943254.xes,0.3,na,[],0,0,0,0,gradual_start,[],[],5968,0.1,596,0,0,0
10895,log_2612_1708943254.xes,0.3,na,[],0,0,0,0,gradual_end,[],[],5968,0.1,596,0,0,0
10896,log_2276_1708943249.xes,0.6,na,"['gradual', 'sudden']",2,3,1,1,no_drift,[],[],4804,0.1,480,0,0,0
10897,log_2276_1708943249.xes,0.6,na,"['gradual', 'sudden']",2,3,1,1,sudden,[3258],[3241],4804,0.1,480,1,0,1
10898,log_2276_1708943249.xes,0.6,na,"['gradual', 'sudden']",2,3,1,1,gradual_start,[1363],[1369],4804,0.1,480,1,0,1
10899,log_2276_1708943249.xes,0.6,na,"['gradual', 'sudden']",2,3,1,1,gradual_end,[1874],[1873],4804,0.1,480,1,0,1
10900,log_2463_1708943255.xes,0.0,na,"['gradual', 'gradual']",2,4,0,2,no_drift,[],[],4465,0.1,446,0,0,0
10901,log_2463_1708943255.xes,0.0,na,"['gradual', 'gradual']",2,4,0,2,sudden,[],[],4465,0.1,446,0,0,0
10902,log_2463_1708943255.xes,0.0,na,"['gradual', 'gradual']",2,4,0,2,gradual_start,"[1001, 2650]","[1057, 2663]",4465,0.1,446,2,0,2
10903,log_2463_1708943255.xes,0.0,na,"['gradual', 'gradual']",2,4,0,2,gradual_end,"[1595, 3051]","[1519, 3059]",4465,0.1,446,2,0,2
10904,log_2393_1708943255.xes,0.0,na,"['sudden', 'sudden']",2,2,2,0,no_drift,[],[],4829,0.1,482,0,0,0
10905,log_2393_1708943255.xes,0.0,na,"['sudden', 'sudden']",2,2,2,0,sudden,"[1529, 3234]","[1489, 3217]",4829,0.1,482,2,0,2
10906,log_2393_1708943255.xes,0.0,na,"['sudden', 'sudden']",2,2,2,0,gradual_start,[],[],4829,0.1,482,0,0,0
10907,log_2393_1708943255.xes,0.0,na,"['sudden', 'sudden']",2,2,2,0,gradual_end,[],[],4829,0.1,482,0,0,0
10908,log_2310_1708943258.xes,0.0,na,"['sudden', 'gradual']",2,3,1,1,no_drift,[],[],4623,0.1,462,0,0,0
10909,log_2310_1708943258.xes,0.0,na,"['sudden', 'gradual']",2,3,1,1,sudden,[1927],[1887],4623,0.1,462,1,0,1
10910,log_2310_1708943258.xes,0.0,na,"['sudden', 'gradual']",2,3,1,1,gradual_start,[3268],[3267],4623,0.1,462,1,0,1
10911,log_2310_1708943258.xes,0.0,na,"['sudden', 'gradual']",2,3,1,1,gradual_end,[3599],[3589],4623,0.1,462,1,0,1
10912,log_2896_1708943255.xes,0.0,na,"['gradual', 'sudden', 'sudden']",3,4,2,1,no_drift,[],[],5847,0.1,584,0,0,0
10913,log_2896_1708943255.xes,0.0,na,"['gradual', 'sudden', 'sudden']",3,4,2,1,sudden,"[2694, 4334]",[2669],5847,0.1,584,1,0,2
10914,log_2896_1708943255.xes,0.0,na,"['gradual', 'sudden', 'sudden']",3,4,2,1,gradual_start,[1047],[],5847,0.1,584,0,0,1
10915,log_2896_1708943255.xes,0.0,na,"['gradual', 'sudden', 'sudden']",3,4,2,1,gradual_end,[1545],[],5847,0.1,584,0,0,1
10916,log_2648_1708943258.xes,0.6,na,['sudden'],1,1,1,0,no_drift,[],[],2635,0.1,263,0,0,0
10917,log_2648_1708943258.xes,0.6,na,['sudden'],1,1,1,0,sudden,[1279],[1275],2635,0.1,263,1,0,1
10918,log_2648_1708943258.xes,0.6,na,['sudden'],1,1,1,0,gradual_start,[],[],2635,0.1,263,0,0,0
10919,log_2648_1708943258.xes,0.6,na,['sudden'],1,1,1,0,gradual_end,[],[],2635,0.1,263,0,0,0
10920,log_2725_1708943260.xes,0.6,na,['gradual'],1,2,0,1,no_drift,[],[],3066,0.1,306,0,0,0
10921,log_2725_1708943260.xes,0.6,na,['gradual'],1,2,0,1,sudden,[],[],3066,0.1,306,0,0,0
10922,log_2725_1708943260.xes,0.6,na,['gradual'],1,2,0,1,gradual_start,[1031],[1141],3066,0.1,306,1,0,1
10923,log_2725_1708943260.xes,0.6,na,['gradual'],1,2,0,1,gradual_end,[1444],[1516],3066,0.1,306,1,0,1
10924,log_2934_1708943255.xes,0.0,na,"['sudden', 'gradual']",2,3,1,1,no_drift,[],[],5916,0.1,591,0,0,0
10925,log_2934_1708943255.xes,0.0,na,"['sudden', 'gradual']",2,3,1,1,sudden,[1834],[],5916,0.1,591,0,0,1
10926,log_2934_1708943255.xes,0.0,na,"['sudden', 'gradual']",2,3,1,1,gradual_start,[3561],[3539],5916,0.1,591,1,0,1
10927,log_2934_1708943255.xes,0.0,na,"['sudden', 'gradual']",2,3,1,1,gradual_end,[4023],[4032],5916,0.1,591,1,0,1
10928,log_2464_1708943260.xes,0.3,na,[],0,0,0,0,no_drift,[0],[0],2320,0.1,232,1,0,1
10929,log_2464_1708943260.xes,0.3,na,[],0,0,0,0,sudden,[],[],2320,0.1,232,0,0,0
10930,log_2464_1708943260.xes,0.3,na,[],0,0,0,0,gradual_start,[],[],2320,0.1,232,0,0,0
10931,log_2464_1708943260.xes,0.3,na,[],0,0,0,0,gradual_end,[],[],2320,0.1,232,0,0,0
10932,log_2802_1708943256.xes,0.0,na,"['gradual', 'gradual']",2,4,0,2,no_drift,[],[],6218,0.1,621,0,0,0
10933,log_2802_1708943256.xes,0.0,na,"['gradual', 'gradual']",2,4,0,2,sudden,[],[],6218,0.1,621,0,0,0
10934,log_2802_1708943256.xes,0.0,na,"['gradual', 'gradual']",2,4,0,2,gradual_start,"[1708, 3740]","[1675, 3721]",6218,0.1,621,2,0,2
10935,log_2802_1708943256.xes,0.0,na,"['gradual', 'gradual']",2,4,0,2,gradual_end,"[2062, 4284]","[2016, 4279]",6218,0.1,621,2,0,2
10936,log_2684_1708943262.xes,0.3,na,['sudden'],1,1,1,0,no_drift,[],[0],3231,0.1,323,0,1,0
10937,log_2684_1708943262.xes,0.3,na,['sudden'],1,1,1,0,sudden,[1731],[],3231,0.1,323,0,0,1
10938,log_2684_1708943262.xes,0.3,na,['sudden'],1,1,1,0,gradual_start,[],[],3231,0.1,323,0,0,0
10939,log_2684_1708943262.xes,0.3,na,['sudden'],1,1,1,0,gradual_end,[],[],3231,0.1,323,0,0,0
10940,log_2423_1708943246.xes,0.0,na,"['gradual', 'gradual']",2,4,0,2,no_drift,[],[],5736,0.1,573,0,0,0
10941,log_2423_1708943246.xes,0.0,na,"['gradual', 'gradual']",2,4,0,2,sudden,[],[],5736,0.1,573,0,0,0
10942,log_2423_1708943246.xes,0.0,na,"['gradual', 'gradual']",2,4,0,2,gradual_start,"[1589, 4148]",[1541],5736,0.1,573,1,0,2
10943,log_2423_1708943246.xes,0.0,na,"['gradual', 'gradual']",2,4,0,2,gradual_end,"[2177, 4524]",[2157],5736,0.1,573,1,0,2
10944,log_3042_1708943257.xes,0.0,na,"['sudden', 'gradual']",2,3,1,1,no_drift,[],[],4862,0.1,486,0,0,0
10945,log_3042_1708943257.xes,0.0,na,"['sudden', 'gradual']",2,3,1,1,sudden,[1330],[],4862,0.1,486,0,0,1
10946,log_3042_1708943257.xes,0.0,na,"['sudden', 'gradual']",2,3,1,1,gradual_start,[2398],[2377],4862,0.1,486,1,0,1
10947,log_3042_1708943257.xes,0.0,na,"['sudden', 'gradual']",2,3,1,1,gradual_end,[2993],[2977],4862,0.1,486,1,0,1
10948,log_2683_1708943251.xes,0.6,na,"['gradual', 'sudden']",2,3,1,1,no_drift,[],[],4299,0.1,429,0,0,0
10949,log_2683_1708943251.xes,0.6,na,"['gradual', 'sudden']",2,3,1,1,sudden,[3123],[3088],4299,0.1,429,1,0,1
10950,log_2683_1708943251.xes,0.6,na,"['gradual', 'sudden']",2,3,1,1,gradual_start,[1409],[1345],4299,0.1,429,1,0,1
10951,log_2683_1708943251.xes,0.6,na,"['gradual', 'sudden']",2,3,1,1,gradual_end,[1849],[1828],4299,0.1,429,1,0,1
10952,log_2240_1708943250.xes,0.0,na,"['gradual', 'sudden']",2,3,1,1,no_drift,[],[],4961,0.1,496,0,0,0
10953,log_2240_1708943250.xes,0.0,na,"['gradual', 'sudden']",2,3,1,1,sudden,[3945],[3913],4961,0.1,496,1,0,1
10954,log_2240_1708943250.xes,0.0,na,"['gradual', 'sudden']",2,3,1,1,gradual_start,[1382],[1345],4961,0.1,496,1,0,1
10955,log_2240_1708943250.xes,0.0,na,"['gradual', 'sudden']",2,3,1,1,gradual_end,[1956],[1945],4961,0.1,496,1,0,1
10956,log_2858_1708943255.xes,0.6,na,"['sudden', 'gradual']",2,3,1,1,no_drift,[],[],4824,0.1,482,0,0,0
10957,log_2858_1708943255.xes,0.6,na,"['sudden', 'gradual']",2,3,1,1,sudden,[1038],[1033],4824,0.1,482,1,0,1
10958,log_2858_1708943255.xes,0.6,na,"['sudden', 'gradual']",2,3,1,1,gradual_start,[2846],[],4824,0.1,482,0,0,1
10959,log_2858_1708943255.xes,0.6,na,"['sudden', 'gradual']",2,3,1,1,gradual_end,[3248],[],4824,0.1,482,0,0,1
10960,log_2839_1708943260.xes,0.3,na,[],0,0,0,0,no_drift,[0],[0],3816,0.1,381,1,0,1
10961,log_2839_1708943260.xes,0.3,na,[],0,0,0,0,sudden,[],[],3816,0.1,381,0,0,0
10962,log_2839_1708943260.xes,0.3,na,[],0,0,0,0,gradual_start,[],[],3816,0.1,381,0,0,0
10963,log_2839_1708943260.xes,0.3,na,[],0,0,0,0,gradual_end,[],[],3816,0.1,381,0,0,0
10964,log_2394_1708943260.xes,0.0,na,['gradual'],1,2,0,1,no_drift,[],[],3378,0.1,337,0,0,0
10965,log_2394_1708943260.xes,0.0,na,['gradual'],1,2,0,1,sudden,[],[],3378,0.1,337,0,0,0
10966,log_2394_1708943260.xes,0.0,na,['gradual'],1,2,0,1,gradual_start,[1631],[1633],3378,0.1,337,1,0,1
10967,log_2394_1708943260.xes,0.0,na,['gradual'],1,2,0,1,gradual_end,[2069],[2065],3378,0.1,337,1,0,1
10968,log_2351_1708943254.xes,0.6,na,[],0,0,0,0,no_drift,[0],[0],7692,0.1,769,1,0,1
10969,log_2351_1708943254.xes,0.6,na,[],0,0,0,0,sudden,[],[],7692,0.1,769,0,0,0
10970,log_2351_1708943254.xes,0.6,na,[],0,0,0,0,gradual_start,[],[],7692,0.1,769,0,0,0
10971,log_2351_1708943254.xes,0.6,na,[],0,0,0,0,gradual_end,[],[],7692,0.1,769,0,0,0
10972,log_2162_1708943253.xes,0.0,na,"['gradual', 'gradual', 'gradual']",3,6,0,3,no_drift,[],[],7104,0.1,710,0,0,0
10973,log_2162_1708943253.xes,0.0,na,"['gradual', 'gradual', 'gradual']",3,6,0,3,sudden,[],[],7104,0.1,710,0,0,0
10974,log_2162_1708943253.xes,0.0,na,"['gradual', 'gradual', 'gradual']",3,6,0,3,gradual_start,"[1511, 3449, 4994]","[3466, 4971]",7104,0.1,710,2,0,3
10975,log_2162_1708943253.xes,0.0,na,"['gradual', 'gradual', 'gradual']",3,6,0,3,gradual_end,"[2070, 3975, 5560]","[3956, 5496]",7104,0.1,710,2,0,3
10976,log_2577_1708943258.xes,0.6,na,"['gradual', 'sudden']",2,3,1,1,no_drift,[],[],5537,0.1,553,0,0,0
10977,log_2577_1708943258.xes,0.6,na,"['gradual', 'sudden']",2,3,1,1,sudden,[3574],[3565],5537,0.1,553,1,0,1
10978,log_2577_1708943258.xes,0.6,na,"['gradual', 'sudden']",2,3,1,1,gradual_start,[1882],[1810],5537,0.1,553,1,0,1
10979,log_2577_1708943258.xes,0.6,na,"['gradual', 'sudden']",2,3,1,1,gradual_end,[2338],[2431],5537,0.1,553,1,0,1
10980,log_2649_1708943261.xes,0.0,na,[],0,0,0,0,no_drift,[0],[0],4365,0.1,436,1,0,1
10981,log_2649_1708943261.xes,0.0,na,[],0,0,0,0,sudden,[],[],4365,0.1,436,0,0,0
10982,log_2649_1708943261.xes,0.0,na,[],0,0,0,0,gradual_start,[],[],4365,0.1,436,0,0,0
10983,log_2649_1708943261.xes,0.0,na,[],0,0,0,0,gradual_end,[],[],4365,0.1,436,0,0,0
10984,log_2278_1708943264.xes,0.0,na,"['sudden', 'gradual']",2,3,1,1,no_drift,[],[],5383,0.1,538,0,0,0
10985,log_2278_1708943264.xes,0.0,na,"['sudden', 'gradual']",2,3,1,1,sudden,[1324],[1301],5383,0.1,538,1,0,1
10986,log_2278_1708943264.xes,0.0,na,"['sudden', 'gradual']",2,3,1,1,gradual_start,[2993],[2965],5383,0.1,538,1,0,1
10987,log_2278_1708943264.xes,0.0,na,"['sudden', 'gradual']",2,3,1,1,gradual_end,[3556],[3693],5383,0.1,538,1,0,1
10988,log_2277_1708943258.xes,0.3,na,['sudden'],1,1,1,0,no_drift,[],[],3218,0.1,321,0,0,0
10989,log_2277_1708943258.xes,0.3,na,['sudden'],1,1,1,0,sudden,[1507],[1505],3218,0.1,321,1,0,1
10990,log_2277_1708943258.xes,0.3,na,['sudden'],1,1,1,0,gradual_start,[],[],3218,0.1,321,0,0,0
10991,log_2277_1708943258.xes,0.3,na,['sudden'],1,1,1,0,gradual_end,[],[],3218,0.1,321,0,0,0
10992,log_2840_1708943263.xes,0.0,na,['gradual'],1,2,0,1,no_drift,[],[],3247,0.1,324,0,0,0
10993,log_2840_1708943263.xes,0.0,na,['gradual'],1,2,0,1,sudden,[],[],3247,0.1,324,0,0,0
10994,log_2840_1708943263.xes,0.0,na,['gradual'],1,2,0,1,gradual_start,[1686],[1793],3247,0.1,324,1,0,1
10995,log_2840_1708943263.xes,0.0,na,['gradual'],1,2,0,1,gradual_end,[2170],[2113],3247,0.1,324,1,0,1
10996,log_2614_1708943261.xes,0.0,na,"['gradual', 'sudden']",2,3,1,1,no_drift,[],[],5192,0.1,519,0,0,0
10997,log_2614_1708943261.xes,0.0,na,"['gradual', 'sudden']",2,3,1,1,sudden,[3659],[3651],5192,0.1,519,1,0,1
10998,log_2614_1708943261.xes,0.0,na,"['gradual', 'sudden']",2,3,1,1,gradual_start,[1759],[1751],5192,0.1,519,1,0,1
10999,log_2614_1708943261.xes,0.0,na,"['gradual', 'sudden']",2,3,1,1,gradual_end,[2139],[2101],5192,0.1,519,1,0,1
11000,log_2859_1708943262.xes,0.0,na,['gradual'],1,2,0,1,no_drift,[],[],3904,0.1,390,0,0,0
11001,log_2859_1708943262.xes,0.0,na,['gradual'],1,2,0,1,sudden,[],[],3904,0.1,390,0,0,0
11002,log_2859_1708943262.xes,0.0,na,['gradual'],1,2,0,1,gradual_start,[1590],[1597],3904,0.1,390,1,0,1
11003,log_2859_1708943262.xes,0.0,na,['gradual'],1,2,0,1,gradual_end,[2180],[2205],3904,0.1,390,1,0,1
11004,log_2726_1708943263.xes,0.0,na,"['sudden', 'gradual']",2,3,1,1,no_drift,[],[],4481,0.1,448,0,0,0
11005,log_2726_1708943263.xes,0.0,na,"['sudden', 'gradual']",2,3,1,1,sudden,[1257],[1233],4481,0.1,448,1,0,1
11006,log_2726_1708943263.xes,0.0,na,"['sudden', 'gradual']",2,3,1,1,gradual_start,[2381],[2377],4481,0.1,448,1,0,1
11007,log_2726_1708943263.xes,0.0,na,"['sudden', 'gradual']",2,3,1,1,gradual_end,[2828],[2839],4481,0.1,448,1,0,1
11008,log_2311_1708943261.xes,0.6,na,[],0,0,0,0,no_drift,[0],[0],5220,0.1,522,1,0,1
11009,log_2311_1708943261.xes,0.6,na,[],0,0,0,0,sudden,[],[],5220,0.1,522,0,0,0
11010,log_2311_1708943261.xes,0.6,na,[],0,0,0,0,gradual_start,[],[],5220,0.1,522,0,0,0
11011,log_2311_1708943261.xes,0.6,na,[],0,0,0,0,gradual_end,[],[],5220,0.1,522,0,0,0
11012,log_2241_1708943260.xes,0.0,na,"['sudden', 'gradual']",2,3,1,1,no_drift,[],[],5801,0.1,580,0,0,0
11013,log_2241_1708943260.xes,0.0,na,"['sudden', 'gradual']",2,3,1,1,sudden,[1815],[1799],5801,0.1,580,1,0,1
11014,log_2241_1708943260.xes,0.0,na,"['sudden', 'gradual']",2,3,1,1,gradual_start,[3401],[3394],5801,0.1,580,1,0,1
11015,log_2241_1708943260.xes,0.0,na,"['sudden', 'gradual']",2,3,1,1,gradual_end,[3865],[3829],5801,0.1,580,1,0,1
11016,log_2424_1708943260.xes,0.0,na,"['sudden', 'sudden']",2,2,2,0,no_drift,[],[],5375,0.1,537,0,0,0
11017,log_2424_1708943260.xes,0.0,na,"['sudden', 'sudden']",2,2,2,0,sudden,"[1865, 3728]","[1847, 3693]",5375,0.1,537,2,0,2
11018,log_2424_1708943260.xes,0.0,na,"['sudden', 'sudden']",2,2,2,0,gradual_start,[],[],5375,0.1,537,0,0,0
11019,log_2424_1708943260.xes,0.0,na,"['sudden', 'sudden']",2,2,2,0,gradual_end,[],[],5375,0.1,537,0,0,0
11020,log_2352_1708943264.xes,0.6,na,['sudden'],1,1,1,0,no_drift,[],[],2972,0.1,297,0,0,0
11021,log_2352_1708943264.xes,0.6,na,['sudden'],1,1,1,0,sudden,[1186],[1177],2972,0.1,297,1,0,1
11022,log_2352_1708943264.xes,0.6,na,['sudden'],1,1,1,0,gradual_start,[],[],2972,0.1,297,0,0,0
11023,log_2352_1708943264.xes,0.6,na,['sudden'],1,1,1,0,gradual_end,[],[],2972,0.1,297,0,0,0
11024,log_3012_1708943265.xes,0.0,na,['sudden'],1,1,1,0,no_drift,[],[],2304,0.1,230,0,0,0
11025,log_3012_1708943265.xes,0.0,na,['sudden'],1,1,1,0,sudden,[1264],[1244],2304,0.1,230,1,0,1
11026,log_3012_1708943265.xes,0.0,na,['sudden'],1,1,1,0,gradual_start,[],[],2304,0.1,230,0,0,0
11027,log_3012_1708943265.xes,0.0,na,['sudden'],1,1,1,0,gradual_end,[],[],2304,0.1,230,0,0,0
11028,log_2650_1708943264.xes,0.6,na,[],0,0,0,0,no_drift,[0],[0],3478,0.1,347,1,0,1
11029,log_2650_1708943264.xes,0.6,na,[],0,0,0,0,sudden,[],[],3478,0.1,347,0,0,0
11030,log_2650_1708943264.xes,0.6,na,[],0,0,0,0,gradual_start,[],[],3478,0.1,347,0,0,0
11031,log_2650_1708943264.xes,0.6,na,[],0,0,0,0,gradual_end,[],[],3478,0.1,347,0,0,0
11032,log_2841_1708943265.xes,0.3,na,"['sudden', 'sudden']",2,2,2,0,no_drift,[],[0],4165,0.1,416,0,1,0
11033,log_2841_1708943265.xes,0.3,na,"['sudden', 'sudden']",2,2,2,0,sudden,"[1495, 2511]",[],4165,0.1,416,0,0,2
11034,log_2841_1708943265.xes,0.3,na,"['sudden', 'sudden']",2,2,2,0,gradual_start,[],[],4165,0.1,416,0,0,0
11035,log_2841_1708943265.xes,0.3,na,"['sudden', 'sudden']",2,2,2,0,gradual_end,[],[],4165,0.1,416,0,0,0
11036,log_2504_1708943257.xes,0.6,na,"['gradual', 'gradual', 'gradual']",3,6,0,3,no_drift,[],[0],6882,0.1,688,0,1,0
11037,log_2504_1708943257.xes,0.6,na,"['gradual', 'gradual', 'gradual']",3,6,0,3,sudden,[],[],6882,0.1,688,0,0,0
11038,log_2504_1708943257.xes,0.6,na,"['gradual', 'gradual', 'gradual']",3,6,0,3,gradual_start,"[1603, 3673, 5439]",[],6882,0.1,688,0,0,3
11039,log_2504_1708943257.xes,0.6,na,"['gradual', 'gradual', 'gradual']",3,6,0,3,gradual_end,"[2107, 4216, 5777]",[],6882,0.1,688,0,0,3
11040,log_3013_1708943267.xes,0.0,na,[],0,0,0,0,no_drift,[0],[0],1194,0.1,119,1,0,1
11041,log_3013_1708943267.xes,0.0,na,[],0,0,0,0,sudden,[],[],1194,0.1,119,0,0,0
11042,log_3013_1708943267.xes,0.0,na,[],0,0,0,0,gradual_start,[],[],1194,0.1,119,0,0,0
11043,log_3013_1708943267.xes,0.0,na,[],0,0,0,0,gradual_end,[],[],1194,0.1,119,0,0,0
11044,log_2897_1708943260.xes,0.0,na,['gradual'],1,2,0,1,no_drift,[],[],3620,0.1,362,0,0,0
11045,log_2897_1708943260.xes,0.0,na,['gradual'],1,2,0,1,sudden,[],[],3620,0.1,362,0,0,0
11046,log_2897_1708943260.xes,0.0,na,['gradual'],1,2,0,1,gradual_start,[1750],[1711],3620,0.1,362,1,0,1
11047,log_2897_1708943260.xes,0.0,na,['gradual'],1,2,0,1,gradual_end,[2139],[2143],3620,0.1,362,1,0,1
11048,log_2727_1708943265.xes,0.0,na,"['sudden', 'sudden', 'gradual']",3,4,2,1,no_drift,[],[],6664,0.1,666,0,0,0
11049,log_2727_1708943265.xes,0.0,na,"['sudden', 'sudden', 'gradual']",3,4,2,1,sudden,"[1272, 2780]","[1255, 2773]",6664,0.1,666,2,0,2
11050,log_2727_1708943265.xes,0.0,na,"['sudden', 'sudden', 'gradual']",3,4,2,1,gradual_start,[4666],[],6664,0.1,666,0,0,1
11051,log_2727_1708943265.xes,0.0,na,"['sudden', 'sudden', 'gradual']",3,4,2,1,gradual_end,[5027],[],6664,0.1,666,0,0,1
11052,log_2242_1708943265.xes,0.3,na,"['sudden', 'sudden']",2,2,2,0,no_drift,[],[],4102,0.1,410,0,0,0
11053,log_2242_1708943265.xes,0.3,na,"['sudden', 'sudden']",2,2,2,0,sudden,"[1226, 2469]","[1201, 2461]",4102,0.1,410,2,0,2
11054,log_2242_1708943265.xes,0.3,na,"['sudden', 'sudden']",2,2,2,0,gradual_start,[],[],4102,0.1,410,0,0,0
11055,log_2242_1708943265.xes,0.3,na,"['sudden', 'sudden']",2,2,2,0,gradual_end,[],[],4102,0.1,410,0,0,0
11056,log_2199_1708943260.xes,0.6,na,"['gradual', 'gradual']",2,4,0,2,no_drift,[],[0],5207,0.1,520,0,1,0
11057,log_2199_1708943260.xes,0.6,na,"['gradual', 'gradual']",2,4,0,2,sudden,[],[],5207,0.1,520,0,0,0
11058,log_2199_1708943260.xes,0.6,na,"['gradual', 'gradual']",2,4,0,2,gradual_start,"[1776, 3371]",[],5207,0.1,520,0,0,2
11059,log_2199_1708943260.xes,0.6,na,"['gradual', 'gradual']",2,4,0,2,gradual_end,"[2158, 3788]",[],5207,0.1,520,0,0,2
11060,log_3011_1708943251.xes,0.3,na,"['gradual', 'gradual', 'gradual']",3,6,0,3,no_drift,[],[],8204,0.1,820,0,0,0
11061,log_3011_1708943251.xes,0.3,na,"['gradual', 'gradual', 'gradual']",3,6,0,3,sudden,[],[4142],8204,0.1,820,0,1,0
11062,log_3011_1708943251.xes,0.3,na,"['gradual', 'gradual', 'gradual']",3,6,0,3,gradual_start,"[1713, 4169, 6280]","[1641, 6274]",8204,0.1,820,2,0,3
11063,log_3011_1708943251.xes,0.3,na,"['gradual', 'gradual', 'gradual']",3,6,0,3,gradual_end,"[2215, 4560, 6642]","[2174, 6643]",8204,0.1,820,2,0,3
11064,log_2760_1708943267.xes,0.6,na,[],0,0,0,0,no_drift,[0],[0],3142,0.1,314,1,0,1
11065,log_2760_1708943267.xes,0.6,na,[],0,0,0,0,sudden,[],[],3142,0.1,314,0,0,0
11066,log_2760_1708943267.xes,0.6,na,[],0,0,0,0,gradual_start,[],[],3142,0.1,314,0,0,0
11067,log_2760_1708943267.xes,0.6,na,[],0,0,0,0,gradual_end,[],[],3142,0.1,314,0,0,0
11068,log_2971_1708943257.xes,0.0,na,"['sudden', 'gradual']",2,3,1,1,no_drift,[],[],5266,0.1,526,0,0,0
11069,log_2971_1708943257.xes,0.0,na,"['sudden', 'gradual']",2,3,1,1,sudden,[1712],[1691],5266,0.1,526,1,0,1
11070,log_2971_1708943257.xes,0.0,na,"['sudden', 'gradual']",2,3,1,1,gradual_start,[3126],[3121],5266,0.1,526,1,0,1
11071,log_2971_1708943257.xes,0.0,na,"['sudden', 'gradual']",2,3,1,1,gradual_end,[3675],[3693],5266,0.1,526,1,0,1
11072,log_2972_1708943267.xes,0.0,na,['sudden'],1,1,1,0,no_drift,[],[0],3017,0.1,301,0,1,0
11073,log_2972_1708943267.xes,0.0,na,['sudden'],1,1,1,0,sudden,[1472],[],3017,0.1,301,0,0,1
11074,log_2972_1708943267.xes,0.0,na,['sudden'],1,1,1,0,gradual_start,[],[],3017,0.1,301,0,0,0
11075,log_2972_1708943267.xes,0.0,na,['sudden'],1,1,1,0,gradual_end,[],[],3017,0.1,301,0,0,0
11076,log_2465_1708943262.xes,0.3,na,"['sudden', 'sudden', 'gradual']",3,4,2,1,no_drift,[],[],6761,0.1,676,0,0,0
11077,log_2465_1708943262.xes,0.3,na,"['sudden', 'sudden', 'gradual']",3,4,2,1,sudden,"[1684, 3525]","[1651, 3499]",6761,0.1,676,2,0,2
11078,log_2465_1708943262.xes,0.3,na,"['sudden', 'sudden', 'gradual']",3,4,2,1,gradual_start,[5216],[5248],6761,0.1,676,1,0,1
11079,log_2465_1708943262.xes,0.3,na,"['sudden', 'sudden', 'gradual']",3,4,2,1,gradual_end,[5725],[5677],6761,0.1,676,1,0,1
11080,log_2615_1708943265.xes,0.3,na,"['gradual', 'sudden']",2,3,1,1,no_drift,[],[],4937,0.1,493,0,0,0
11081,log_2615_1708943265.xes,0.3,na,"['gradual', 'sudden']",2,3,1,1,sudden,[3548],[3529],4937,0.1,493,1,0,1
11082,log_2615_1708943265.xes,0.3,na,"['gradual', 'sudden']",2,3,1,1,gradual_start,[1658],[],4937,0.1,493,0,0,1
11083,log_2615_1708943265.xes,0.3,na,"['gradual', 'sudden']",2,3,1,1,gradual_end,[2067],[],4937,0.1,493,0,0,1
11084,log_2541_1708943260.xes,0.0,na,"['gradual', 'gradual', 'sudden']",3,5,1,2,no_drift,[],[],6722,0.1,672,0,0,0
11085,log_2541_1708943260.xes,0.0,na,"['gradual', 'gradual', 'sudden']",3,5,1,2,sudden,[5496],[5446],6722,0.1,672,1,0,1
11086,log_2541_1708943260.xes,0.0,na,"['gradual', 'gradual', 'sudden']",3,5,1,2,gradual_start,"[1968, 3563]",[1981],6722,0.1,672,1,0,2
11087,log_2541_1708943260.xes,0.0,na,"['gradual', 'gradual', 'sudden']",3,5,1,2,gradual_end,"[2397, 4101]",[2377],6722,0.1,672,1,0,2
11088,log_2163_1708943262.xes,0.3,na,['gradual'],1,2,0,1,no_drift,[],[],3149,0.1,314,0,0,0
11089,log_2163_1708943262.xes,0.3,na,['gradual'],1,2,0,1,sudden,[],[],3149,0.1,314,0,0,0
11090,log_2163_1708943262.xes,0.3,na,['gradual'],1,2,0,1,gradual_start,[1254],[1261],3149,0.1,314,1,0,1
11091,log_2163_1708943262.xes,0.3,na,['gradual'],1,2,0,1,gradual_end,[1678],[1666],3149,0.1,314,1,0,1
11092,log_2616_1708943269.xes,0.6,na,[],0,0,0,0,no_drift,[0],[0],2732,0.1,273,1,0,1
11093,log_2616_1708943269.xes,0.6,na,[],0,0,0,0,sudden,[],[],2732,0.1,273,0,0,0
11094,log_2616_1708943269.xes,0.6,na,[],0,0,0,0,gradual_start,[],[],2732,0.1,273,0,0,0
11095,log_2616_1708943269.xes,0.6,na,[],0,0,0,0,gradual_end,[],[],2732,0.1,273,0,0,0
11096,log_2759_1708943252.xes,0.6,na,"['gradual', 'sudden', 'sudden']",3,4,2,1,no_drift,[],[],7076,0.1,707,0,0,0
11097,log_2759_1708943252.xes,0.6,na,"['gradual', 'sudden', 'sudden']",3,4,2,1,sudden,"[3941, 5680]","[3921, 5636]",7076,0.1,707,2,0,2
11098,log_2759_1708943252.xes,0.6,na,"['gradual', 'sudden', 'sudden']",3,4,2,1,gradual_start,[1884],[],7076,0.1,707,0,0,1
11099,log_2759_1708943252.xes,0.6,na,"['gradual', 'sudden', 'sudden']",3,4,2,1,gradual_end,[2363],[],7076,0.1,707,0,0,1
11100,log_3014_1708943268.xes,0.3,na,"['gradual', 'gradual']",2,4,0,2,no_drift,[],[],6242,0.1,624,0,0,0
11101,log_3014_1708943268.xes,0.3,na,"['gradual', 'gradual']",2,4,0,2,sudden,[],[],6242,0.1,624,0,0,0
11102,log_3014_1708943268.xes,0.3,na,"['gradual', 'gradual']",2,4,0,2,gradual_start,"[1829, 4025]",[4000],6242,0.1,624,1,0,2
11103,log_3014_1708943268.xes,0.3,na,"['gradual', 'gradual']",2,4,0,2,gradual_end,"[2145, 4350]",[4341],6242,0.1,624,1,0,2
11104,log_2425_1708943266.xes,0.0,na,"['gradual', 'sudden']",2,3,1,1,no_drift,[],[],5607,0.1,560,0,0,0
11105,log_2425_1708943266.xes,0.0,na,"['gradual', 'sudden']",2,3,1,1,sudden,[3938],[3893],5607,0.1,560,1,0,1
11106,log_2425_1708943266.xes,0.0,na,"['gradual', 'sudden']",2,3,1,1,gradual_start,[1760],[1737],5607,0.1,560,1,0,1
11107,log_2425_1708943266.xes,0.0,na,"['gradual', 'sudden']",2,3,1,1,gradual_end,[2299],[2325],5607,0.1,560,1,0,1
11108,log_2542_1708943268.xes,0.3,na,[],0,0,0,0,no_drift,[0],[0],6828,0.1,682,1,0,1
11109,log_2542_1708943268.xes,0.3,na,[],0,0,0,0,sudden,[],[],6828,0.1,682,0,0,0
11110,log_2542_1708943268.xes,0.3,na,[],0,0,0,0,gradual_start,[],[],6828,0.1,682,0,0,0
11111,log_2542_1708943268.xes,0.3,na,[],0,0,0,0,gradual_end,[],[],6828,0.1,682,0,0,0
11112,log_2578_1708943262.xes,0.3,na,"['gradual', 'gradual', 'gradual']",3,6,0,3,no_drift,[],[],5823,0.1,582,0,0,0
11113,log_2578_1708943262.xes,0.3,na,"['gradual', 'gradual', 'gradual']",3,6,0,3,sudden,[],[],5823,0.1,582,0,0,0
11114,log_2578_1708943262.xes,0.3,na,"['gradual', 'gradual', 'gradual']",3,6,0,3,gradual_start,"[1075, 2419, 4497]","[4496, 2408]",5823,0.1,582,2,0,3
11115,log_2578_1708943262.xes,0.3,na,"['gradual', 'gradual', 'gradual']",3,6,0,3,gradual_end,"[1397, 2768, 4805]","[4815, 2756]",5823,0.1,582,2,0,3
11116,log_2728_1708943269.xes,0.0,na,[],0,0,0,0,no_drift,[0],[0],6268,0.1,626,1,0,1
11117,log_2728_1708943269.xes,0.0,na,[],0,0,0,0,sudden,[],[],6268,0.1,626,0,0,0
11118,log_2728_1708943269.xes,0.0,na,[],0,0,0,0,gradual_start,[],[],6268,0.1,626,0,0,0
11119,log_2728_1708943269.xes,0.0,na,[],0,0,0,0,gradual_end,[],[],6268,0.1,626,0,0,0
11120,log_2761_1708943271.xes,0.3,na,[],0,0,0,0,no_drift,[0],[0],2890,0.1,289,1,0,1
11121,log_2761_1708943271.xes,0.3,na,[],0,0,0,0,sudden,[],[],2890,0.1,289,0,0,0
11122,log_2761_1708943271.xes,0.3,na,[],0,0,0,0,gradual_start,[],[],2890,0.1,289,0,0,0
11123,log_2761_1708943271.xes,0.3,na,[],0,0,0,0,gradual_end,[],[],2890,0.1,289,0,0,0
11124,log_2353_1708943266.xes,0.6,na,"['gradual', 'sudden', 'sudden']",3,4,2,1,no_drift,[],[],6294,0.1,629,0,0,0
11125,log_2353_1708943266.xes,0.6,na,"['gradual', 'sudden', 'sudden']",3,4,2,1,sudden,"[2997, 4304]",[4248],6294,0.1,629,1,0,2
11126,log_2353_1708943266.xes,0.6,na,"['gradual', 'sudden', 'sudden']",3,4,2,1,gradual_start,[1507],[1489],6294,0.1,629,1,0,1
11127,log_2353_1708943266.xes,0.6,na,"['gradual', 'sudden', 'sudden']",3,4,2,1,gradual_end,[1954],[1954],6294,0.1,629,1,0,1
11128,log_2935_1708943261.xes,0.0,na,"['gradual', 'gradual']",2,4,0,2,no_drift,[],[],5471,0.1,547,0,0,0
11129,log_2935_1708943261.xes,0.0,na,"['gradual', 'gradual']",2,4,0,2,sudden,[],[],5471,0.1,547,0,0,0
11130,log_2935_1708943261.xes,0.0,na,"['gradual', 'gradual']",2,4,0,2,gradual_start,"[1408, 3433]","[1405, 3403]",5471,0.1,547,2,0,2
11131,log_2935_1708943261.xes,0.0,na,"['gradual', 'gradual']",2,4,0,2,gradual_end,"[1836, 3762]","[1756, 3781]",5471,0.1,547,2,0,2
11132,log_3117_1708943269.xes,0.0,na,"['sudden', 'gradual', 'sudden']",3,4,2,1,no_drift,[],[],5423,0.1,542,0,0,0
11133,log_3117_1708943269.xes,0.0,na,"['sudden', 'gradual', 'sudden']",3,4,2,1,sudden,"[1018, 3658]","[3646, 1000]",5423,0.1,542,2,0,2
11134,log_3117_1708943269.xes,0.0,na,"['sudden', 'gradual', 'sudden']",3,4,2,1,gradual_start,[2236],[],5423,0.1,542,0,0,1
11135,log_3117_1708943269.xes,0.0,na,"['sudden', 'gradual', 'sudden']",3,4,2,1,gradual_end,[2572],[],5423,0.1,542,0,0,1
11136,log_2200_1708943267.xes,0.3,na,"['gradual', 'gradual']",2,4,0,2,no_drift,[],[],5905,0.1,590,0,0,0
11137,log_2200_1708943267.xes,0.3,na,"['gradual', 'gradual']",2,4,0,2,sudden,[],[],5905,0.1,590,0,0,0
11138,log_2200_1708943267.xes,0.3,na,"['gradual', 'gradual']",2,4,0,2,gradual_start,"[1911, 3928]","[3916, 1886]",5905,0.1,590,2,0,2
11139,log_2200_1708943267.xes,0.3,na,"['gradual', 'gradual']",2,4,0,2,gradual_end,"[2446, 4516]","[4525, 2437]",5905,0.1,590,2,0,2
11140,log_2579_1708943272.xes,0.6,na,[],0,0,0,0,no_drift,[0],[0],3670,0.1,367,1,0,1
11141,log_2579_1708943272.xes,0.6,na,[],0,0,0,0,sudden,[],[],3670,0.1,367,0,0,0
11142,log_2579_1708943272.xes,0.6,na,[],0,0,0,0,gradual_start,[],[],3670,0.1,367,0,0,0
11143,log_2579_1708943272.xes,0.6,na,[],0,0,0,0,gradual_end,[],[],3670,0.1,367,0,0,0
11144,log_3043_1708943262.xes,0.6,na,"['sudden', 'sudden', 'gradual']",3,4,2,1,no_drift,[],[],6941,0.1,694,0,0,0
11145,log_3043_1708943262.xes,0.6,na,"['sudden', 'sudden', 'gradual']",3,4,2,1,sudden,"[1440, 2914]",[2857],6941,0.1,694,1,0,2
11146,log_3043_1708943262.xes,0.6,na,"['sudden', 'sudden', 'gradual']",3,4,2,1,gradual_start,[4739],[],6941,0.1,694,0,0,1
11147,log_3043_1708943262.xes,0.6,na,"['sudden', 'sudden', 'gradual']",3,4,2,1,gradual_end,[5287],[],6941,0.1,694,0,0,1
11148,log_3079_1708943263.xes,0.0,na,[],0,0,0,0,no_drift,[0],[0],7076,0.1,707,1,0,1
11149,log_3079_1708943263.xes,0.0,na,[],0,0,0,0,sudden,[],[],7076,0.1,707,0,0,0
11150,log_3079_1708943263.xes,0.0,na,[],0,0,0,0,gradual_start,[],[],7076,0.1,707,0,0,0
11151,log_3079_1708943263.xes,0.0,na,[],0,0,0,0,gradual_end,[],[],7076,0.1,707,0,0,0
11152,log_2617_1708943270.xes,0.0,na,['gradual'],1,2,0,1,no_drift,[],[],3539,0.1,353,0,0,0
11153,log_2617_1708943270.xes,0.0,na,['gradual'],1,2,0,1,sudden,[],[],3539,0.1,353,0,0,0
11154,log_2617_1708943270.xes,0.0,na,['gradual'],1,2,0,1,gradual_start,[1577],[1616],3539,0.1,353,1,0,1
11155,log_2617_1708943270.xes,0.0,na,['gradual'],1,2,0,1,gradual_end,[2023],[2024],3539,0.1,353,1,0,1
11156,log_2803_1708943262.xes,0.0,na,[],0,0,0,0,no_drift,[0],[0],5956,0.1,595,1,0,1
11157,log_2803_1708943262.xes,0.0,na,[],0,0,0,0,sudden,[],[],5956,0.1,595,0,0,0
11158,log_2803_1708943262.xes,0.0,na,[],0,0,0,0,gradual_start,[],[],5956,0.1,595,0,0,0
11159,log_2803_1708943262.xes,0.0,na,[],0,0,0,0,gradual_end,[],[],5956,0.1,595,0,0,0
11160,log_2164_1708943269.xes,0.6,na,"['gradual', 'sudden']",2,3,1,1,no_drift,[],[],5083,0.1,508,0,0,0
11161,log_2164_1708943269.xes,0.6,na,"['gradual', 'sudden']",2,3,1,1,sudden,[3386],[3376],5083,0.1,508,1,0,1
11162,log_2164_1708943269.xes,0.6,na,"['gradual', 'sudden']",2,3,1,1,gradual_start,[1028],[],5083,0.1,508,0,0,1
11163,log_2164_1708943269.xes,0.6,na,"['gradual', 'sudden']",2,3,1,1,gradual_end,[1437],[],5083,0.1,508,0,0,1
11164,log_2651_1708943268.xes,0.0,na,[],0,0,0,0,no_drift,[0],[0],6192,0.1,619,1,0,1
11165,log_2651_1708943268.xes,0.0,na,[],0,0,0,0,sudden,[],[],6192,0.1,619,0,0,0
11166,log_2651_1708943268.xes,0.0,na,[],0,0,0,0,gradual_start,[],[],6192,0.1,619,0,0,0
11167,log_2651_1708943268.xes,0.0,na,[],0,0,0,0,gradual_end,[],[],6192,0.1,619,0,0,0
11168,log_2898_1708943267.xes,0.3,na,"['gradual', 'gradual']",2,4,0,2,no_drift,[],[],5149,0.1,514,0,0,0
11169,log_2898_1708943267.xes,0.3,na,"['gradual', 'gradual']",2,4,0,2,sudden,[],[],5149,0.1,514,0,0,0
11170,log_2898_1708943267.xes,0.3,na,"['gradual', 'gradual']",2,4,0,2,gradual_start,"[1378, 3610]","[1351, 3601]",5149,0.1,514,2,0,2
11171,log_2898_1708943267.xes,0.3,na,"['gradual', 'gradual']",2,4,0,2,gradual_end,"[1929, 4093]","[1926, 4101]",5149,0.1,514,2,0,2
11172,log_2279_1708943266.xes,0.0,na,"['gradual', 'gradual']",2,4,0,2,no_drift,[],[],5368,0.1,536,0,0,0
11173,log_2279_1708943266.xes,0.0,na,"['gradual', 'gradual']",2,4,0,2,sudden,[],[],5368,0.1,536,0,0,0
11174,log_2279_1708943266.xes,0.0,na,"['gradual', 'gradual']",2,4,0,2,gradual_start,"[1555, 3828]",[3823],5368,0.1,536,1,0,2
11175,log_2279_1708943266.xes,0.0,na,"['gradual', 'gradual']",2,4,0,2,gradual_end,"[1934, 4310]",[4291],5368,0.1,536,1,0,2
11176,log_2312_1708943267.xes,0.0,na,"['gradual', 'sudden', 'sudden']",3,4,2,1,no_drift,[],[],8162,0.1,816,0,0,0
11177,log_2312_1708943267.xes,0.0,na,"['gradual', 'sudden', 'sudden']",3,4,2,1,sudden,"[4441, 6205]","[4401, 6161]",8162,0.1,816,2,0,2
11178,log_2312_1708943267.xes,0.0,na,"['gradual', 'sudden', 'sudden']",3,4,2,1,gradual_start,[1989],[],8162,0.1,816,0,0,1
11179,log_2312_1708943267.xes,0.0,na,"['gradual', 'sudden', 'sudden']",3,4,2,1,gradual_end,[2491],[],8162,0.1,816,0,0,1
11180,log_2685_1708943264.xes,0.3,na,"['sudden', 'sudden', 'gradual']",3,4,2,1,no_drift,[],[],7301,0.1,730,0,0,0
11181,log_2685_1708943264.xes,0.3,na,"['sudden', 'sudden', 'gradual']",3,4,2,1,sudden,"[1530, 3206]",[3169],7301,0.1,730,1,0,2
11182,log_2685_1708943264.xes,0.3,na,"['sudden', 'sudden', 'gradual']",3,4,2,1,gradual_start,[4938],[4933],7301,0.1,730,1,0,1
11183,log_2685_1708943264.xes,0.3,na,"['sudden', 'sudden', 'gradual']",3,4,2,1,gradual_end,[5322],[5293],7301,0.1,730,1,0,1
11184,log_2899_1708943273.xes,0.0,na,['gradual'],1,2,0,1,no_drift,[],[],3193,0.1,319,0,0,0
11185,log_2899_1708943273.xes,0.0,na,['gradual'],1,2,0,1,sudden,[],[],3193,0.1,319,0,0,0
11186,log_2899_1708943273.xes,0.0,na,['gradual'],1,2,0,1,gradual_start,[1670],[1696],3193,0.1,319,1,0,1
11187,log_2899_1708943273.xes,0.0,na,['gradual'],1,2,0,1,gradual_end,[2064],[2041],3193,0.1,319,1,0,1
11188,log_2466_1708943271.xes,0.3,na,['gradual'],1,2,0,1,no_drift,[],[],3951,0.1,395,0,0,0
11189,log_2466_1708943271.xes,0.3,na,['gradual'],1,2,0,1,sudden,[],[],3951,0.1,395,0,0,0
11190,log_2466_1708943271.xes,0.3,na,['gradual'],1,2,0,1,gradual_start,[1947],[1939],3951,0.1,395,1,0,1
11191,log_2466_1708943271.xes,0.3,na,['gradual'],1,2,0,1,gradual_end,[2489],[2471],3951,0.1,395,1,0,1
11192,log_2426_1708943271.xes,0.0,na,['gradual'],1,2,0,1,no_drift,[],[],3657,0.1,365,0,0,0
11193,log_2426_1708943271.xes,0.0,na,['gradual'],1,2,0,1,sudden,[],[],3657,0.1,365,0,0,0
11194,log_2426_1708943271.xes,0.0,na,['gradual'],1,2,0,1,gradual_start,[1710],[1693],3657,0.1,365,1,0,1
11195,log_2426_1708943271.xes,0.0,na,['gradual'],1,2,0,1,gradual_end,[2036],[2053],3657,0.1,365,1,0,1
11196,log_2505_1708943267.xes,0.6,na,"['gradual', 'gradual']",2,4,0,2,no_drift,[],[],5542,0.1,554,0,0,0
11197,log_2505_1708943267.xes,0.6,na,"['gradual', 'gradual']",2,4,0,2,sudden,[],[],5542,0.1,554,0,0,0
11198,log_2505_1708943267.xes,0.6,na,"['gradual', 'gradual']",2,4,0,2,gradual_start,"[1690, 3945]","[3943, 1648]",5542,0.1,554,2,0,2
11199,log_2505_1708943267.xes,0.6,na,"['gradual', 'gradual']",2,4,0,2,gradual_end,"[2010, 4510]","[4510, 2026]",5542,0.1,554,2,0,2
11200,log_2973_1708943270.xes,0.3,na,['sudden'],1,1,1,0,no_drift,[],[],2807,0.1,280,0,0,0
11201,log_2973_1708943270.xes,0.3,na,['sudden'],1,1,1,0,sudden,[1499],[1485],2807,0.1,280,1,0,1
11202,log_2973_1708943270.xes,0.3,na,['sudden'],1,1,1,0,gradual_start,[],[],2807,0.1,280,0,0,0
11203,log_2973_1708943270.xes,0.3,na,['sudden'],1,1,1,0,gradual_end,[],[],2807,0.1,280,0,0,0
11204,log_2280_1708943273.xes,0.0,na,[],0,0,0,0,no_drift,[0],[0],3704,0.1,370,1,0,1
11205,log_2280_1708943273.xes,0.0,na,[],0,0,0,0,sudden,[],[],3704,0.1,370,0,0,0
11206,log_2280_1708943273.xes,0.0,na,[],0,0,0,0,gradual_start,[],[],3704,0.1,370,0,0,0
11207,log_2280_1708943273.xes,0.0,na,[],0,0,0,0,gradual_end,[],[],3704,0.1,370,0,0,0
11208,log_2804_1708943272.xes,0.0,na,['sudden'],1,1,1,0,no_drift,[],[],3100,0.1,310,0,0,0
11209,log_2804_1708943272.xes,0.0,na,['sudden'],1,1,1,0,sudden,[1732],[1726],3100,0.1,310,1,0,1
11210,log_2804_1708943272.xes,0.0,na,['sudden'],1,1,1,0,gradual_start,[],[],3100,0.1,310,0,0,0
11211,log_2804_1708943272.xes,0.0,na,['sudden'],1,1,1,0,gradual_end,[],[],3100,0.1,310,0,0,0
11212,log_2729_1708943272.xes,0.0,na,"['gradual', 'gradual']",2,4,0,2,no_drift,[],[0],5055,0.1,505,0,1,0
11213,log_2729_1708943272.xes,0.0,na,"['gradual', 'gradual']",2,4,0,2,sudden,[],[],5055,0.1,505,0,0,0
11214,log_2729_1708943272.xes,0.0,na,"['gradual', 'gradual']",2,4,0,2,gradual_start,"[1001, 2955]",[],5055,0.1,505,0,0,2
11215,log_2729_1708943272.xes,0.0,na,"['gradual', 'gradual']",2,4,0,2,gradual_end,"[1512, 3330]",[],5055,0.1,505,0,0,2
11216,log_2842_1708943269.xes,0.0,na,"['sudden', 'gradual']",2,3,1,1,no_drift,[],[],4981,0.1,498,0,0,0
11217,log_2842_1708943269.xes,0.0,na,"['sudden', 'gradual']",2,3,1,1,sudden,[1574],[1537],4981,0.1,498,1,0,1
11218,log_2842_1708943269.xes,0.0,na,"['sudden', 'gradual']",2,3,1,1,gradual_start,[2917],[2905],4981,0.1,498,1,0,1
11219,log_2842_1708943269.xes,0.0,na,"['sudden', 'gradual']",2,3,1,1,gradual_end,[3481],[3481],4981,0.1,498,1,0,1
11220,log_3015_1708943272.xes,0.3,na,['gradual'],1,2,0,1,no_drift,[],[],2900,0.1,290,0,0,0
11221,log_3015_1708943272.xes,0.3,na,['gradual'],1,2,0,1,sudden,[],[],2900,0.1,290,0,0,0
11222,log_3015_1708943272.xes,0.3,na,['gradual'],1,2,0,1,gradual_start,[1478],[1471],2900,0.1,290,1,0,1
11223,log_3015_1708943272.xes,0.3,na,['gradual'],1,2,0,1,gradual_end,[1855],[1835],2900,0.1,290,1,0,1
11224,log_3118_1708943275.xes,0.0,na,['sudden'],1,1,1,0,no_drift,[],[],3428,0.1,342,0,0,0
11225,log_3118_1708943275.xes,0.0,na,['sudden'],1,1,1,0,sudden,[1959],[1939],3428,0.1,342,1,0,1
11226,log_3118_1708943275.xes,0.0,na,['sudden'],1,1,1,0,gradual_start,[],[],3428,0.1,342,0,0,0
11227,log_3118_1708943275.xes,0.0,na,['sudden'],1,1,1,0,gradual_end,[],[],3428,0.1,342,0,0,0
11228,log_2354_1708943272.xes,0.3,na,['sudden'],1,1,1,0,no_drift,[],[],3309,0.1,330,0,0,0
11229,log_2354_1708943272.xes,0.3,na,['sudden'],1,1,1,0,sudden,[1774],[1761],3309,0.1,330,1,0,1
11230,log_2354_1708943272.xes,0.3,na,['sudden'],1,1,1,0,gradual_start,[],[],3309,0.1,330,0,0,0
11231,log_2354_1708943272.xes,0.3,na,['sudden'],1,1,1,0,gradual_end,[],[],3309,0.1,330,0,0,0
11232,log_2201_1708943272.xes,0.3,na,['sudden'],1,1,1,0,no_drift,[],[],3043,0.1,304,0,0,0
11233,log_2201_1708943272.xes,0.3,na,['sudden'],1,1,1,0,sudden,[1707],[1696],3043,0.1,304,1,0,1
11234,log_2201_1708943272.xes,0.3,na,['sudden'],1,1,1,0,gradual_start,[],[],3043,0.1,304,0,0,0
11235,log_2201_1708943272.xes,0.3,na,['sudden'],1,1,1,0,gradual_end,[],[],3043,0.1,304,0,0,0
11236,log_2543_1708943271.xes,0.6,na,"['sudden', 'gradual']",2,3,1,1,no_drift,[],[],5558,0.1,555,0,0,0
11237,log_2543_1708943271.xes,0.6,na,"['sudden', 'gradual']",2,3,1,1,sudden,[1407],[1378],5558,0.1,555,1,0,1
11238,log_2543_1708943271.xes,0.6,na,"['sudden', 'gradual']",2,3,1,1,gradual_start,[3254],[3241],5558,0.1,555,1,0,1
11239,log_2543_1708943271.xes,0.6,na,"['sudden', 'gradual']",2,3,1,1,gradual_end,[3847],[3808],5558,0.1,555,1,0,1
11240,log_2974_1708943276.xes,0.0,na,[],0,0,0,0,no_drift,[0],[0],1065,0.1,106,1,0,1
11241,log_2974_1708943276.xes,0.0,na,[],0,0,0,0,sudden,[],[],1065,0.1,106,0,0,0
11242,log_2974_1708943276.xes,0.0,na,[],0,0,0,0,gradual_start,[],[],1065,0.1,106,0,0,0
11243,log_2974_1708943276.xes,0.0,na,[],0,0,0,0,gradual_end,[],[],1065,0.1,106,0,0,0
11244,log_2580_1708943275.xes,0.6,na,['sudden'],1,1,1,0,no_drift,[],[0],3317,0.1,331,0,1,0
11245,log_2580_1708943275.xes,0.6,na,['sudden'],1,1,1,0,sudden,[1742],[],3317,0.1,331,0,0,1
11246,log_2580_1708943275.xes,0.6,na,['sudden'],1,1,1,0,gradual_start,[],[],3317,0.1,331,0,0,0
11247,log_2580_1708943275.xes,0.6,na,['sudden'],1,1,1,0,gradual_end,[],[],3317,0.1,331,0,0,0
11248,log_2730_1708943275.xes,0.6,na,"['gradual', 'gradual']",2,4,0,2,no_drift,[],[],4374,0.1,437,0,0,0
11249,log_2730_1708943275.xes,0.6,na,"['gradual', 'gradual']",2,4,0,2,sudden,[],[],4374,0.1,437,0,0,0
11250,log_2730_1708943275.xes,0.6,na,"['gradual', 'gradual']",2,4,0,2,gradual_start,"[1074, 2749]","[1072, 2731]",4374,0.1,437,2,0,2
11251,log_2730_1708943275.xes,0.6,na,"['gradual', 'gradual']",2,4,0,2,gradual_end,"[1627, 3164]","[1639, 3172]",4374,0.1,437,2,0,2
11252,log_2652_1708943272.xes,0.3,na,[],0,0,0,0,no_drift,[0],[0],7204,0.1,720,1,0,1
11253,log_2652_1708943272.xes,0.3,na,[],0,0,0,0,sudden,[],[],7204,0.1,720,0,0,0
11254,log_2652_1708943272.xes,0.3,na,[],0,0,0,0,gradual_start,[],[],7204,0.1,720,0,0,0
11255,log_2652_1708943272.xes,0.3,na,[],0,0,0,0,gradual_end,[],[],7204,0.1,720,0,0,0
11256,log_2686_1708943273.xes,0.0,na,['gradual'],1,2,0,1,no_drift,[],[],4154,0.1,415,0,0,0
11257,log_2686_1708943273.xes,0.0,na,['gradual'],1,2,0,1,sudden,[],[],4154,0.1,415,0,0,0
11258,log_2686_1708943273.xes,0.0,na,['gradual'],1,2,0,1,gradual_start,[1663],[1681],4154,0.1,415,1,0,1
11259,log_2686_1708943273.xes,0.0,na,['gradual'],1,2,0,1,gradual_end,[2186],[2101],4154,0.1,415,1,0,1
11260,log_2165_1708943273.xes,0.6,na,[],0,0,0,0,no_drift,[0],[0],1918,0.1,191,1,0,1
11261,log_2165_1708943273.xes,0.6,na,[],0,0,0,0,sudden,[],[],1918,0.1,191,0,0,0
11262,log_2165_1708943273.xes,0.6,na,[],0,0,0,0,gradual_start,[],[],1918,0.1,191,0,0,0
11263,log_2165_1708943273.xes,0.6,na,[],0,0,0,0,gradual_end,[],[],1918,0.1,191,0,0,0
11264,log_2427_1708943276.xes,0.0,na,['sudden'],1,1,1,0,no_drift,[],[0],2882,0.1,288,0,1,0
11265,log_2427_1708943276.xes,0.0,na,['sudden'],1,1,1,0,sudden,[1392],[],2882,0.1,288,0,0,1
11266,log_2427_1708943276.xes,0.0,na,['sudden'],1,1,1,0,gradual_start,[],[],2882,0.1,288,0,0,0
11267,log_2427_1708943276.xes,0.0,na,['sudden'],1,1,1,0,gradual_end,[],[],2882,0.1,288,0,0,0
11268,log_2731_1708943277.xes,0.0,na,['sudden'],1,1,1,0,no_drift,[],[0],3470,0.1,347,0,1,0
11269,log_2731_1708943277.xes,0.0,na,['sudden'],1,1,1,0,sudden,[1572],[],3470,0.1,347,0,0,1
11270,log_2731_1708943277.xes,0.0,na,['sudden'],1,1,1,0,gradual_start,[],[],3470,0.1,347,0,0,0
11271,log_2731_1708943277.xes,0.0,na,['sudden'],1,1,1,0,gradual_end,[],[],3470,0.1,347,0,0,0
11272,log_3044_1708943272.xes,0.0,na,"['gradual', 'sudden', 'sudden']",3,4,2,1,no_drift,[],[],6143,0.1,614,0,0,0
11273,log_3044_1708943272.xes,0.0,na,"['gradual', 'sudden', 'sudden']",3,4,2,1,sudden,"[3219, 4459]","[4441, 3181]",6143,0.1,614,2,0,2
11274,log_3044_1708943272.xes,0.0,na,"['gradual', 'sudden', 'sudden']",3,4,2,1,gradual_start,[1259],[1231],6143,0.1,614,1,0,1
11275,log_3044_1708943272.xes,0.0,na,"['gradual', 'sudden', 'sudden']",3,4,2,1,gradual_end,[1847],[1831],6143,0.1,614,1,0,1
11276,log_2805_1708943277.xes,0.3,na,['sudden'],1,1,1,0,no_drift,[],[],3225,0.1,322,0,0,0
11277,log_2805_1708943277.xes,0.3,na,['sudden'],1,1,1,0,sudden,[1410],[1393],3225,0.1,322,1,0,1
11278,log_2805_1708943277.xes,0.3,na,['sudden'],1,1,1,0,gradual_start,[],[],3225,0.1,322,0,0,0
11279,log_2805_1708943277.xes,0.3,na,['sudden'],1,1,1,0,gradual_end,[],[],3225,0.1,322,0,0,0
11280,log_2936_1708943272.xes,0.3,na,['sudden'],1,1,1,0,no_drift,[],[],2438,0.1,243,0,0,0
11281,log_2936_1708943272.xes,0.3,na,['sudden'],1,1,1,0,sudden,[1063],[1045],2438,0.1,243,1,0,1
11282,log_2936_1708943272.xes,0.3,na,['sudden'],1,1,1,0,gradual_start,[],[],2438,0.1,243,0,0,0
11283,log_2936_1708943272.xes,0.3,na,['sudden'],1,1,1,0,gradual_end,[],[],2438,0.1,243,0,0,0
11284,log_2313_1708943274.xes,0.0,na,"['sudden', 'sudden']",2,2,2,0,no_drift,[],[],4728,0.1,472,0,0,0
11285,log_2313_1708943274.xes,0.0,na,"['sudden', 'sudden']",2,2,2,0,sudden,"[1524, 3334]","[3290, 1519]",4728,0.1,472,2,0,2
11286,log_2313_1708943274.xes,0.0,na,"['sudden', 'sudden']",2,2,2,0,gradual_start,[],[],4728,0.1,472,0,0,0
11287,log_2313_1708943274.xes,0.0,na,"['sudden', 'sudden']",2,2,2,0,gradual_end,[],[],4728,0.1,472,0,0,0
11288,log_2653_1708943277.xes,0.0,na,"['gradual', 'sudden']",2,3,1,1,no_drift,[],[],5200,0.1,520,0,0,0
11289,log_2653_1708943277.xes,0.0,na,"['gradual', 'sudden']",2,3,1,1,sudden,[3552],[3537],5200,0.1,520,1,0,1
11290,log_2653_1708943277.xes,0.0,na,"['gradual', 'sudden']",2,3,1,1,gradual_start,[1485],[1457],5200,0.1,520,1,0,1
11291,log_2653_1708943277.xes,0.0,na,"['gradual', 'sudden']",2,3,1,1,gradual_end,[1948],[1951],5200,0.1,520,1,0,1
11292,log_3080_1708943273.xes,0.6,na,"['sudden', 'gradual', 'gradual']",3,5,1,2,no_drift,[],[],6617,0.1,661,0,0,0
11293,log_3080_1708943273.xes,0.6,na,"['sudden', 'gradual', 'gradual']",3,5,1,2,sudden,[1765],[1717],6617,0.1,661,1,0,1
11294,log_3080_1708943273.xes,0.6,na,"['sudden', 'gradual', 'gradual']",3,5,1,2,gradual_start,"[3185, 4633]",[3169],6617,0.1,661,1,0,2
11295,log_3080_1708943273.xes,0.6,na,"['sudden', 'gradual', 'gradual']",3,5,1,2,gradual_end,"[3606, 5171]",[3565],6617,0.1,661,1,0,2
11296,log_2900_1708943275.xes,0.3,na,['gradual'],1,2,0,1,no_drift,[],[],3248,0.1,324,0,0,0
11297,log_2900_1708943275.xes,0.3,na,['gradual'],1,2,0,1,sudden,[],[],3248,0.1,324,0,0,0
11298,log_2900_1708943275.xes,0.3,na,['gradual'],1,2,0,1,gradual_start,[1390],[1441],3248,0.1,324,1,0,1
11299,log_2900_1708943275.xes,0.3,na,['gradual'],1,2,0,1,gradual_end,[1815],[1777],3248,0.1,324,1,0,1
11300,log_2467_1708943275.xes,0.0,na,"['sudden', 'sudden', 'gradual']",3,4,2,1,no_drift,[],[],5275,0.1,527,0,0,0
11301,log_2467_1708943275.xes,0.0,na,"['sudden', 'sudden', 'gradual']",3,4,2,1,sudden,"[1081, 2297]","[2289, 1067]",5275,0.1,527,2,0,2
11302,log_2467_1708943275.xes,0.0,na,"['sudden', 'sudden', 'gradual']",3,4,2,1,gradual_start,[3420],[3407],5275,0.1,527,1,0,1
11303,log_2467_1708943275.xes,0.0,na,"['sudden', 'sudden', 'gradual']",3,4,2,1,gradual_end,[3988],[3979],5275,0.1,527,1,0,1
11304,log_2732_1708943278.xes,0.0,na,[],0,0,0,0,no_drift,[0],[0],4506,0.1,450,1,0,1
11305,log_2732_1708943278.xes,0.0,na,[],0,0,0,0,sudden,[],[],4506,0.1,450,0,0,0
11306,log_2732_1708943278.xes,0.0,na,[],0,0,0,0,gradual_start,[],[],4506,0.1,450,0,0,0
11307,log_2732_1708943278.xes,0.0,na,[],0,0,0,0,gradual_end,[],[],4506,0.1,450,0,0,0
11308,log_2688_1708943281.xes,0.0,na,[],0,0,0,0,no_drift,[0],[0],1925,0.1,192,1,0,1
11309,log_2688_1708943281.xes,0.0,na,[],0,0,0,0,sudden,[],[],1925,0.1,192,0,0,0
11310,log_2688_1708943281.xes,0.0,na,[],0,0,0,0,gradual_start,[],[],1925,0.1,192,0,0,0
11311,log_2688_1708943281.xes,0.0,na,[],0,0,0,0,gradual_end,[],[],1925,0.1,192,0,0,0
11312,log_2468_1708943280.xes,0.6,na,[],0,0,0,0,no_drift,[0],[0],1988,0.1,198,1,0,1
11313,log_2468_1708943280.xes,0.6,na,[],0,0,0,0,sudden,[],[],1988,0.1,198,0,0,0
11314,log_2468_1708943280.xes,0.6,na,[],0,0,0,0,gradual_start,[],[],1988,0.1,198,0,0,0
11315,log_2468_1708943280.xes,0.6,na,[],0,0,0,0,gradual_end,[],[],1988,0.1,198,0,0,0
11316,log_2860_1708943265.xes,0.0,na,"['gradual', 'sudden']",2,3,1,1,no_drift,[],[],4144,0.1,414,0,0,0
11317,log_2860_1708943265.xes,0.0,na,"['gradual', 'sudden']",2,3,1,1,sudden,[3025],[3001],4144,0.1,414,1,0,1
11318,log_2860_1708943265.xes,0.0,na,"['gradual', 'sudden']",2,3,1,1,gradual_start,[1073],[1081],4144,0.1,414,1,0,1
11319,log_2860_1708943265.xes,0.0,na,"['gradual', 'sudden']",2,3,1,1,gradual_end,[1650],[1641],4144,0.1,414,1,0,1
11320,log_3045_1708943277.xes,0.6,na,['sudden'],1,1,1,0,no_drift,[],[0],3465,0.1,346,0,1,0
11321,log_3045_1708943277.xes,0.6,na,['sudden'],1,1,1,0,sudden,[1849],[],3465,0.1,346,0,0,1
11322,log_3045_1708943277.xes,0.6,na,['sudden'],1,1,1,0,gradual_start,[],[],3465,0.1,346,0,0,0
11323,log_3045_1708943277.xes,0.6,na,['sudden'],1,1,1,0,gradual_end,[],[],3465,0.1,346,0,0,0
11324,log_2762_1708943275.xes,0.0,na,"['sudden', 'gradual', 'sudden']",3,4,2,1,no_drift,[],[],5903,0.1,590,0,0,0
11325,log_2762_1708943275.xes,0.0,na,"['sudden', 'gradual', 'sudden']",3,4,2,1,sudden,"[1635, 4829]","[1596, 4815]",5903,0.1,590,2,0,2
11326,log_2762_1708943275.xes,0.0,na,"['sudden', 'gradual', 'sudden']",3,4,2,1,gradual_start,[2814],[2814],5903,0.1,590,1,0,1
11327,log_2762_1708943275.xes,0.0,na,"['sudden', 'gradual', 'sudden']",3,4,2,1,gradual_end,[3411],[3365],5903,0.1,590,1,0,1
11328,log_2506_1708943274.xes,0.6,na,['gradual'],1,2,0,1,no_drift,[],[],3777,0.1,377,0,0,0
11329,log_2506_1708943274.xes,0.6,na,['gradual'],1,2,0,1,sudden,[],[],3777,0.1,377,0,0,0
11330,log_2506_1708943274.xes,0.6,na,['gradual'],1,2,0,1,gradual_start,[1976],[1981],3777,0.1,377,1,0,1
11331,log_2506_1708943274.xes,0.6,na,['gradual'],1,2,0,1,gradual_end,[2386],[2341],3777,0.1,377,1,0,1
11332,log_2843_1708943277.xes,0.0,na,[],0,0,0,0,no_drift,[0],[0],7156,0.1,715,1,0,1
11333,log_2843_1708943277.xes,0.0,na,[],0,0,0,0,sudden,[],[],7156,0.1,715,0,0,0
11334,log_2843_1708943277.xes,0.0,na,[],0,0,0,0,gradual_start,[],[],7156,0.1,715,0,0,0
11335,log_2843_1708943277.xes,0.0,na,[],0,0,0,0,gradual_end,[],[],7156,0.1,715,0,0,0
11336,log_2544_1708943278.xes,0.0,na,[],0,0,0,0,no_drift,[0],[0],4196,0.1,419,1,0,1
11337,log_2544_1708943278.xes,0.0,na,[],0,0,0,0,sudden,[],[],4196,0.1,419,0,0,0
11338,log_2544_1708943278.xes,0.0,na,[],0,0,0,0,gradual_start,[],[],4196,0.1,419,0,0,0
11339,log_2544_1708943278.xes,0.0,na,[],0,0,0,0,gradual_end,[],[],4196,0.1,419,0,0,0
11340,log_2687_1708943276.xes,0.0,na,[],0,0,0,0,no_drift,[0],[0],4508,0.1,450,1,0,1
11341,log_2687_1708943276.xes,0.0,na,[],0,0,0,0,sudden,[],[],4508,0.1,450,0,0,0
11342,log_2687_1708943276.xes,0.0,na,[],0,0,0,0,gradual_start,[],[],4508,0.1,450,0,0,0
11343,log_2687_1708943276.xes,0.0,na,[],0,0,0,0,gradual_end,[],[],4508,0.1,450,0,0,0
11344,log_3155_1708943275.xes,0.6,na,"['gradual', 'sudden', 'sudden']",3,4,2,1,no_drift,[],[0],6415,0.1,641,0,1,0
11345,log_3155_1708943275.xes,0.6,na,"['gradual', 'sudden', 'sudden']",3,4,2,1,sudden,"[3595, 4877]",[],6415,0.1,641,0,0,2
11346,log_3155_1708943275.xes,0.6,na,"['gradual', 'sudden', 'sudden']",3,4,2,1,gradual_start,[1857],[],6415,0.1,641,0,0,1
11347,log_3155_1708943275.xes,0.6,na,"['gradual', 'sudden', 'sudden']",3,4,2,1,gradual_end,[2338],[],6415,0.1,641,0,0,1
11348,log_2166_1708943278.xes,0.3,na,[],0,0,0,0,no_drift,[0],[0],3894,0.1,389,1,0,1
11349,log_2166_1708943278.xes,0.3,na,[],0,0,0,0,sudden,[],[],3894,0.1,389,0,0,0
11350,log_2166_1708943278.xes,0.3,na,[],0,0,0,0,gradual_start,[],[],3894,0.1,389,0,0,0
11351,log_2166_1708943278.xes,0.3,na,[],0,0,0,0,gradual_end,[],[],3894,0.1,389,0,0,0
11352,log_3081_1708943279.xes,0.3,na,[],0,0,0,0,no_drift,[0],[0],5640,0.1,564,1,0,1
11353,log_3081_1708943279.xes,0.3,na,[],0,0,0,0,sudden,[],[],5640,0.1,564,0,0,0
11354,log_3081_1708943279.xes,0.3,na,[],0,0,0,0,gradual_start,[],[],5640,0.1,564,0,0,0
11355,log_3081_1708943279.xes,0.3,na,[],0,0,0,0,gradual_end,[],[],5640,0.1,564,0,0,0
11356,log_2861_1708943278.xes,0.0,na,"['sudden', 'gradual', 'sudden']",3,4,2,1,no_drift,[],[],6418,0.1,641,0,0,0
11357,log_2861_1708943278.xes,0.0,na,"['sudden', 'gradual', 'sudden']",3,4,2,1,sudden,"[1126, 4923]","[4897, 1121]",6418,0.1,641,2,0,2
11358,log_2861_1708943278.xes,0.0,na,"['sudden', 'gradual', 'sudden']",3,4,2,1,gradual_start,[2747],[],6418,0.1,641,0,0,1
11359,log_2861_1708943278.xes,0.0,na,"['sudden', 'gradual', 'sudden']",3,4,2,1,gradual_end,[3134],[],6418,0.1,641,0,0,1
11360,log_3016_1708943276.xes,0.6,na,"['sudden', 'gradual']",2,3,1,1,no_drift,[],[],4006,0.1,400,0,0,0
11361,log_3016_1708943276.xes,0.6,na,"['sudden', 'gradual']",2,3,1,1,sudden,[1237],[],4006,0.1,400,0,0,1
11362,log_3016_1708943276.xes,0.6,na,"['sudden', 'gradual']",2,3,1,1,gradual_start,[2484],[2421],4006,0.1,400,1,0,1
11363,log_3016_1708943276.xes,0.6,na,"['sudden', 'gradual']",2,3,1,1,gradual_end,[2896],[2921],4006,0.1,400,1,0,1
11364,log_2733_1708943281.xes,0.0,na,[],0,0,0,0,no_drift,[0],[0],1320,0.1,132,1,0,1
11365,log_2733_1708943281.xes,0.0,na,[],0,0,0,0,sudden,[],[],1320,0.1,132,0,0,0
11366,log_2733_1708943281.xes,0.0,na,[],0,0,0,0,gradual_start,[],[],1320,0.1,132,0,0,0
11367,log_2733_1708943281.xes,0.0,na,[],0,0,0,0,gradual_end,[],[],1320,0.1,132,0,0,0
11368,log_2901_1708943281.xes,0.0,na,"['gradual', 'sudden']",2,3,1,1,no_drift,[],[],4135,0.1,413,0,0,0
11369,log_2901_1708943281.xes,0.0,na,"['gradual', 'sudden']",2,3,1,1,sudden,[2987],[],4135,0.1,413,0,0,1
11370,log_2901_1708943281.xes,0.0,na,"['gradual', 'sudden']",2,3,1,1,gradual_start,[1533],[1541],4135,0.1,413,1,0,1
11371,log_2901_1708943281.xes,0.0,na,"['gradual', 'sudden']",2,3,1,1,gradual_end,[1910],[1901],4135,0.1,413,1,0,1
11372,log_2844_1708943282.xes,0.0,na,[],0,0,0,0,no_drift,[0],[0],1419,0.1,141,1,0,1
11373,log_2844_1708943282.xes,0.0,na,[],0,0,0,0,sudden,[],[],1419,0.1,141,0,0,0
11374,log_2844_1708943282.xes,0.0,na,[],0,0,0,0,gradual_start,[],[],1419,0.1,141,0,0,0
11375,log_2844_1708943282.xes,0.0,na,[],0,0,0,0,gradual_end,[],[],1419,0.1,141,0,0,0
11376,log_2975_1708943278.xes,0.3,na,"['sudden', 'gradual', 'sudden']",3,4,2,1,no_drift,[],[],6047,0.1,604,0,0,0
11377,log_2975_1708943278.xes,0.3,na,"['sudden', 'gradual', 'sudden']",3,4,2,1,sudden,"[1549, 5038]","[5011, 1531]",6047,0.1,604,2,0,2
11378,log_2975_1708943278.xes,0.3,na,"['sudden', 'gradual', 'sudden']",3,4,2,1,gradual_start,[3345],[3331],6047,0.1,604,1,0,1
11379,log_2975_1708943278.xes,0.3,na,"['sudden', 'gradual', 'sudden']",3,4,2,1,gradual_end,[3896],[3871],6047,0.1,604,1,0,1
11380,log_2654_1708943280.xes,0.3,na,[],0,0,0,0,no_drift,[0],[0],4767,0.1,476,1,0,1
11381,log_2654_1708943280.xes,0.3,na,[],0,0,0,0,sudden,[],[],4767,0.1,476,0,0,0
11382,log_2654_1708943280.xes,0.3,na,[],0,0,0,0,gradual_start,[],[],4767,0.1,476,0,0,0
11383,log_2654_1708943280.xes,0.3,na,[],0,0,0,0,gradual_end,[],[],4767,0.1,476,0,0,0
11384,log_2429_1708943284.xes,0.0,na,[],0,0,0,0,no_drift,[0],[0],1709,0.1,170,1,0,1
11385,log_2429_1708943284.xes,0.0,na,[],0,0,0,0,sudden,[],[],1709,0.1,170,0,0,0
11386,log_2429_1708943284.xes,0.0,na,[],0,0,0,0,gradual_start,[],[],1709,0.1,170,0,0,0
11387,log_2429_1708943284.xes,0.0,na,[],0,0,0,0,gradual_end,[],[],1709,0.1,170,0,0,0
11388,log_2806_1708943279.xes,0.3,na,"['sudden', 'sudden', 'sudden']",3,3,3,0,no_drift,[],[],5993,0.1,599,0,0,0
11389,log_2806_1708943279.xes,0.3,na,"['sudden', 'sudden', 'sudden']",3,3,3,0,sudden,"[1035, 2283, 4169]","[2263, 1016]",5993,0.1,599,2,0,3
11390,log_2806_1708943279.xes,0.3,na,"['sudden', 'sudden', 'sudden']",3,3,3,0,gradual_start,[],[],5993,0.1,599,0,0,0
11391,log_2806_1708943279.xes,0.3,na,"['sudden', 'sudden', 'sudden']",3,3,3,0,gradual_end,[],[],5993,0.1,599,0,0,0
11392,log_2202_1708943277.xes,0.3,na,['gradual'],1,2,0,1,no_drift,[],[],4026,0.1,402,0,0,0
11393,log_2202_1708943277.xes,0.3,na,['gradual'],1,2,0,1,sudden,[],[],4026,0.1,402,0,0,0
11394,log_2202_1708943277.xes,0.3,na,['gradual'],1,2,0,1,gradual_start,[1861],[1841],4026,0.1,402,1,0,1
11395,log_2202_1708943277.xes,0.3,na,['gradual'],1,2,0,1,gradual_end,[2257],[2261],4026,0.1,402,1,0,1
11396,log_3017_1708943282.xes,0.6,na,['gradual'],1,2,0,1,no_drift,[],[],3754,0.1,375,0,0,0
11397,log_3017_1708943282.xes,0.6,na,['gradual'],1,2,0,1,sudden,[],[],3754,0.1,375,0,0,0
11398,log_3017_1708943282.xes,0.6,na,['gradual'],1,2,0,1,gradual_start,[1650],[1657],3754,0.1,375,1,0,1
11399,log_3017_1708943282.xes,0.6,na,['gradual'],1,2,0,1,gradual_end,[2054],[2071],3754,0.1,375,1,0,1
11400,log_2807_1708943284.xes,0.3,na,['sudden'],1,1,1,0,no_drift,[],[],2215,0.1,221,0,0,0
11401,log_2807_1708943284.xes,0.3,na,['sudden'],1,1,1,0,sudden,[1211],[1200],2215,0.1,221,1,0,1
11402,log_2807_1708943284.xes,0.3,na,['sudden'],1,1,1,0,gradual_start,[],[],2215,0.1,221,0,0,0
11403,log_2807_1708943284.xes,0.3,na,['sudden'],1,1,1,0,gradual_end,[],[],2215,0.1,221,0,0,0
11404,log_3119_1708943278.xes,0.6,na,"['sudden', 'gradual', 'gradual']",3,5,1,2,no_drift,[],[],6436,0.1,643,0,0,0
11405,log_3119_1708943278.xes,0.6,na,"['sudden', 'gradual', 'gradual']",3,5,1,2,sudden,[1404],[1377],6436,0.1,643,1,0,1
11406,log_3119_1708943278.xes,0.6,na,"['sudden', 'gradual', 'gradual']",3,5,1,2,gradual_start,"[2437, 4506]",[],6436,0.1,643,0,0,2
11407,log_3119_1708943278.xes,0.6,na,"['sudden', 'gradual', 'gradual']",3,5,1,2,gradual_end,"[2973, 4922]",[],6436,0.1,643,0,0,2
11408,log_3083_1708943284.xes,0.3,na,"['sudden', 'sudden']",2,2,2,0,no_drift,[],[],4662,0.1,466,0,0,0
11409,log_3083_1708943284.xes,0.3,na,"['sudden', 'sudden']",2,2,2,0,sudden,"[1635, 2808]",[2807],4662,0.1,466,1,0,2
11410,log_3083_1708943284.xes,0.3,na,"['sudden', 'sudden']",2,2,2,0,gradual_start,[],[],4662,0.1,466,0,0,0
11411,log_3083_1708943284.xes,0.3,na,"['sudden', 'sudden']",2,2,2,0,gradual_end,[],[],4662,0.1,466,0,0,0
11412,log_2545_1708943280.xes,0.6,na,"['sudden', 'sudden', 'sudden']",3,3,3,0,no_drift,[],[],5795,0.1,579,0,0,0
11413,log_2545_1708943280.xes,0.6,na,"['sudden', 'sudden', 'sudden']",3,3,3,0,sudden,"[1311, 3195, 4794]","[3165, 1289]",5795,0.1,579,2,0,3
11414,log_2545_1708943280.xes,0.6,na,"['sudden', 'sudden', 'sudden']",3,3,3,0,gradual_start,[],[],5795,0.1,579,0,0,0
11415,log_2545_1708943280.xes,0.6,na,"['sudden', 'sudden', 'sudden']",3,3,3,0,gradual_end,[],[],5795,0.1,579,0,0,0
11416,log_2581_1708943278.xes,0.6,na,"['gradual', 'sudden', 'gradual']",3,5,1,2,no_drift,[],[],6455,0.1,645,0,0,0
11417,log_2581_1708943278.xes,0.6,na,"['gradual', 'sudden', 'gradual']",3,5,1,2,sudden,[2949],[2913],6455,0.1,645,1,0,1
11418,log_2581_1708943278.xes,0.6,na,"['gradual', 'sudden', 'gradual']",3,5,1,2,gradual_start,"[1329, 4228]","[1345, 4225]",6455,0.1,645,2,0,2
11419,log_2581_1708943278.xes,0.6,na,"['gradual', 'sudden', 'gradual']",3,5,1,2,gradual_end,"[1745, 4557]","[1729, 4577]",6455,0.1,645,2,0,2
11420,log_3082_1708943282.xes,0.0,na,"['sudden', 'gradual']",2,3,1,1,no_drift,[],[],4550,0.1,455,0,0,0
11421,log_3082_1708943282.xes,0.0,na,"['sudden', 'gradual']",2,3,1,1,sudden,[1229],[1211],4550,0.1,455,1,0,1
11422,log_3082_1708943282.xes,0.0,na,"['sudden', 'gradual']",2,3,1,1,gradual_start,[2546],[2531],4550,0.1,455,1,0,1
11423,log_3082_1708943282.xes,0.0,na,"['sudden', 'gradual']",2,3,1,1,gradual_end,[2934],[2905],4550,0.1,455,1,0,1
11424,log_2428_1708943278.xes,0.3,na,"['sudden', 'sudden']",2,2,2,0,no_drift,[],[],4144,0.1,414,0,0,0
11425,log_2428_1708943278.xes,0.3,na,"['sudden', 'sudden']",2,2,2,0,sudden,"[1231, 2636]",[1221],4144,0.1,414,1,0,2
11426,log_2428_1708943278.xes,0.3,na,"['sudden', 'sudden']",2,2,2,0,gradual_start,[],[],4144,0.1,414,0,0,0
11427,log_2428_1708943278.xes,0.3,na,"['sudden', 'sudden']",2,2,2,0,gradual_end,[],[],4144,0.1,414,0,0,0
11428,log_2689_1708943283.xes,0.0,na,['gradual'],1,2,0,1,no_drift,[],[],3455,0.1,345,0,0,0
11429,log_2689_1708943283.xes,0.0,na,['gradual'],1,2,0,1,sudden,[],[],3455,0.1,345,0,0,0
11430,log_2689_1708943283.xes,0.0,na,['gradual'],1,2,0,1,gradual_start,[1128],[1123],3455,0.1,345,1,0,1
11431,log_2689_1708943283.xes,0.0,na,['gradual'],1,2,0,1,gradual_end,[1638],[1650],3455,0.1,345,1,0,1
11432,log_2356_1708943284.xes,0.6,na,['gradual'],1,2,0,1,no_drift,[],[0],2780,0.1,278,0,1,0
11433,log_2356_1708943284.xes,0.6,na,['gradual'],1,2,0,1,sudden,[],[],2780,0.1,278,0,0,0
11434,log_2356_1708943284.xes,0.6,na,['gradual'],1,2,0,1,gradual_start,[1310],[],2780,0.1,278,0,0,1
11435,log_2356_1708943284.xes,0.6,na,['gradual'],1,2,0,1,gradual_end,[1631],[],2780,0.1,278,0,0,1
11436,log_2655_1708943283.xes,0.3,na,['sudden'],1,1,1,0,no_drift,[],[],3198,0.1,319,0,0,0
11437,log_2655_1708943283.xes,0.3,na,['sudden'],1,1,1,0,sudden,[1878],[1861],3198,0.1,319,1,0,1
11438,log_2655_1708943283.xes,0.3,na,['sudden'],1,1,1,0,gradual_start,[],[],3198,0.1,319,0,0,0
11439,log_2655_1708943283.xes,0.3,na,['sudden'],1,1,1,0,gradual_end,[],[],3198,0.1,319,0,0,0
11440,log_2808_1708943286.xes,0.0,na,[],0,0,0,0,no_drift,[0],[0],1982,0.1,198,1,0,1
11441,log_2808_1708943286.xes,0.0,na,[],0,0,0,0,sudden,[],[],1982,0.1,198,0,0,0
11442,log_2808_1708943286.xes,0.0,na,[],0,0,0,0,gradual_start,[],[],1982,0.1,198,0,0,0
11443,log_2808_1708943286.xes,0.0,na,[],0,0,0,0,gradual_end,[],[],1982,0.1,198,0,0,0
11444,log_2845_1708943282.xes,0.6,na,[],0,0,0,0,no_drift,[0],[0],4400,0.1,440,1,0,1
11445,log_2845_1708943282.xes,0.6,na,[],0,0,0,0,sudden,[],[],4400,0.1,440,0,0,0
11446,log_2845_1708943282.xes,0.6,na,[],0,0,0,0,gradual_start,[],[],4400,0.1,440,0,0,0
11447,log_2845_1708943282.xes,0.6,na,[],0,0,0,0,gradual_end,[],[],4400,0.1,440,0,0,0
11448,log_2469_1708943281.xes,0.6,na,"['gradual', 'gradual']",2,4,0,2,no_drift,[],[],6235,0.1,623,0,0,0
11449,log_2469_1708943281.xes,0.6,na,"['gradual', 'gradual']",2,4,0,2,sudden,[],[],6235,0.1,623,0,0,0
11450,log_2469_1708943281.xes,0.6,na,"['gradual', 'gradual']",2,4,0,2,gradual_start,"[1852, 4086]","[4093, 1799]",6235,0.1,623,2,0,2
11451,log_2469_1708943281.xes,0.6,na,"['gradual', 'gradual']",2,4,0,2,gradual_end,"[2328, 4562]","[4527, 2357]",6235,0.1,623,2,0,2
11452,log_2862_1708943282.xes,0.3,na,"['sudden', 'sudden', 'sudden']",3,3,3,0,no_drift,[],[],6618,0.1,661,0,0,0
11453,log_2862_1708943282.xes,0.3,na,"['sudden', 'sudden', 'sudden']",3,3,3,0,sudden,"[1115, 2919, 4675]","[4621, 1057]",6618,0.1,661,2,0,3
11454,log_2862_1708943282.xes,0.3,na,"['sudden', 'sudden', 'sudden']",3,3,3,0,gradual_start,[],[],6618,0.1,661,0,0,0
11455,log_2862_1708943282.xes,0.3,na,"['sudden', 'sudden', 'sudden']",3,3,3,0,gradual_end,[],[],6618,0.1,661,0,0,0
11456,log_3018_1708943285.xes,0.0,na,[],0,0,0,0,no_drift,[0],[0],5112,0.1,511,1,0,1
11457,log_3018_1708943285.xes,0.0,na,[],0,0,0,0,sudden,[],[],5112,0.1,511,0,0,0
11458,log_3018_1708943285.xes,0.0,na,[],0,0,0,0,gradual_start,[],[],5112,0.1,511,0,0,0
11459,log_3018_1708943285.xes,0.0,na,[],0,0,0,0,gradual_end,[],[],5112,0.1,511,0,0,0
11460,log_2582_1708943285.xes,0.3,na,"['sudden', 'gradual']",2,3,1,1,no_drift,[],[],4890,0.1,489,0,0,0
11461,log_2582_1708943285.xes,0.3,na,"['sudden', 'gradual']",2,3,1,1,sudden,[1380],[1345],4890,0.1,489,1,0,1
11462,log_2582_1708943285.xes,0.3,na,"['sudden', 'gradual']",2,3,1,1,gradual_start,[2979],[],4890,0.1,489,0,0,1
11463,log_2582_1708943285.xes,0.3,na,"['sudden', 'gradual']",2,3,1,1,gradual_end,[3386],[],4890,0.1,489,0,0,1
11464,log_2355_1708943275.xes,0.6,na,"['gradual', 'sudden', 'gradual']",3,5,1,2,no_drift,[],[],7686,0.1,768,0,0,0
11465,log_2355_1708943275.xes,0.6,na,"['gradual', 'sudden', 'gradual']",3,5,1,2,sudden,[4036],[],7686,0.1,768,0,0,1
11466,log_2355_1708943275.xes,0.6,na,"['gradual', 'sudden', 'gradual']",3,5,1,2,gradual_start,"[1678, 5455]",[5473],7686,0.1,768,1,0,2
11467,log_2355_1708943275.xes,0.6,na,"['gradual', 'sudden', 'gradual']",3,5,1,2,gradual_end,"[2277, 5816]",[5815],7686,0.1,768,1,0,2
11468,log_2763_1708943282.xes,0.3,na,"['sudden', 'gradual', 'gradual']",3,5,1,2,no_drift,[],[],5788,0.1,578,0,0,0
11469,log_2763_1708943282.xes,0.3,na,"['sudden', 'gradual', 'gradual']",3,5,1,2,sudden,[1301],[],5788,0.1,578,0,0,1
11470,log_2763_1708943282.xes,0.3,na,"['sudden', 'gradual', 'gradual']",3,5,1,2,gradual_start,"[2524, 4041]",[2521],5788,0.1,578,1,0,2
11471,log_2763_1708943282.xes,0.3,na,"['sudden', 'gradual', 'gradual']",3,5,1,2,gradual_end,"[2843, 4451]",[2857],5788,0.1,578,1,0,2
11472,log_2764_1708943288.xes,0.6,na,['sudden'],1,1,1,0,no_drift,[],[],2979,0.1,297,0,0,0
11473,log_2764_1708943288.xes,0.6,na,['sudden'],1,1,1,0,sudden,[1697],[1681],2979,0.1,297,1,0,1
11474,log_2764_1708943288.xes,0.6,na,['sudden'],1,1,1,0,gradual_start,[],[],2979,0.1,297,0,0,0
11475,log_2764_1708943288.xes,0.6,na,['sudden'],1,1,1,0,gradual_end,[],[],2979,0.1,297,0,0,0
11476,log_2734_1708943282.xes,0.6,na,"['sudden', 'gradual', 'sudden']",3,4,2,1,no_drift,[],[],5560,0.1,556,0,0,0
11477,log_2734_1708943282.xes,0.6,na,"['sudden', 'gradual', 'sudden']",3,4,2,1,sudden,"[1096, 4264]",[4267],5560,0.1,556,1,0,2
11478,log_2734_1708943282.xes,0.6,na,"['sudden', 'gradual', 'sudden']",3,4,2,1,gradual_start,[2835],[],5560,0.1,556,0,0,1
11479,log_2734_1708943282.xes,0.6,na,"['sudden', 'gradual', 'sudden']",3,4,2,1,gradual_end,[3263],[],5560,0.1,556,0,0,1
11480,log_2902_1708943284.xes,0.6,na,[],0,0,0,0,no_drift,[0],[0],4076,0.1,407,1,0,1
11481,log_2902_1708943284.xes,0.6,na,[],0,0,0,0,sudden,[],[],4076,0.1,407,0,0,0
11482,log_2902_1708943284.xes,0.6,na,[],0,0,0,0,gradual_start,[],[],4076,0.1,407,0,0,0
11483,log_2902_1708943284.xes,0.6,na,[],0,0,0,0,gradual_end,[],[],4076,0.1,407,0,0,0
11484,log_3046_1708943280.xes,0.0,na,"['sudden', 'sudden']",2,2,2,0,no_drift,[],[],4990,0.1,499,0,0,0
11485,log_3046_1708943280.xes,0.0,na,"['sudden', 'sudden']",2,2,2,0,sudden,"[1192, 3094]",[3073],4990,0.1,499,1,0,2
11486,log_3046_1708943280.xes,0.0,na,"['sudden', 'sudden']",2,2,2,0,gradual_start,[],[],4990,0.1,499,0,0,0
11487,log_3046_1708943280.xes,0.0,na,"['sudden', 'sudden']",2,2,2,0,gradual_end,[],[],4990,0.1,499,0,0,0
11488,log_2863_1708943288.xes,0.6,na,['sudden'],1,1,1,0,no_drift,[],[],2271,0.1,227,0,0,0
11489,log_2863_1708943288.xes,0.6,na,['sudden'],1,1,1,0,sudden,[1244],[1244],2271,0.1,227,1,0,1
11490,log_2863_1708943288.xes,0.6,na,['sudden'],1,1,1,0,gradual_start,[],[],2271,0.1,227,0,0,0
11491,log_2863_1708943288.xes,0.6,na,['sudden'],1,1,1,0,gradual_end,[],[],2271,0.1,227,0,0,0
11492,log_2470_1708943289.xes,0.6,na,[],0,0,0,0,no_drift,[0],[0],2868,0.1,286,1,0,1
11493,log_2470_1708943289.xes,0.6,na,[],0,0,0,0,sudden,[],[],2868,0.1,286,0,0,0
11494,log_2470_1708943289.xes,0.6,na,[],0,0,0,0,gradual_start,[],[],2868,0.1,286,0,0,0
11495,log_2470_1708943289.xes,0.6,na,[],0,0,0,0,gradual_end,[],[],2868,0.1,286,0,0,0
11496,log_3193_1708943282.xes,0.0,na,"['gradual', 'gradual']",2,4,0,2,no_drift,[],[0],5306,0.1,530,0,1,0
11497,log_3193_1708943282.xes,0.0,na,"['gradual', 'gradual']",2,4,0,2,sudden,[],[],5306,0.1,530,0,0,0
11498,log_3193_1708943282.xes,0.0,na,"['gradual', 'gradual']",2,4,0,2,gradual_start,"[1970, 3901]",[],5306,0.1,530,0,0,2
11499,log_3193_1708943282.xes,0.0,na,"['gradual', 'gradual']",2,4,0,2,gradual_end,"[2423, 4280]",[],5306,0.1,530,0,0,2
11500,log_3121_1708943290.xes,0.6,na,['sudden'],1,1,1,0,no_drift,[],[],2861,0.1,286,0,0,0
11501,log_3121_1708943290.xes,0.6,na,['sudden'],1,1,1,0,sudden,[1043],[1023],2861,0.1,286,1,0,1
11502,log_3121_1708943290.xes,0.6,na,['sudden'],1,1,1,0,gradual_start,[],[],2861,0.1,286,0,0,0
11503,log_3121_1708943290.xes,0.6,na,['sudden'],1,1,1,0,gradual_end,[],[],2861,0.1,286,0,0,0
11504,log_2937_1708943278.xes,0.3,na,"['sudden', 'sudden', 'sudden']",3,3,3,0,no_drift,[],[],5633,0.1,563,0,0,0
11505,log_2937_1708943278.xes,0.3,na,"['sudden', 'sudden', 'sudden']",3,3,3,0,sudden,"[1315, 2663, 4533]","[4481, 2633]",5633,0.1,563,2,0,3
11506,log_2937_1708943278.xes,0.3,na,"['sudden', 'sudden', 'sudden']",3,3,3,0,gradual_start,[],[],5633,0.1,563,0,0,0
11507,log_2937_1708943278.xes,0.3,na,"['sudden', 'sudden', 'sudden']",3,3,3,0,gradual_end,[],[],5633,0.1,563,0,0,0
11508,log_2809_1708943287.xes,0.0,na,[],0,0,0,0,no_drift,[0],[0],7288,0.1,728,1,0,1
11509,log_2809_1708943287.xes,0.0,na,[],0,0,0,0,sudden,[],[],7288,0.1,728,0,0,0
11510,log_2809_1708943287.xes,0.0,na,[],0,0,0,0,gradual_start,[],[],7288,0.1,728,0,0,0
11511,log_2809_1708943287.xes,0.0,na,[],0,0,0,0,gradual_end,[],[],7288,0.1,728,0,0,0
11512,log_2765_1708943290.xes,0.3,na,['sudden'],1,1,1,0,no_drift,[],[],2605,0.1,260,0,0,0
11513,log_2765_1708943290.xes,0.3,na,['sudden'],1,1,1,0,sudden,[1547],[1548],2605,0.1,260,1,0,1
11514,log_2765_1708943290.xes,0.3,na,['sudden'],1,1,1,0,gradual_start,[],[],2605,0.1,260,0,0,0
11515,log_2765_1708943290.xes,0.3,na,['sudden'],1,1,1,0,gradual_end,[],[],2605,0.1,260,0,0,0
11516,log_3120_1708943284.xes,0.6,na,"['gradual', 'gradual', 'sudden']",3,5,1,2,no_drift,[],[],6276,0.1,627,0,0,0
11517,log_3120_1708943284.xes,0.6,na,"['gradual', 'gradual', 'sudden']",3,5,1,2,sudden,[4852],[4837],6276,0.1,627,1,0,1
11518,log_3120_1708943284.xes,0.6,na,"['gradual', 'gradual', 'sudden']",3,5,1,2,gradual_start,"[1058, 3077]",[3070],6276,0.1,627,1,0,2
11519,log_3120_1708943284.xes,0.6,na,"['gradual', 'gradual', 'sudden']",3,5,1,2,gradual_end,"[1639, 3382]",[3380],6276,0.1,627,1,0,2
11520,log_3084_1708943287.xes,0.3,na,[],0,0,0,0,no_drift,[0],[0],4179,0.1,417,1,0,1
11521,log_3084_1708943287.xes,0.3,na,[],0,0,0,0,sudden,[],[],4179,0.1,417,0,0,0
11522,log_3084_1708943287.xes,0.3,na,[],0,0,0,0,gradual_start,[],[],4179,0.1,417,0,0,0
11523,log_3084_1708943287.xes,0.3,na,[],0,0,0,0,gradual_end,[],[],4179,0.1,417,0,0,0
11524,log_2430_1708943286.xes,0.0,na,"['gradual', 'sudden', 'gradual']",3,5,1,2,no_drift,[],[],6287,0.1,628,0,0,0
11525,log_2430_1708943286.xes,0.0,na,"['gradual', 'sudden', 'gradual']",3,5,1,2,sudden,[3118],[3101],6287,0.1,628,1,0,1
11526,log_2430_1708943286.xes,0.0,na,"['gradual', 'sudden', 'gradual']",3,5,1,2,gradual_start,"[1448, 4367]","[1427, 4341]",6287,0.1,628,2,0,2
11527,log_2430_1708943286.xes,0.0,na,"['gradual', 'sudden', 'gradual']",3,5,1,2,gradual_end,"[1768, 4713]","[1737, 4713]",6287,0.1,628,2,0,2
11528,log_2203_1708943283.xes,0.6,na,"['gradual', 'sudden']",2,3,1,1,no_drift,[],[],4791,0.1,479,0,0,0
11529,log_2203_1708943283.xes,0.6,na,"['gradual', 'sudden']",2,3,1,1,sudden,[3665],[3635],4791,0.1,479,1,0,1
11530,log_2203_1708943283.xes,0.6,na,"['gradual', 'sudden']",2,3,1,1,gradual_start,[1787],[],4791,0.1,479,0,0,1
11531,log_2203_1708943283.xes,0.6,na,"['gradual', 'sudden']",2,3,1,1,gradual_end,[2153],[],4791,0.1,479,0,0,1
11532,log_2656_1708943287.xes,0.0,na,"['sudden', 'sudden']",2,2,2,0,no_drift,[],[],4940,0.1,494,0,0,0
11533,log_2656_1708943287.xes,0.0,na,"['sudden', 'sudden']",2,2,2,0,sudden,"[1844, 3570]","[1801, 3529]",4940,0.1,494,2,0,2
11534,log_2656_1708943287.xes,0.0,na,"['sudden', 'sudden']",2,2,2,0,gradual_start,[],[],4940,0.1,494,0,0,0
11535,log_2656_1708943287.xes,0.0,na,"['sudden', 'sudden']",2,2,2,0,gradual_end,[],[],4940,0.1,494,0,0,0
11536,log_2903_1708943289.xes,0.0,na,['gradual'],1,2,0,1,no_drift,[],[],3333,0.1,333,0,0,0
11537,log_2903_1708943289.xes,0.0,na,['gradual'],1,2,0,1,sudden,[],[],3333,0.1,333,0,0,0
11538,log_2903_1708943289.xes,0.0,na,['gradual'],1,2,0,1,gradual_start,[1406],[1377],3333,0.1,333,1,0,1
11539,log_2903_1708943289.xes,0.0,na,['gradual'],1,2,0,1,gradual_end,[1821],[1793],3333,0.1,333,1,0,1
11540,log_2864_1708943290.xes,0.0,na,['gradual'],1,2,0,1,no_drift,[],[],3805,0.1,380,0,0,0
11541,log_2864_1708943290.xes,0.0,na,['gradual'],1,2,0,1,sudden,[],[],3805,0.1,380,0,0,0
11542,log_2864_1708943290.xes,0.0,na,['gradual'],1,2,0,1,gradual_start,[1633],[1654],3805,0.1,380,1,0,1
11543,log_2864_1708943290.xes,0.0,na,['gradual'],1,2,0,1,gradual_end,[2195],[2205],3805,0.1,380,1,0,1
11544,log_2546_1708943286.xes,0.0,na,"['gradual', 'gradual']",2,4,0,2,no_drift,[],[],4623,0.1,462,0,0,0
11545,log_2546_1708943286.xes,0.0,na,"['gradual', 'gradual']",2,4,0,2,sudden,[],[],4623,0.1,462,0,0,0
11546,log_2546_1708943286.xes,0.0,na,"['gradual', 'gradual']",2,4,0,2,gradual_start,"[1353, 3179]",[1358],4623,0.1,462,1,0,2
11547,log_2546_1708943286.xes,0.0,na,"['gradual', 'gradual']",2,4,0,2,gradual_end,"[1859, 3551]",[1841],4623,0.1,462,1,0,2
11548,log_2204_1708943291.xes,0.0,na,['sudden'],1,1,1,0,no_drift,[],[],3217,0.1,321,0,0,0
11549,log_2204_1708943291.xes,0.0,na,['sudden'],1,1,1,0,sudden,[1277],[1265],3217,0.1,321,1,0,1
11550,log_2204_1708943291.xes,0.0,na,['sudden'],1,1,1,0,gradual_start,[],[],3217,0.1,321,0,0,0
11551,log_2204_1708943291.xes,0.0,na,['sudden'],1,1,1,0,gradual_end,[],[],3217,0.1,321,0,0,0
11552,log_2583_1708943288.xes,0.0,na,"['gradual', 'gradual']",2,4,0,2,no_drift,[],[],5043,0.1,504,0,0,0
11553,log_2583_1708943288.xes,0.0,na,"['gradual', 'gradual']",2,4,0,2,sudden,[],[],5043,0.1,504,0,0,0
11554,log_2583_1708943288.xes,0.0,na,"['gradual', 'gradual']",2,4,0,2,gradual_start,"[1046, 2830]",[1026],5043,0.1,504,1,0,2
11555,log_2583_1708943288.xes,0.0,na,"['gradual', 'gradual']",2,4,0,2,gradual_end,"[1552, 3211]",[1526],5043,0.1,504,1,0,2
11556,log_3085_1708943291.xes,0.0,na,[],0,0,0,0,no_drift,[0],[0],3054,0.1,305,1,0,1
11557,log_3085_1708943291.xes,0.0,na,[],0,0,0,0,sudden,[],[],3054,0.1,305,0,0,0
11558,log_3085_1708943291.xes,0.0,na,[],0,0,0,0,gradual_start,[],[],3054,0.1,305,0,0,0
11559,log_3085_1708943291.xes,0.0,na,[],0,0,0,0,gradual_end,[],[],3054,0.1,305,0,0,0
11560,log_3194_1708943289.xes,0.0,na,"['sudden', 'gradual']",2,3,1,1,no_drift,[],[],5278,0.1,527,0,0,0
11561,log_3194_1708943289.xes,0.0,na,"['sudden', 'gradual']",2,3,1,1,sudden,[1699],[1691],5278,0.1,527,1,0,1
11562,log_3194_1708943289.xes,0.0,na,"['sudden', 'gradual']",2,3,1,1,gradual_start,[3549],[3537],5278,0.1,527,1,0,1
11563,log_3194_1708943289.xes,0.0,na,"['sudden', 'gradual']",2,3,1,1,gradual_end,[4010],[4005],5278,0.1,527,1,0,1
11564,log_2735_1708943290.xes,0.3,na,"['gradual', 'gradual']",2,4,0,2,no_drift,[],[],5361,0.1,536,0,0,0
11565,log_2735_1708943290.xes,0.3,na,"['gradual', 'gradual']",2,4,0,2,sudden,[],[],5361,0.1,536,0,0,0
11566,log_2735_1708943290.xes,0.3,na,"['gradual', 'gradual']",2,4,0,2,gradual_start,"[1360, 3255]",[3225],5361,0.1,536,1,0,2
11567,log_2735_1708943290.xes,0.3,na,"['gradual', 'gradual']",2,4,0,2,gradual_end,"[1855, 3823]",[3875],5361,0.1,536,1,0,2
11568,log_3156_1708943282.xes,0.3,na,"['gradual', 'gradual']",2,4,0,2,no_drift,[],[],4838,0.1,483,0,0,0
11569,log_3156_1708943282.xes,0.3,na,"['gradual', 'gradual']",2,4,0,2,sudden,[],[],4838,0.1,483,0,0,0
11570,log_3156_1708943282.xes,0.3,na,"['gradual', 'gradual']",2,4,0,2,gradual_start,"[1429, 3074]",[1417],4838,0.1,483,1,0,2
11571,log_3156_1708943282.xes,0.3,na,"['gradual', 'gradual']",2,4,0,2,gradual_end,"[1889, 3552]",[1897],4838,0.1,483,1,0,2
11572,log_3122_1708943293.xes,0.0,na,"['sudden', 'gradual']",2,3,1,1,no_drift,[],[],4306,0.1,430,0,0,0
11573,log_3122_1708943293.xes,0.0,na,"['sudden', 'gradual']",2,3,1,1,sudden,[1633],[1618],4306,0.1,430,1,0,1
11574,log_3122_1708943293.xes,0.0,na,"['sudden', 'gradual']",2,3,1,1,gradual_start,[2889],[2878],4306,0.1,430,1,0,1
11575,log_3122_1708943293.xes,0.0,na,"['sudden', 'gradual']",2,3,1,1,gradual_end,[3293],[3277],4306,0.1,430,1,0,1
11576,log_2938_1708943290.xes,0.6,na,['sudden'],1,1,1,0,no_drift,[],[],3629,0.1,362,0,0,0
11577,log_2938_1708943290.xes,0.6,na,['sudden'],1,1,1,0,sudden,[1749],[1729],3629,0.1,362,1,0,1
11578,log_2938_1708943290.xes,0.6,na,['sudden'],1,1,1,0,gradual_start,[],[],3629,0.1,362,0,0,0
11579,log_2938_1708943290.xes,0.6,na,['sudden'],1,1,1,0,gradual_end,[],[],3629,0.1,362,0,0,0
11580,log_2865_1708943293.xes,0.0,na,['sudden'],1,1,1,0,no_drift,[],[0],2162,0.1,216,0,1,0
11581,log_2865_1708943293.xes,0.0,na,['sudden'],1,1,1,0,sudden,[1025],[],2162,0.1,216,0,0,1
11582,log_2865_1708943293.xes,0.0,na,['sudden'],1,1,1,0,gradual_start,[],[],2162,0.1,216,0,0,0
11583,log_2865_1708943293.xes,0.0,na,['sudden'],1,1,1,0,gradual_end,[],[],2162,0.1,216,0,0,0
11584,log_2507_1708943281.xes,0.6,na,"['gradual', 'gradual']",2,4,0,2,no_drift,[],[0],5151,0.1,515,0,1,0
11585,log_2507_1708943281.xes,0.6,na,"['gradual', 'gradual']",2,4,0,2,sudden,[],[],5151,0.1,515,0,0,0
11586,log_2507_1708943281.xes,0.6,na,"['gradual', 'gradual']",2,4,0,2,gradual_start,"[1364, 3210]",[],5151,0.1,515,0,0,2
11587,log_2507_1708943281.xes,0.6,na,"['gradual', 'gradual']",2,4,0,2,gradual_end,"[1760, 3516]",[],5151,0.1,515,0,0,2
11588,log_3345_1708943293.xes,0.3,na,[],0,0,0,0,no_drift,[0],[0],3820,0.1,382,1,0,1
11589,log_3345_1708943293.xes,0.3,na,[],0,0,0,0,sudden,[],[],3820,0.1,382,0,0,0
11590,log_3345_1708943293.xes,0.3,na,[],0,0,0,0,gradual_start,[],[],3820,0.1,382,0,0,0
11591,log_3345_1708943293.xes,0.3,na,[],0,0,0,0,gradual_end,[],[],3820,0.1,382,0,0,0
11592,log_2314_1708943279.xes,0.6,na,['gradual'],1,2,0,1,no_drift,[],[],3544,0.1,354,0,0,0
11593,log_2314_1708943279.xes,0.6,na,['gradual'],1,2,0,1,sudden,[],[],3544,0.1,354,0,0,0
11594,log_2314_1708943279.xes,0.6,na,['gradual'],1,2,0,1,gradual_start,[1962],[1922],3544,0.1,354,1,0,1
11595,log_2314_1708943279.xes,0.6,na,['gradual'],1,2,0,1,gradual_end,[2417],[2449],3544,0.1,354,1,0,1
11596,log_2810_1708943291.xes,0.0,na,"['sudden', 'sudden']",2,2,2,0,no_drift,[],[],5431,0.1,543,0,0,0
11597,log_2810_1708943291.xes,0.0,na,"['sudden', 'sudden']",2,2,2,0,sudden,"[1858, 3727]",[3700],5431,0.1,543,1,0,2
11598,log_2810_1708943291.xes,0.0,na,"['sudden', 'sudden']",2,2,2,0,gradual_start,[],[],5431,0.1,543,0,0,0
11599,log_2810_1708943291.xes,0.0,na,"['sudden', 'sudden']",2,2,2,0,gradual_end,[],[],5431,0.1,543,0,0,0
11600,log_3269_1708943290.xes,0.0,na,"['gradual', 'sudden']",2,3,1,1,no_drift,[],[],3809,0.1,380,0,0,0
11601,log_3269_1708943290.xes,0.0,na,"['gradual', 'sudden']",2,3,1,1,sudden,[2460],[2452],3809,0.1,380,1,0,1
11602,log_3269_1708943290.xes,0.0,na,"['gradual', 'sudden']",2,3,1,1,gradual_start,[1004],[],3809,0.1,380,0,0,1
11603,log_3269_1708943290.xes,0.0,na,"['gradual', 'sudden']",2,3,1,1,gradual_end,[1392],[],3809,0.1,380,0,0,1
11604,log_2690_1708943286.xes,0.3,na,"['gradual', 'sudden']",2,3,1,1,no_drift,[],[],5452,0.1,545,0,0,0
11605,log_2690_1708943286.xes,0.3,na,"['gradual', 'sudden']",2,3,1,1,sudden,[3657],[3619],5452,0.1,545,1,0,1
11606,log_2690_1708943286.xes,0.3,na,"['gradual', 'sudden']",2,3,1,1,gradual_start,[1364],[],5452,0.1,545,0,0,1
11607,log_2690_1708943286.xes,0.3,na,"['gradual', 'sudden']",2,3,1,1,gradual_end,[1752],[],5452,0.1,545,0,0,1
11608,log_2618_1708943273.xes,0.6,na,"['sudden', 'gradual']",2,3,1,1,no_drift,[],[],5904,0.1,590,0,0,0
11609,log_2618_1708943273.xes,0.6,na,"['sudden', 'gradual']",2,3,1,1,sudden,[1677],[],5904,0.1,590,0,0,1
11610,log_2618_1708943273.xes,0.6,na,"['sudden', 'gradual']",2,3,1,1,gradual_start,[3598],[3568],5904,0.1,590,1,0,1
11611,log_2618_1708943273.xes,0.6,na,"['sudden', 'gradual']",2,3,1,1,gradual_end,[4011],[4003],5904,0.1,590,1,0,1
11612,log_2976_1708943282.xes,0.6,na,"['gradual', 'gradual']",2,4,0,2,no_drift,[],[],4652,0.1,465,0,0,0
11613,log_2976_1708943282.xes,0.6,na,"['gradual', 'gradual']",2,4,0,2,sudden,[],[],4652,0.1,465,0,0,0
11614,log_2976_1708943282.xes,0.6,na,"['gradual', 'gradual']",2,4,0,2,gradual_start,"[1227, 3065]","[1243, 3060]",4652,0.1,465,2,0,2
11615,log_2976_1708943282.xes,0.6,na,"['gradual', 'gradual']",2,4,0,2,gradual_end,"[1804, 3491]","[1749, 3497]",4652,0.1,465,2,0,2
11616,log_3195_1708943293.xes,0.0,na,[],0,0,0,0,no_drift,[0],[0],3351,0.1,335,1,0,1
11617,log_3195_1708943293.xes,0.0,na,[],0,0,0,0,sudden,[],[],3351,0.1,335,0,0,0
11618,log_3195_1708943293.xes,0.0,na,[],0,0,0,0,gradual_start,[],[],3351,0.1,335,0,0,0
11619,log_3195_1708943293.xes,0.0,na,[],0,0,0,0,gradual_end,[],[],3351,0.1,335,0,0,0
11620,log_2620_1708943297.xes,0.0,na,[],0,0,0,0,no_drift,[0],[0],1513,0.1,151,1,0,1
11621,log_2620_1708943297.xes,0.0,na,[],0,0,0,0,sudden,[],[],1513,0.1,151,0,0,0
11622,log_2620_1708943297.xes,0.0,na,[],0,0,0,0,gradual_start,[],[],1513,0.1,151,0,0,0
11623,log_2620_1708943297.xes,0.0,na,[],0,0,0,0,gradual_end,[],[],1513,0.1,151,0,0,0
11624,log_2866_1708943294.xes,0.3,na,"['sudden', 'sudden', 'sudden']",3,3,3,0,no_drift,[],[0],5824,0.1,582,0,1,0
11625,log_2866_1708943294.xes,0.3,na,"['sudden', 'sudden', 'sudden']",3,3,3,0,sudden,"[1350, 2554, 4115]",[],5824,0.1,582,0,0,3
11626,log_2866_1708943294.xes,0.3,na,"['sudden', 'sudden', 'sudden']",3,3,3,0,gradual_start,[],[],5824,0.1,582,0,0,0
11627,log_2866_1708943294.xes,0.3,na,"['sudden', 'sudden', 'sudden']",3,3,3,0,gradual_end,[],[],5824,0.1,582,0,0,0
11628,log_2846_1708943287.xes,0.0,na,"['gradual', 'sudden']",2,3,1,1,no_drift,[],[],4501,0.1,450,0,0,0
11629,log_2846_1708943287.xes,0.0,na,"['gradual', 'sudden']",2,3,1,1,sudden,[2680],[2663],4501,0.1,450,1,0,1
11630,log_2846_1708943287.xes,0.0,na,"['gradual', 'sudden']",2,3,1,1,gradual_start,[1230],[],4501,0.1,450,0,0,1
11631,log_2846_1708943287.xes,0.0,na,"['gradual', 'sudden']",2,3,1,1,gradual_end,[1652],[],4501,0.1,450,0,0,1
11632,log_3086_1708943294.xes,0.0,na,"['sudden', 'gradual']",2,3,1,1,no_drift,[],[0],4984,0.1,498,0,1,0
11633,log_3086_1708943294.xes,0.0,na,"['sudden', 'gradual']",2,3,1,1,sudden,[1123],[],4984,0.1,498,0,0,1
11634,log_3086_1708943294.xes,0.0,na,"['sudden', 'gradual']",2,3,1,1,gradual_start,[2839],[],4984,0.1,498,0,0,1
11635,log_3086_1708943294.xes,0.0,na,"['sudden', 'gradual']",2,3,1,1,gradual_end,[3242],[],4984,0.1,498,0,0,1
11636,log_3270_1708943294.xes,0.0,na,[],0,0,0,0,no_drift,[0],[0],6868,0.1,686,1,0,1
11637,log_3270_1708943294.xes,0.0,na,[],0,0,0,0,sudden,[],[],6868,0.1,686,0,0,0
11638,log_3270_1708943294.xes,0.0,na,[],0,0,0,0,gradual_start,[],[],6868,0.1,686,0,0,0
11639,log_3270_1708943294.xes,0.0,na,[],0,0,0,0,gradual_end,[],[],6868,0.1,686,0,0,0
11640,log_3196_1708943296.xes,0.0,na,"['sudden', 'gradual', 'gradual']",3,5,1,2,no_drift,[],[],6476,0.1,647,0,0,0
11641,log_3196_1708943296.xes,0.0,na,"['sudden', 'gradual', 'gradual']",3,5,1,2,sudden,[1443],[1441],6476,0.1,647,1,0,1
11642,log_3196_1708943296.xes,0.0,na,"['sudden', 'gradual', 'gradual']",3,5,1,2,gradual_start,"[2791, 4388]",[],6476,0.1,647,0,0,2
11643,log_3196_1708943296.xes,0.0,na,"['sudden', 'gradual', 'gradual']",3,5,1,2,gradual_end,"[3321, 4797]",[],6476,0.1,647,0,0,2
11644,log_2766_1708943292.xes,0.0,na,[],0,0,0,0,no_drift,[0],[0],6056,0.1,605,1,0,1
11645,log_2766_1708943292.xes,0.0,na,[],0,0,0,0,sudden,[],[],6056,0.1,605,0,0,0
11646,log_2766_1708943292.xes,0.0,na,[],0,0,0,0,gradual_start,[],[],6056,0.1,605,0,0,0
11647,log_2766_1708943292.xes,0.0,na,[],0,0,0,0,gradual_end,[],[],6056,0.1,605,0,0,0
11648,log_3231_1708943288.xes,0.0,na,"['gradual', 'sudden']",2,3,1,1,no_drift,[],[],5276,0.1,527,0,0,0
11649,log_3231_1708943288.xes,0.0,na,"['gradual', 'sudden']",2,3,1,1,sudden,[3311],[3303],5276,0.1,527,1,0,1
11650,log_3231_1708943288.xes,0.0,na,"['gradual', 'sudden']",2,3,1,1,gradual_start,[1687],[1717],5276,0.1,527,1,0,1
11651,log_3231_1708943288.xes,0.0,na,"['gradual', 'sudden']",2,3,1,1,gradual_end,[2264],[2263],5276,0.1,527,1,0,1
11652,log_3307_1708943292.xes,0.0,na,['gradual'],1,2,0,1,no_drift,[],[],3440,0.1,344,0,0,0
11653,log_3307_1708943292.xes,0.0,na,['gradual'],1,2,0,1,sudden,[],[],3440,0.1,344,0,0,0
11654,log_3307_1708943292.xes,0.0,na,['gradual'],1,2,0,1,gradual_start,[1624],[1616],3440,0.1,344,1,0,1
11655,log_3307_1708943292.xes,0.0,na,['gradual'],1,2,0,1,gradual_end,[2187],[2109],3440,0.1,344,1,0,1
11656,log_2847_1708943295.xes,0.6,na,"['gradual', 'sudden', 'sudden']",3,4,2,1,no_drift,[],[],5811,0.1,581,0,0,0
11657,log_2847_1708943295.xes,0.6,na,"['gradual', 'sudden', 'sudden']",3,4,2,1,sudden,"[3529, 4652]","[3481, 4612]",5811,0.1,581,2,0,2
11658,log_2847_1708943295.xes,0.6,na,"['gradual', 'sudden', 'sudden']",3,4,2,1,gradual_start,[1102],[],5811,0.1,581,0,0,1
11659,log_2847_1708943295.xes,0.6,na,"['gradual', 'sudden', 'sudden']",3,4,2,1,gradual_end,[1659],[],5811,0.1,581,0,0,1
11660,log_3346_1708943295.xes,0.0,na,"['gradual', 'gradual']",2,4,0,2,no_drift,[],[],6075,0.1,607,0,0,0
11661,log_3346_1708943295.xes,0.0,na,"['gradual', 'gradual']",2,4,0,2,sudden,[],[],6075,0.1,607,0,0,0
11662,log_3346_1708943295.xes,0.0,na,"['gradual', 'gradual']",2,4,0,2,gradual_start,"[1538, 3844]",[3841],6075,0.1,607,1,0,2
11663,log_3346_1708943295.xes,0.0,na,"['gradual', 'gradual']",2,4,0,2,gradual_end,"[2012, 4209]",[4201],6075,0.1,607,1,0,2
11664,log_2584_1708943292.xes,0.6,na,"['gradual', 'gradual']",2,4,0,2,no_drift,[],[],4729,0.1,472,0,0,0
11665,log_2584_1708943292.xes,0.6,na,"['gradual', 'gradual']",2,4,0,2,sudden,[],[],4729,0.1,472,0,0,0
11666,log_2584_1708943292.xes,0.6,na,"['gradual', 'gradual']",2,4,0,2,gradual_start,"[1367, 2972]","[2968, 1335]",4729,0.1,472,2,0,2
11667,log_2584_1708943292.xes,0.6,na,"['gradual', 'gradual']",2,4,0,2,gradual_end,"[1729, 3526]","[3543, 1726]",4729,0.1,472,2,0,2
11668,log_2657_1708943292.xes,0.3,na,"['sudden', 'gradual', 'sudden']",3,4,2,1,no_drift,[],[],6572,0.1,657,0,0,0
11669,log_2657_1708943292.xes,0.3,na,"['sudden', 'gradual', 'sudden']",3,4,2,1,sudden,"[1545, 4981]",[1505],6572,0.1,657,1,0,2
11670,log_2657_1708943292.xes,0.3,na,"['sudden', 'gradual', 'sudden']",3,4,2,1,gradual_start,[2722],[],6572,0.1,657,0,0,1
11671,log_2657_1708943292.xes,0.3,na,"['sudden', 'gradual', 'sudden']",3,4,2,1,gradual_end,[3224],[],6572,0.1,657,0,0,1
11672,log_3019_1708943288.xes,0.6,na,"['sudden', 'sudden', 'sudden']",3,3,3,0,no_drift,[],[],6422,0.1,642,0,0,0
11673,log_3019_1708943288.xes,0.6,na,"['sudden', 'sudden', 'sudden']",3,3,3,0,sudden,"[1790, 3021, 4917]","[1761, 4897, 2977]",6422,0.1,642,3,0,3
11674,log_3019_1708943288.xes,0.6,na,"['sudden', 'sudden', 'sudden']",3,3,3,0,gradual_start,[],[],6422,0.1,642,0,0,0
11675,log_3019_1708943288.xes,0.6,na,"['sudden', 'sudden', 'sudden']",3,3,3,0,gradual_end,[],[],6422,0.1,642,0,0,0
11676,log_2619_1708943292.xes,0.0,na,"['gradual', 'gradual', 'gradual']",3,6,0,3,no_drift,[],[],7446,0.1,744,0,0,0
11677,log_2619_1708943292.xes,0.0,na,"['gradual', 'gradual', 'gradual']",3,6,0,3,sudden,[],[],7446,0.1,744,0,0,0
11678,log_2619_1708943292.xes,0.0,na,"['gradual', 'gradual', 'gradual']",3,6,0,3,gradual_start,"[1315, 2658, 5003]","[2628, 1296, 4996]",7446,0.1,744,3,0,3
11679,log_2619_1708943292.xes,0.0,na,"['gradual', 'gradual', 'gradual']",3,6,0,3,gradual_end,"[1619, 3008, 5503]","[2998, 1629, 5440]",7446,0.1,744,3,0,3
11680,log_2867_1708943297.xes,0.3,na,[],0,0,0,0,no_drift,[0],[0],1650,0.1,165,1,0,1
11681,log_2867_1708943297.xes,0.3,na,[],0,0,0,0,sudden,[],[],1650,0.1,165,0,0,0
11682,log_2867_1708943297.xes,0.3,na,[],0,0,0,0,gradual_start,[],[],1650,0.1,165,0,0,0
11683,log_2867_1708943297.xes,0.3,na,[],0,0,0,0,gradual_end,[],[],1650,0.1,165,0,0,0
11684,log_2904_1708943293.xes,0.6,na,"['sudden', 'sudden', 'sudden']",3,3,3,0,no_drift,[],[],6410,0.1,641,0,0,0
11685,log_2904_1708943293.xes,0.6,na,"['sudden', 'sudden', 'sudden']",3,3,3,0,sudden,"[1616, 3277, 4883]","[1601, 3233]",6410,0.1,641,2,0,3
11686,log_2904_1708943293.xes,0.6,na,"['sudden', 'sudden', 'sudden']",3,3,3,0,gradual_start,[],[],6410,0.1,641,0,0,0
11687,log_2904_1708943293.xes,0.6,na,"['sudden', 'sudden', 'sudden']",3,3,3,0,gradual_end,[],[],6410,0.1,641,0,0,0
11688,log_3197_1708943299.xes,0.3,na,"['sudden', 'sudden', 'gradual']",3,4,2,1,no_drift,[],[],5141,0.1,514,0,0,0
11689,log_3197_1708943299.xes,0.3,na,"['sudden', 'sudden', 'gradual']",3,4,2,1,sudden,"[1147, 2305]",[],5141,0.1,514,0,0,2
11690,log_3197_1708943299.xes,0.3,na,"['sudden', 'sudden', 'gradual']",3,4,2,1,gradual_start,[3576],[3576],5141,0.1,514,1,0,1
11691,log_3197_1708943299.xes,0.3,na,"['sudden', 'sudden', 'gradual']",3,4,2,1,gradual_end,[4110],[4101],5141,0.1,514,1,0,1
11692,log_2848_1708943298.xes,0.0,na,['gradual'],1,2,0,1,no_drift,[],[],4063,0.1,406,0,0,0
11693,log_2848_1708943298.xes,0.0,na,['gradual'],1,2,0,1,sudden,[],[],4063,0.1,406,0,0,0
11694,log_2848_1708943298.xes,0.0,na,['gradual'],1,2,0,1,gradual_start,[1637],[1601],4063,0.1,406,1,0,1
11695,log_2848_1708943298.xes,0.0,na,['gradual'],1,2,0,1,gradual_end,[2187],[2161],4063,0.1,406,1,0,1
11696,log_3047_1708943288.xes,0.3,na,"['sudden', 'gradual', 'gradual']",3,5,1,2,no_drift,[],[],7943,0.1,794,0,0,0
11697,log_3047_1708943288.xes,0.3,na,"['sudden', 'gradual', 'gradual']",3,5,1,2,sudden,[1743],"[1717, 3628]",7943,0.1,794,1,1,1
11698,log_3047_1708943288.xes,0.3,na,"['sudden', 'gradual', 'gradual']",3,5,1,2,gradual_start,"[3701, 6092]",[],7943,0.1,794,0,0,2
11699,log_3047_1708943288.xes,0.3,na,"['sudden', 'gradual', 'gradual']",3,5,1,2,gradual_end,"[4148, 6582]",[],7943,0.1,794,0,0,2
11700,log_3232_1708943296.xes,0.0,na,['sudden'],1,1,1,0,no_drift,[],[0],3079,0.1,307,0,1,0
11701,log_3232_1708943296.xes,0.0,na,['sudden'],1,1,1,0,sudden,[1596],[],3079,0.1,307,0,0,1
11702,log_3232_1708943296.xes,0.0,na,['sudden'],1,1,1,0,gradual_start,[],[],3079,0.1,307,0,0,0
11703,log_3232_1708943296.xes,0.0,na,['sudden'],1,1,1,0,gradual_end,[],[],3079,0.1,307,0,0,0
11704,log_2691_1708943294.xes,0.0,na,"['gradual', 'gradual']",2,4,0,2,no_drift,[],[],5434,0.1,543,0,0,0
11705,log_2691_1708943294.xes,0.0,na,"['gradual', 'gradual']",2,4,0,2,sudden,[],[],5434,0.1,543,0,0,0
11706,log_2691_1708943294.xes,0.0,na,"['gradual', 'gradual']",2,4,0,2,gradual_start,"[1652, 3772]",[1648],5434,0.1,543,1,0,2
11707,log_2691_1708943294.xes,0.0,na,"['gradual', 'gradual']",2,4,0,2,gradual_end,"[1969, 4081]",[1945],5434,0.1,543,1,0,2
11708,log_3048_1708943298.xes,0.0,na,"['gradual', 'sudden', 'sudden']",3,4,2,1,no_drift,[],[0],6574,0.1,657,0,1,0
11709,log_3048_1708943298.xes,0.0,na,"['gradual', 'sudden', 'sudden']",3,4,2,1,sudden,"[3484, 5049]",[],6574,0.1,657,0,0,2
11710,log_3048_1708943298.xes,0.0,na,"['gradual', 'sudden', 'sudden']",3,4,2,1,gradual_start,[1834],[],6574,0.1,657,0,0,1
11711,log_3048_1708943298.xes,0.0,na,"['gradual', 'sudden', 'sudden']",3,4,2,1,gradual_end,[2339],[],6574,0.1,657,0,0,1
11712,log_3308_1708943297.xes,0.0,na,"['gradual', 'gradual']",2,4,0,2,no_drift,[],[],5914,0.1,591,0,0,0
11713,log_3308_1708943297.xes,0.0,na,"['gradual', 'gradual']",2,4,0,2,sudden,[],[],5914,0.1,591,0,0,0
11714,log_3308_1708943297.xes,0.0,na,"['gradual', 'gradual']",2,4,0,2,gradual_start,"[1828, 4020]","[3974, 1625]",5914,0.1,591,2,0,2
11715,log_3308_1708943297.xes,0.0,na,"['gradual', 'gradual']",2,4,0,2,gradual_end,"[2277, 4526]","[4554, 2350]",5914,0.1,591,2,0,2
11716,log_3157_1708943292.xes,0.0,na,"['gradual', 'gradual', 'sudden']",3,5,1,2,no_drift,[],[],6797,0.1,679,0,0,0
11717,log_3157_1708943292.xes,0.0,na,"['gradual', 'gradual', 'sudden']",3,5,1,2,sudden,[5020],[4984],6797,0.1,679,1,0,1
11718,log_3157_1708943292.xes,0.0,na,"['gradual', 'gradual', 'sudden']",3,5,1,2,gradual_start,"[1915, 3537]",[1915],6797,0.1,679,1,0,2
11719,log_3157_1708943292.xes,0.0,na,"['gradual', 'gradual', 'sudden']",3,5,1,2,gradual_end,"[2346, 3867]",[2311],6797,0.1,679,1,0,2
11720,log_2905_1708943299.xes,0.3,na,['gradual'],1,2,0,1,no_drift,[],[],2722,0.1,272,0,0,0
11721,log_2905_1708943299.xes,0.3,na,['gradual'],1,2,0,1,sudden,[],[],2722,0.1,272,0,0,0
11722,log_2905_1708943299.xes,0.3,na,['gradual'],1,2,0,1,gradual_start,[1026],[1002],2722,0.1,272,1,0,1
11723,log_2905_1708943299.xes,0.3,na,['gradual'],1,2,0,1,gradual_end,[1581],[1574],2722,0.1,272,1,0,1
11724,log_3309_1708943301.xes,0.6,na,[],0,0,0,0,no_drift,[0],[0],1895,0.1,189,1,0,1
11725,log_3309_1708943301.xes,0.6,na,[],0,0,0,0,sudden,[],[],1895,0.1,189,0,0,0
11726,log_3309_1708943301.xes,0.6,na,[],0,0,0,0,gradual_start,[],[],1895,0.1,189,0,0,0
11727,log_3309_1708943301.xes,0.6,na,[],0,0,0,0,gradual_end,[],[],1895,0.1,189,0,0,0
11728,log_2621_1708943298.xes,0.3,na,['gradual'],1,2,0,1,no_drift,[],[],4361,0.1,436,0,0,0
11729,log_2621_1708943298.xes,0.3,na,['gradual'],1,2,0,1,sudden,[],[],4361,0.1,436,0,0,0
11730,log_2621_1708943298.xes,0.3,na,['gradual'],1,2,0,1,gradual_start,[1985],[1996],4361,0.1,436,1,0,1
11731,log_2621_1708943298.xes,0.3,na,['gradual'],1,2,0,1,gradual_end,[2447],[2458],4361,0.1,436,1,0,1
11732,log_2658_1708943298.xes,0.0,na,"['gradual', 'gradual']",2,4,0,2,no_drift,[],[],4869,0.1,486,0,0,0
11733,log_2658_1708943298.xes,0.0,na,"['gradual', 'gradual']",2,4,0,2,sudden,[],[],4869,0.1,486,0,0,0
11734,log_2658_1708943298.xes,0.0,na,"['gradual', 'gradual']",2,4,0,2,gradual_start,"[1105, 2661]","[2665, 1057]",4869,0.1,486,2,0,2
11735,log_2658_1708943298.xes,0.0,na,"['gradual', 'gradual']",2,4,0,2,gradual_end,"[1562, 3196]","[3169, 1561]",4869,0.1,486,2,0,2
11736,log_2977_1708943294.xes,0.0,na,['sudden'],1,1,1,0,no_drift,[],[],3193,0.1,319,0,0,0
11737,log_2977_1708943294.xes,0.0,na,['sudden'],1,1,1,0,sudden,[1685],[1666],3193,0.1,319,1,0,1
11738,log_2977_1708943294.xes,0.0,na,['sudden'],1,1,1,0,gradual_start,[],[],3193,0.1,319,0,0,0
11739,log_2977_1708943294.xes,0.0,na,['sudden'],1,1,1,0,gradual_end,[],[],3193,0.1,319,0,0,0
11740,log_3123_1708943295.xes,0.0,na,"['gradual', 'sudden']",2,3,1,1,no_drift,[],[],4370,0.1,437,0,0,0
11741,log_3123_1708943295.xes,0.0,na,"['gradual', 'sudden']",2,3,1,1,sudden,[2904],[2899],4370,0.1,437,1,0,1
11742,log_3123_1708943295.xes,0.0,na,"['gradual', 'sudden']",2,3,1,1,gradual_start,[1164],[1198],4370,0.1,437,1,0,1
11743,log_3123_1708943295.xes,0.0,na,"['gradual', 'sudden']",2,3,1,1,gradual_end,[1682],[1681],4370,0.1,437,1,0,1
11744,log_3347_1708943298.xes,0.3,na,"['sudden', 'sudden', 'gradual']",3,4,2,1,no_drift,[],[],6234,0.1,623,0,0,0
11745,log_3347_1708943298.xes,0.3,na,"['sudden', 'sudden', 'gradual']",3,4,2,1,sudden,"[1232, 2760]","[2760, 1210]",6234,0.1,623,2,0,2
11746,log_3347_1708943298.xes,0.3,na,"['sudden', 'sudden', 'gradual']",3,4,2,1,gradual_start,[3920],[],6234,0.1,623,0,0,1
11747,log_3347_1708943298.xes,0.3,na,"['sudden', 'sudden', 'gradual']",3,4,2,1,gradual_end,[4376],[],6234,0.1,623,0,0,1
11748,log_2315_1708943294.xes,0.6,na,"['sudden', 'gradual']",2,3,1,1,no_drift,[],[],4543,0.1,454,0,0,0
11749,log_2315_1708943294.xes,0.6,na,"['sudden', 'gradual']",2,3,1,1,sudden,[1300],[1277],4543,0.1,454,1,0,1
11750,log_2315_1708943294.xes,0.6,na,"['sudden', 'gradual']",2,3,1,1,gradual_start,[2559],[2553],4543,0.1,454,1,0,1
11751,log_2315_1708943294.xes,0.6,na,"['sudden', 'gradual']",2,3,1,1,gradual_end,[2866],[2883],4543,0.1,454,1,0,1
11752,log_2692_1708943300.xes,0.6,na,"['gradual', 'sudden', 'sudden']",3,4,2,1,no_drift,[],[],6462,0.1,646,0,0,0
11753,log_2692_1708943300.xes,0.6,na,"['gradual', 'sudden', 'sudden']",3,4,2,1,sudden,"[3304, 4800]",[3297],6462,0.1,646,1,0,2
11754,log_2692_1708943300.xes,0.6,na,"['gradual', 'sudden', 'sudden']",3,4,2,1,gradual_start,[1112],[1089],6462,0.1,646,1,0,1
11755,log_2692_1708943300.xes,0.6,na,"['gradual', 'sudden', 'sudden']",3,4,2,1,gradual_end,[1441],[1409],6462,0.1,646,1,0,1
11756,log_2508_1708943294.xes,0.0,na,"['sudden', 'gradual']",2,3,1,1,no_drift,[],[],5357,0.1,535,0,0,0
11757,log_2508_1708943294.xes,0.0,na,"['sudden', 'gradual']",2,3,1,1,sudden,[1338],[1327],5357,0.1,535,1,0,1
11758,log_2508_1708943294.xes,0.0,na,"['sudden', 'gradual']",2,3,1,1,gradual_start,[3056],[],5357,0.1,535,0,0,1
11759,log_2508_1708943294.xes,0.0,na,"['sudden', 'gradual']",2,3,1,1,gradual_end,[3435],[],5357,0.1,535,0,0,1
11760,log_2868_1708943298.xes,0.0,na,"['gradual', 'gradual', 'gradual']",3,6,0,3,no_drift,[],[],7381,0.1,738,0,0,0
11761,log_2868_1708943298.xes,0.0,na,"['gradual', 'gradual', 'gradual']",3,6,0,3,sudden,[],[],7381,0.1,738,0,0,0
11762,log_2868_1708943298.xes,0.0,na,"['gradual', 'gradual', 'gradual']",3,6,0,3,gradual_start,"[1965, 3725, 5786]",[5761],7381,0.1,738,1,0,3
11763,log_2868_1708943298.xes,0.0,na,"['gradual', 'gradual', 'gradual']",3,6,0,3,gradual_end,"[2459, 4181, 6373]",[6301],7381,0.1,738,1,0,3
11764,log_3383_1708943298.xes,0.0,na,"['gradual', 'gradual', 'sudden']",3,5,1,2,no_drift,[],[],6752,0.1,675,0,0,0
11765,log_3383_1708943298.xes,0.0,na,"['gradual', 'gradual', 'sudden']",3,5,1,2,sudden,[5484],[5446],6752,0.1,675,1,0,1
11766,log_3383_1708943298.xes,0.0,na,"['gradual', 'gradual', 'sudden']",3,5,1,2,gradual_start,"[1089, 3294]","[3301, 1090]",6752,0.1,675,2,0,2
11767,log_3383_1708943298.xes,0.0,na,"['gradual', 'gradual', 'sudden']",3,5,1,2,gradual_end,"[1496, 3609]","[3598, 1453]",6752,0.1,675,2,0,2
11768,log_2767_1708943297.xes,0.0,na,"['gradual', 'sudden', 'gradual']",3,5,1,2,no_drift,[],[],7515,0.1,751,0,0,0
11769,log_2767_1708943297.xes,0.0,na,"['gradual', 'sudden', 'gradual']",3,5,1,2,sudden,[3979],[3923],7515,0.1,751,1,0,1
11770,log_2767_1708943297.xes,0.0,na,"['gradual', 'sudden', 'gradual']",3,5,1,2,gradual_start,"[1859, 5745]",[5736],7515,0.1,751,1,0,2
11771,log_2767_1708943297.xes,0.0,na,"['gradual', 'sudden', 'gradual']",3,5,1,2,gradual_end,"[2328, 6076]",[6106],7515,0.1,751,1,0,2
11772,log_3158_1708943300.xes,0.0,na,['gradual'],1,2,0,1,no_drift,[],[0],3430,0.1,343,0,1,0
11773,log_3158_1708943300.xes,0.0,na,['gradual'],1,2,0,1,sudden,[],[],3430,0.1,343,0,0,0
11774,log_3158_1708943300.xes,0.0,na,['gradual'],1,2,0,1,gradual_start,[1451],[],3430,0.1,343,0,0,1
11775,log_3158_1708943300.xes,0.0,na,['gradual'],1,2,0,1,gradual_end,[1788],[],3430,0.1,343,0,0,1
11776,log_2736_1708943294.xes,0.0,na,"['sudden', 'sudden', 'gradual']",3,4,2,1,no_drift,[],[],6413,0.1,641,0,0,0
11777,log_2736_1708943294.xes,0.0,na,"['sudden', 'sudden', 'gradual']",3,4,2,1,sudden,"[1637, 3388]","[1633, 3361]",6413,0.1,641,2,0,2
11778,log_2736_1708943294.xes,0.0,na,"['sudden', 'sudden', 'gradual']",3,4,2,1,gradual_start,[4537],[4513],6413,0.1,641,1,0,1
11779,log_2736_1708943294.xes,0.0,na,"['sudden', 'sudden', 'gradual']",3,4,2,1,gradual_end,[5101],[5089],6413,0.1,641,1,0,1
11780,log_2869_1708943305.xes,0.3,na,[],0,0,0,0,no_drift,[0],[0],1550,0.1,155,1,0,1
11781,log_2869_1708943305.xes,0.3,na,[],0,0,0,0,sudden,[],[],1550,0.1,155,0,0,0
11782,log_2869_1708943305.xes,0.3,na,[],0,0,0,0,gradual_start,[],[],1550,0.1,155,0,0,0
11783,log_2869_1708943305.xes,0.3,na,[],0,0,0,0,gradual_end,[],[],1550,0.1,155,0,0,0
11784,log_2622_1708943301.xes,0.6,na,[],0,0,0,0,no_drift,[0],[0],4560,0.1,456,1,0,1
11785,log_2622_1708943301.xes,0.6,na,[],0,0,0,0,sudden,[],[],4560,0.1,456,0,0,0
11786,log_2622_1708943301.xes,0.6,na,[],0,0,0,0,gradual_start,[],[],4560,0.1,456,0,0,0
11787,log_2622_1708943301.xes,0.6,na,[],0,0,0,0,gradual_end,[],[],4560,0.1,456,0,0,0
11788,log_2939_1708943296.xes,0.6,na,"['gradual', 'sudden', 'gradual']",3,5,1,2,no_drift,[],[],7719,0.1,771,0,0,0
11789,log_2939_1708943296.xes,0.6,na,"['gradual', 'sudden', 'gradual']",3,5,1,2,sudden,[4249],[4219],7719,0.1,771,1,0,1
11790,log_2939_1708943296.xes,0.6,na,"['gradual', 'sudden', 'gradual']",3,5,1,2,gradual_start,"[1954, 5432]",[5397],7719,0.1,771,1,0,2
11791,log_2939_1708943296.xes,0.6,na,"['gradual', 'sudden', 'gradual']",3,5,1,2,gradual_end,"[2437, 5832]",[5815],7719,0.1,771,1,0,2
11792,log_3020_1708943297.xes,0.6,na,"['gradual', 'gradual']",2,4,0,2,no_drift,[],[],5770,0.1,577,0,0,0
11793,log_3020_1708943297.xes,0.6,na,"['gradual', 'gradual']",2,4,0,2,sudden,[],[],5770,0.1,577,0,0,0
11794,log_3020_1708943297.xes,0.6,na,"['gradual', 'gradual']",2,4,0,2,gradual_start,"[1754, 3796]","[1793, 3781]",5770,0.1,577,2,0,2
11795,log_3020_1708943297.xes,0.6,na,"['gradual', 'gradual']",2,4,0,2,gradual_end,"[2316, 4337]","[2325, 4313]",5770,0.1,577,2,0,2
11796,log_3198_1708943301.xes,0.3,na,['gradual'],1,2,0,1,no_drift,[],[],3378,0.1,337,0,0,0
11797,log_3198_1708943301.xes,0.3,na,['gradual'],1,2,0,1,sudden,[],[],3378,0.1,337,0,0,0
11798,log_3198_1708943301.xes,0.3,na,['gradual'],1,2,0,1,gradual_start,[1658],[1633],3378,0.1,337,1,0,1
11799,log_3198_1708943301.xes,0.3,na,['gradual'],1,2,0,1,gradual_end,[2092],[2081],3378,0.1,337,1,0,1
11800,log_2811_1708943296.xes,0.0,na,"['sudden', 'gradual', 'gradual']",3,5,1,2,no_drift,[],[],7117,0.1,711,0,0,0
11801,log_2811_1708943296.xes,0.0,na,"['sudden', 'gradual', 'gradual']",3,5,1,2,sudden,[1280],[1261],7117,0.1,711,1,0,1
11802,log_2811_1708943296.xes,0.0,na,"['sudden', 'gradual', 'gradual']",3,5,1,2,gradual_start,"[3097, 5395]",[5356],7117,0.1,711,1,0,2
11803,log_2811_1708943296.xes,0.0,na,"['sudden', 'gradual', 'gradual']",3,5,1,2,gradual_end,"[3397, 5829]",[5776],7117,0.1,711,1,0,2
11804,log_3421_1708943302.xes,0.6,na,[],0,0,0,0,no_drift,[0],[0],4734,0.1,473,1,0,1
11805,log_3421_1708943302.xes,0.6,na,[],0,0,0,0,sudden,[],[],4734,0.1,473,0,0,0
11806,log_3421_1708943302.xes,0.6,na,[],0,0,0,0,gradual_start,[],[],4734,0.1,473,0,0,0
11807,log_3421_1708943302.xes,0.6,na,[],0,0,0,0,gradual_end,[],[],4734,0.1,473,0,0,0
11808,log_3087_1708943298.xes,0.3,na,"['sudden', 'gradual']",2,3,1,1,no_drift,[],[],5129,0.1,512,0,0,0
11809,log_3087_1708943298.xes,0.3,na,"['sudden', 'gradual']",2,3,1,1,sudden,[1805],[],5129,0.1,512,0,0,1
11810,log_3087_1708943298.xes,0.3,na,"['sudden', 'gradual']",2,3,1,1,gradual_start,[3668],[3651],5129,0.1,512,1,0,1
11811,log_3087_1708943298.xes,0.3,na,"['sudden', 'gradual']",2,3,1,1,gradual_end,[4018],[3976],5129,0.1,512,1,0,1
11812,log_3124_1708943301.xes,0.0,na,"['sudden', 'gradual', 'sudden']",3,4,2,1,no_drift,[],[],6540,0.1,654,0,0,0
11813,log_3124_1708943301.xes,0.0,na,"['sudden', 'gradual', 'sudden']",3,4,2,1,sudden,"[1727, 5420]","[5377, 1697]",6540,0.1,654,2,0,2
11814,log_3124_1708943301.xes,0.0,na,"['sudden', 'gradual', 'sudden']",3,4,2,1,gradual_start,[3455],[3457],6540,0.1,654,1,0,1
11815,log_3124_1708943301.xes,0.0,na,"['sudden', 'gradual', 'sudden']",3,4,2,1,gradual_end,[3756],[3809],6540,0.1,654,1,0,1
11816,log_3271_1708943297.xes,0.0,na,"['sudden', 'sudden', 'gradual']",3,4,2,1,no_drift,[],[],6459,0.1,645,0,0,0
11817,log_3271_1708943297.xes,0.0,na,"['sudden', 'sudden', 'gradual']",3,4,2,1,sudden,"[1709, 2902]","[2881, 1697]",6459,0.1,645,2,0,2
11818,log_3271_1708943297.xes,0.0,na,"['sudden', 'sudden', 'gradual']",3,4,2,1,gradual_start,[4200],[],6459,0.1,645,0,0,1
11819,log_3271_1708943297.xes,0.0,na,"['sudden', 'sudden', 'gradual']",3,4,2,1,gradual_end,[4708],[],6459,0.1,645,0,0,1
11820,log_3459_1708943304.xes,0.6,na,['sudden'],1,1,1,0,no_drift,[],[],2998,0.1,299,0,0,0
11821,log_3459_1708943304.xes,0.6,na,['sudden'],1,1,1,0,sudden,[1210],[1191],2998,0.1,299,1,0,1
11822,log_3459_1708943304.xes,0.6,na,['sudden'],1,1,1,0,gradual_start,[],[],2998,0.1,299,0,0,0
11823,log_3459_1708943304.xes,0.6,na,['sudden'],1,1,1,0,gradual_end,[],[],2998,0.1,299,0,0,0
11824,log_3348_1708943302.xes,0.6,na,"['gradual', 'gradual']",2,4,0,2,no_drift,[],[],5572,0.1,557,0,0,0
11825,log_3348_1708943302.xes,0.6,na,"['gradual', 'gradual']",2,4,0,2,sudden,[],[],5572,0.1,557,0,0,0
11826,log_3348_1708943302.xes,0.6,na,"['gradual', 'gradual']",2,4,0,2,gradual_start,"[1353, 3442]",[3430],5572,0.1,557,1,0,2
11827,log_3348_1708943302.xes,0.6,na,"['gradual', 'gradual']",2,4,0,2,gradual_end,"[1692, 3836]",[3808],5572,0.1,557,1,0,2
11828,log_3688_1708943324.xes,0.6,na,[],0,0,0,0,no_drift,[0],[0],1521,0.1,152,1,0,1
11829,log_3688_1708943324.xes,0.6,na,[],0,0,0,0,sudden,[],[],1521,0.1,152,0,0,0
11830,log_3688_1708943324.xes,0.6,na,[],0,0,0,0,gradual_start,[],[],1521,0.1,152,0,0,0
11831,log_3688_1708943324.xes,0.6,na,[],0,0,0,0,gradual_end,[],[],1521,0.1,152,0,0,0
11832,log_3233_1708943303.xes,0.3,na,[],0,0,0,0,no_drift,[0],[0],4988,0.1,498,1,0,1
11833,log_3233_1708943303.xes,0.3,na,[],0,0,0,0,sudden,[],[],4988,0.1,498,0,0,0
11834,log_3233_1708943303.xes,0.3,na,[],0,0,0,0,gradual_start,[],[],4988,0.1,498,0,0,0
11835,log_3233_1708943303.xes,0.3,na,[],0,0,0,0,gradual_end,[],[],4988,0.1,498,0,0,0
11836,log_2984_1708943325.xes,0.0,na,[],0,0,0,0,no_drift,[0],[0],2072,0.1,207,1,0,1
11837,log_2984_1708943325.xes,0.0,na,[],0,0,0,0,sudden,[],[],2072,0.1,207,0,0,0
11838,log_2984_1708943325.xes,0.0,na,[],0,0,0,0,gradual_start,[],[],2072,0.1,207,0,0,0
11839,log_2984_1708943325.xes,0.0,na,[],0,0,0,0,gradual_end,[],[],2072,0.1,207,0,0,0
11840,log_2849_1708943300.xes,0.6,na,[],0,0,0,0,no_drift,[0],[0],5970,0.1,597,1,0,1
11841,log_2849_1708943300.xes,0.6,na,[],0,0,0,0,sudden,[],[],5970,0.1,597,0,0,0
11842,log_2849_1708943300.xes,0.6,na,[],0,0,0,0,gradual_start,[],[],5970,0.1,597,0,0,0
11843,log_2849_1708943300.xes,0.6,na,[],0,0,0,0,gradual_end,[],[],5970,0.1,597,0,0,0
11844,log_2316_1708943301.xes,0.3,na,"['sudden', 'gradual', 'sudden']",3,4,2,1,no_drift,[],[],6994,0.1,699,0,0,0
11845,log_2316_1708943301.xes,0.3,na,"['sudden', 'gradual', 'sudden']",3,4,2,1,sudden,"[1227, 5619]","[5611, 1225]",6994,0.1,699,2,0,2
11846,log_2316_1708943301.xes,0.3,na,"['sudden', 'gradual', 'sudden']",3,4,2,1,gradual_start,[3102],[3095],6994,0.1,699,1,0,1
11847,log_2316_1708943301.xes,0.3,na,"['sudden', 'gradual', 'sudden']",3,4,2,1,gradual_end,[3631],[3605],6994,0.1,699,1,0,1
11848,log_3353_1708943325.xes,0.0,na,['sudden'],1,1,1,0,no_drift,[],[],2898,0.1,289,0,0,0
11849,log_3353_1708943325.xes,0.0,na,['sudden'],1,1,1,0,sudden,[1698],[1681],2898,0.1,289,1,0,1
11850,log_3353_1708943325.xes,0.0,na,['sudden'],1,1,1,0,gradual_start,[],[],2898,0.1,289,0,0,0
11851,log_3353_1708943325.xes,0.0,na,['sudden'],1,1,1,0,gradual_end,[],[],2898,0.1,289,0,0,0
11852,log_3576_1708943325.xes,0.0,na,['gradual'],1,2,0,1,no_drift,[],[],3549,0.1,354,0,0,0
11853,log_3576_1708943325.xes,0.0,na,['gradual'],1,2,0,1,sudden,[],[],3549,0.1,354,0,0,0
11854,log_3576_1708943325.xes,0.0,na,['gradual'],1,2,0,1,gradual_start,[1513],[1497],3549,0.1,354,1,0,1
11855,log_3576_1708943325.xes,0.0,na,['gradual'],1,2,0,1,gradual_end,[2000],[2024],3549,0.1,354,1,0,1
11856,log_3049_1708943302.xes,0.0,na,"['sudden', 'gradual', 'gradual']",3,5,1,2,no_drift,[],[],7245,0.1,724,0,0,0
11857,log_3049_1708943302.xes,0.0,na,"['sudden', 'gradual', 'gradual']",3,5,1,2,sudden,[1519],[],7245,0.1,724,0,0,1
11858,log_3049_1708943302.xes,0.0,na,"['sudden', 'gradual', 'gradual']",3,5,1,2,gradual_start,"[3301, 5031]",[5041],7245,0.1,724,1,0,2
11859,log_3049_1708943302.xes,0.0,na,"['sudden', 'gradual', 'gradual']",3,5,1,2,gradual_end,"[3711, 5582]",[5653],7245,0.1,724,1,0,2
11860,log_3310_1708943302.xes,0.6,na,"['sudden', 'sudden', 'sudden']",3,3,3,0,no_drift,[],[],6123,0.1,612,0,0,0
11861,log_3310_1708943302.xes,0.6,na,"['sudden', 'sudden', 'sudden']",3,3,3,0,sudden,"[1014, 2305, 4301]","[2281, 961]",6123,0.1,612,2,0,3
11862,log_3310_1708943302.xes,0.6,na,"['sudden', 'sudden', 'sudden']",3,3,3,0,gradual_start,[],[],6123,0.1,612,0,0,0
11863,log_3310_1708943302.xes,0.6,na,"['sudden', 'sudden', 'sudden']",3,3,3,0,gradual_end,[],[],6123,0.1,612,0,0,0
11864,log_3460_1708943307.xes,0.0,na,['gradual'],1,2,0,1,no_drift,[],[],3326,0.1,332,0,0,0
11865,log_3460_1708943307.xes,0.0,na,['gradual'],1,2,0,1,sudden,[],[],3326,0.1,332,0,0,0
11866,log_3460_1708943307.xes,0.0,na,['gradual'],1,2,0,1,gradual_start,[1427],[1393],3326,0.1,332,1,0,1
11867,log_3460_1708943307.xes,0.0,na,['gradual'],1,2,0,1,gradual_end,[1812],[1777],3326,0.1,332,1,0,1
11868,log_2873_1708943322.xes,0.0,na,[],0,0,0,0,no_drift,[0],[0],5744,0.1,574,1,0,1
11869,log_2873_1708943322.xes,0.0,na,[],0,0,0,0,sudden,[],[],5744,0.1,574,0,0,0
11870,log_2873_1708943322.xes,0.0,na,[],0,0,0,0,gradual_start,[],[],5744,0.1,574,0,0,0
11871,log_2873_1708943322.xes,0.0,na,[],0,0,0,0,gradual_end,[],[],5744,0.1,574,0,0,0
11872,log_2693_1708943305.xes,0.0,na,"['sudden', 'gradual']",2,3,1,1,no_drift,[],[],5154,0.1,515,0,0,0
11873,log_2693_1708943305.xes,0.0,na,"['sudden', 'gradual']",2,3,1,1,sudden,[1828],[1801],5154,0.1,515,1,0,1
11874,log_2693_1708943305.xes,0.0,na,"['sudden', 'gradual']",2,3,1,1,gradual_start,[3513],[3501],5154,0.1,515,1,0,1
11875,log_2693_1708943305.xes,0.0,na,"['sudden', 'gradual']",2,3,1,1,gradual_end,[3995],[3976],5154,0.1,515,1,0,1
11876,log_3614_1708943324.xes,0.6,na,"['gradual', 'sudden', 'sudden']",3,4,2,1,no_drift,[],[],6278,0.1,627,0,0,0
11877,log_3614_1708943324.xes,0.6,na,"['gradual', 'sudden', 'sudden']",3,4,2,1,sudden,"[2843, 4480]","[2791, 4465]",6278,0.1,627,2,0,2
11878,log_3614_1708943324.xes,0.6,na,"['gradual', 'sudden', 'sudden']",3,4,2,1,gradual_start,[1288],[],6278,0.1,627,0,0,1
11879,log_3614_1708943324.xes,0.6,na,"['gradual', 'sudden', 'sudden']",3,4,2,1,gradual_end,[1660],[],6278,0.1,627,0,0,1
11880,log_3389_1708943321.xes,0.6,na,[],0,0,0,0,no_drift,[0],[0],5764,0.1,576,1,0,1
11881,log_3389_1708943321.xes,0.6,na,[],0,0,0,0,sudden,[],[],5764,0.1,576,0,0,0
11882,log_3389_1708943321.xes,0.6,na,[],0,0,0,0,gradual_start,[],[],5764,0.1,576,0,0,0
11883,log_3389_1708943321.xes,0.6,na,[],0,0,0,0,gradual_end,[],[],5764,0.1,576,0,0,0
11884,log_3272_1708943305.xes,0.3,na,['sudden'],1,1,1,0,no_drift,[],[],2639,0.1,263,0,0,0
11885,log_3272_1708943305.xes,0.3,na,['sudden'],1,1,1,0,sudden,[1337],[1327],2639,0.1,263,1,0,1
11886,log_3272_1708943305.xes,0.3,na,['sudden'],1,1,1,0,gradual_start,[],[],2639,0.1,263,0,0,0
11887,log_3272_1708943305.xes,0.3,na,['sudden'],1,1,1,0,gradual_end,[],[],2639,0.1,263,0,0,0
11888,log_3022_1708943307.xes,0.0,na,['sudden'],1,1,1,0,no_drift,[],[0],2793,0.1,279,0,1,0
11889,log_3022_1708943307.xes,0.0,na,['sudden'],1,1,1,0,sudden,[1692],[],2793,0.1,279,0,0,1
11890,log_3022_1708943307.xes,0.0,na,['sudden'],1,1,1,0,gradual_start,[],[],2793,0.1,279,0,0,0
11891,log_3022_1708943307.xes,0.0,na,['sudden'],1,1,1,0,gradual_end,[],[],2793,0.1,279,0,0,0
11892,log_2909_1708943322.xes,0.6,na,"['gradual', 'gradual', 'sudden']",3,5,1,2,no_drift,[],[0],6240,0.1,624,0,1,0
11893,log_2909_1708943322.xes,0.6,na,"['gradual', 'gradual', 'sudden']",3,5,1,2,sudden,[5097],[],6240,0.1,624,0,0,1
11894,log_2909_1708943322.xes,0.6,na,"['gradual', 'gradual', 'sudden']",3,5,1,2,gradual_start,"[1402, 3472]",[],6240,0.1,624,0,0,2
11895,log_2909_1708943322.xes,0.6,na,"['gradual', 'gradual', 'sudden']",3,5,1,2,gradual_end,"[1926, 3913]",[],6240,0.1,624,0,0,2
11896,log_3021_1708943304.xes,0.3,na,[],0,0,0,0,no_drift,[0],[0],4881,0.1,488,1,0,1
11897,log_3021_1708943304.xes,0.3,na,[],0,0,0,0,sudden,[],[],4881,0.1,488,0,0,0
11898,log_3021_1708943304.xes,0.3,na,[],0,0,0,0,gradual_start,[],[],4881,0.1,488,0,0,0
11899,log_3021_1708943304.xes,0.3,na,[],0,0,0,0,gradual_end,[],[],4881,0.1,488,0,0,0
11900,log_3159_1708943304.xes,0.0,na,"['gradual', 'sudden']",2,3,1,1,no_drift,[],[],5839,0.1,583,0,0,0
11901,log_3159_1708943304.xes,0.0,na,"['gradual', 'sudden']",2,3,1,1,sudden,[4040],[4003],5839,0.1,583,1,0,1
11902,log_3159_1708943304.xes,0.0,na,"['gradual', 'sudden']",2,3,1,1,gradual_start,[1672],[1683],5839,0.1,583,1,0,1
11903,log_3159_1708943304.xes,0.0,na,"['gradual', 'sudden']",2,3,1,1,gradual_end,[2220],[2234],5839,0.1,583,1,0,1
11904,log_3163_1708943323.xes,0.0,na,"['gradual', 'gradual', 'sudden']",3,5,1,2,no_drift,[],[],6420,0.1,642,0,0,0
11905,log_3163_1708943323.xes,0.0,na,"['gradual', 'gradual', 'sudden']",3,5,1,2,sudden,[4667],[4641],6420,0.1,642,1,0,1
11906,log_3163_1708943323.xes,0.0,na,"['gradual', 'gradual', 'sudden']",3,5,1,2,gradual_start,"[1216, 3016]",[1249],6420,0.1,642,1,0,2
11907,log_3163_1708943323.xes,0.0,na,"['gradual', 'gradual', 'sudden']",3,5,1,2,gradual_end,"[1685, 3568]",[1665],6420,0.1,642,1,0,2
11908,log_3537_1708943322.xes,0.6,na,"['gradual', 'gradual']",2,4,0,2,no_drift,[],[],6304,0.1,630,0,0,0
11909,log_3537_1708943322.xes,0.6,na,"['gradual', 'gradual']",2,4,0,2,sudden,[],[],6304,0.1,630,0,0,0
11910,log_3537_1708943322.xes,0.6,na,"['gradual', 'gradual']",2,4,0,2,gradual_start,"[1886, 3956]","[3938, 1799]",6304,0.1,630,2,0,2
11911,log_3537_1708943322.xes,0.6,na,"['gradual', 'gradual']",2,4,0,2,gradual_end,"[2447, 4554]","[4496, 2388]",6304,0.1,630,2,0,2
11912,log_3127_1708943320.xes,0.3,na,"['gradual', 'gradual']",2,4,0,2,no_drift,[],[],5768,0.1,576,0,0,0
11913,log_3127_1708943320.xes,0.3,na,"['gradual', 'gradual']",2,4,0,2,sudden,[],[4117],5768,0.1,576,0,1,0
11914,log_3127_1708943320.xes,0.3,na,"['gradual', 'gradual']",2,4,0,2,gradual_start,"[1695, 4141]",[],5768,0.1,576,0,0,2
11915,log_3127_1708943320.xes,0.3,na,"['gradual', 'gradual']",2,4,0,2,gradual_end,"[2198, 4693]",[],5768,0.1,576,0,0,2
11916,log_2978_1708943301.xes,0.3,na,"['gradual', 'sudden']",2,3,1,1,no_drift,[],[],5956,0.1,595,0,0,0
11917,log_2978_1708943301.xes,0.3,na,"['gradual', 'sudden']",2,3,1,1,sudden,[4067],[4061],5956,0.1,595,1,0,1
11918,log_2978_1708943301.xes,0.3,na,"['gradual', 'sudden']",2,3,1,1,gradual_start,[1661],[],5956,0.1,595,0,0,1
11919,log_2978_1708943301.xes,0.3,na,"['gradual', 'sudden']",2,3,1,1,gradual_end,[2158],[],5956,0.1,595,0,0,1
11920,log_2870_1708943306.xes,0.0,na,['gradual'],1,2,0,1,no_drift,[],[],4117,0.1,411,0,0,0
11921,log_2870_1708943306.xes,0.0,na,['gradual'],1,2,0,1,sudden,[],[],4117,0.1,411,0,0,0
11922,log_2870_1708943306.xes,0.0,na,['gradual'],1,2,0,1,gradual_start,[1981],[1981],4117,0.1,411,1,0,1
11923,log_2870_1708943306.xes,0.0,na,['gradual'],1,2,0,1,gradual_end,[2391],[2381],4117,0.1,411,1,0,1
11924,log_2940_1708943305.xes,0.6,na,[],0,0,0,0,no_drift,[0],[0],5668,0.1,566,1,0,1
11925,log_2940_1708943305.xes,0.6,na,[],0,0,0,0,sudden,[],[],5668,0.1,566,0,0,0
11926,log_2940_1708943305.xes,0.6,na,[],0,0,0,0,gradual_start,[],[],5668,0.1,566,0,0,0
11927,log_2940_1708943305.xes,0.6,na,[],0,0,0,0,gradual_end,[],[],5668,0.1,566,0,0,0
11928,log_3273_1708943308.xes,0.0,na,"['gradual', 'sudden', 'sudden']",3,4,2,1,no_drift,[],[],6860,0.1,686,0,0,0
11929,log_3273_1708943308.xes,0.0,na,"['gradual', 'sudden', 'sudden']",3,4,2,1,sudden,"[3171, 5119]","[5067, 3163]",6860,0.1,686,2,0,2
11930,log_3273_1708943308.xes,0.0,na,"['gradual', 'sudden', 'sudden']",3,4,2,1,gradual_start,[1567],[],6860,0.1,686,0,0,1
11931,log_3273_1708943308.xes,0.0,na,"['gradual', 'sudden', 'sudden']",3,4,2,1,gradual_end,[1991],[],6860,0.1,686,0,0,1
11932,log_3023_1708943309.xes,0.6,na,[],0,0,0,0,no_drift,[0],[0],1260,0.1,126,1,0,1
11933,log_3023_1708943309.xes,0.6,na,[],0,0,0,0,sudden,[],[],1260,0.1,126,0,0,0
11934,log_3023_1708943309.xes,0.6,na,[],0,0,0,0,gradual_start,[],[],1260,0.1,126,0,0,0
11935,log_3023_1708943309.xes,0.6,na,[],0,0,0,0,gradual_end,[],[],1260,0.1,126,0,0,0
11936,log_3422_1708943306.xes,0.0,na,['sudden'],1,1,1,0,no_drift,[],[0],3550,0.1,355,0,1,0
11937,log_3422_1708943306.xes,0.0,na,['sudden'],1,1,1,0,sudden,[1633],[],3550,0.1,355,0,0,1
11938,log_3422_1708943306.xes,0.0,na,['sudden'],1,1,1,0,gradual_start,[],[],3550,0.1,355,0,0,0
11939,log_3422_1708943306.xes,0.0,na,['sudden'],1,1,1,0,gradual_end,[],[],3550,0.1,355,0,0,0
11940,log_2659_1708943302.xes,0.6,na,"['gradual', 'sudden']",2,3,1,1,no_drift,[],[],4537,0.1,453,0,0,0
11941,log_2659_1708943302.xes,0.6,na,"['gradual', 'sudden']",2,3,1,1,sudden,[3155],[3125],4537,0.1,453,1,0,1
11942,log_2659_1708943302.xes,0.6,na,"['gradual', 'sudden']",2,3,1,1,gradual_start,[1565],[1585],4537,0.1,453,1,0,1
11943,log_2659_1708943302.xes,0.6,na,"['gradual', 'sudden']",2,3,1,1,gradual_end,[2135],[2091],4537,0.1,453,1,0,1
11944,log_3461_1708943309.xes,0.3,na,[],0,0,0,0,no_drift,[0],[0],1920,0.1,192,1,0,1
11945,log_3461_1708943309.xes,0.3,na,[],0,0,0,0,sudden,[],[],1920,0.1,192,0,0,0
11946,log_3461_1708943309.xes,0.3,na,[],0,0,0,0,gradual_start,[],[],1920,0.1,192,0,0,0
11947,log_3461_1708943309.xes,0.3,na,[],0,0,0,0,gradual_end,[],[],1920,0.1,192,0,0,0
11948,log_3234_1708943307.xes,0.0,na,['sudden'],1,1,1,0,no_drift,[],[],2938,0.1,293,0,0,0
11949,log_3234_1708943307.xes,0.0,na,['sudden'],1,1,1,0,sudden,[1299],[1275],2938,0.1,293,1,0,1
11950,log_3234_1708943307.xes,0.0,na,['sudden'],1,1,1,0,gradual_start,[],[],2938,0.1,293,0,0,0
11951,log_3234_1708943307.xes,0.0,na,['sudden'],1,1,1,0,gradual_end,[],[],2938,0.1,293,0,0,0
11952,log_3088_1708943305.xes,0.0,na,['gradual'],1,2,0,1,no_drift,[],[0],3681,0.1,368,0,1,0
11953,log_3088_1708943305.xes,0.0,na,['gradual'],1,2,0,1,sudden,[],[],3681,0.1,368,0,0,0
11954,log_3088_1708943305.xes,0.0,na,['gradual'],1,2,0,1,gradual_start,[1225],[],3681,0.1,368,0,0,1
11955,log_3088_1708943305.xes,0.0,na,['gradual'],1,2,0,1,gradual_end,[1682],[],3681,0.1,368,0,0,1
11956,log_3384_1708943304.xes,0.3,na,"['sudden', 'sudden', 'gradual']",3,4,2,1,no_drift,[],[],6753,0.1,675,0,0,0
11957,log_3384_1708943304.xes,0.3,na,"['sudden', 'sudden', 'gradual']",3,4,2,1,sudden,"[1146, 3096]",[3037],6753,0.1,675,1,0,2
11958,log_3384_1708943304.xes,0.3,na,"['sudden', 'sudden', 'gradual']",3,4,2,1,gradual_start,[5052],[5050],6753,0.1,675,1,0,1
11959,log_3384_1708943304.xes,0.3,na,"['sudden', 'sudden', 'gradual']",3,4,2,1,gradual_end,[5628],[5611],6753,0.1,675,1,0,1
11960,log_2941_1708943309.xes,0.3,na,"['gradual', 'sudden', 'sudden']",3,4,2,1,no_drift,[],[],5717,0.1,571,0,0,0
11961,log_2941_1708943309.xes,0.3,na,"['gradual', 'sudden', 'sudden']",3,4,2,1,sudden,"[3009, 4447]","[4397, 2997]",5717,0.1,571,2,0,2
11962,log_2941_1708943309.xes,0.3,na,"['gradual', 'sudden', 'sudden']",3,4,2,1,gradual_start,[1085],[],5717,0.1,571,0,0,1
11963,log_2941_1708943309.xes,0.3,na,"['gradual', 'sudden', 'sudden']",3,4,2,1,gradual_end,[1609],[],5717,0.1,571,0,0,1
11964,log_2768_1708943306.xes,0.6,na,"['sudden', 'sudden', 'sudden']",3,3,3,0,no_drift,[],[],5348,0.1,534,0,0,0
11965,log_2768_1708943306.xes,0.6,na,"['sudden', 'sudden', 'sudden']",3,3,3,0,sudden,"[1156, 2574, 4122]","[1145, 2549]",5348,0.1,534,2,0,3
11966,log_2768_1708943306.xes,0.6,na,"['sudden', 'sudden', 'sudden']",3,3,3,0,gradual_start,[],[],5348,0.1,534,0,0,0
11967,log_2768_1708943306.xes,0.6,na,"['sudden', 'sudden', 'sudden']",3,3,3,0,gradual_end,[],[],5348,0.1,534,0,0,0
11968,log_3497_1708943305.xes,0.6,na,"['sudden', 'sudden']",2,2,2,0,no_drift,[],[],4961,0.1,496,0,0,0
11969,log_3497_1708943305.xes,0.6,na,"['sudden', 'sudden']",2,2,2,0,sudden,"[1711, 3396]",[3385],4961,0.1,496,1,0,2
11970,log_3497_1708943305.xes,0.6,na,"['sudden', 'sudden']",2,2,2,0,gradual_start,[],[],4961,0.1,496,0,0,0
11971,log_3497_1708943305.xes,0.6,na,"['sudden', 'sudden']",2,2,2,0,gradual_end,[],[],4961,0.1,496,0,0,0
11972,log_3024_1708943310.xes,0.0,na,['sudden'],1,1,1,0,no_drift,[],[],2288,0.1,228,0,0,0
11973,log_3024_1708943310.xes,0.0,na,['sudden'],1,1,1,0,sudden,[1186],[1167],2288,0.1,228,1,0,1
11974,log_3024_1708943310.xes,0.0,na,['sudden'],1,1,1,0,gradual_start,[],[],2288,0.1,228,0,0,0
11975,log_3024_1708943310.xes,0.0,na,['sudden'],1,1,1,0,gradual_end,[],[],2288,0.1,228,0,0,0
11976,log_2317_1708943307.xes,0.0,na,"['sudden', 'gradual']",2,3,1,1,no_drift,[],[],4740,0.1,474,0,0,0
11977,log_2317_1708943307.xes,0.0,na,"['sudden', 'gradual']",2,3,1,1,sudden,[1395],[1381],4740,0.1,474,1,0,1
11978,log_2317_1708943307.xes,0.0,na,"['sudden', 'gradual']",2,3,1,1,gradual_start,[2835],[2830],4740,0.1,474,1,0,1
11979,log_2317_1708943307.xes,0.0,na,"['sudden', 'gradual']",2,3,1,1,gradual_end,[3423],[3382],4740,0.1,474,1,0,1
11980,log_2431_1708943292.xes,0.6,na,"['sudden', 'gradual', 'sudden']",3,4,2,1,no_drift,[],[],6129,0.1,612,0,0,0
11981,log_2431_1708943292.xes,0.6,na,"['sudden', 'gradual', 'sudden']",3,4,2,1,sudden,"[1370, 4257]","[4231, 1351]",6129,0.1,612,2,0,2
11982,log_2431_1708943292.xes,0.6,na,"['sudden', 'gradual', 'sudden']",3,4,2,1,gradual_start,[2519],[2491],6129,0.1,612,1,0,1
11983,log_2431_1708943292.xes,0.6,na,"['sudden', 'gradual', 'sudden']",3,4,2,1,gradual_end,[2892],[2911],6129,0.1,612,1,0,1
11984,log_2906_1708943301.xes,0.3,na,"['gradual', 'gradual']",2,4,0,2,no_drift,[],[],5581,0.1,558,0,0,0
11985,log_2906_1708943301.xes,0.3,na,"['gradual', 'gradual']",2,4,0,2,sudden,[],[],5581,0.1,558,0,0,0
11986,log_2906_1708943301.xes,0.3,na,"['gradual', 'gradual']",2,4,0,2,gradual_start,"[1051, 3387]",[1054],5581,0.1,558,1,0,2
11987,log_2906_1708943301.xes,0.3,na,"['gradual', 'gradual']",2,4,0,2,gradual_end,"[1551, 3734]",[1540],5581,0.1,558,1,0,2
11988,log_3535_1708943312.xes,0.3,na,['gradual'],1,2,0,1,no_drift,[],[],3101,0.1,310,0,0,0
11989,log_3535_1708943312.xes,0.3,na,['gradual'],1,2,0,1,sudden,[],[],3101,0.1,310,0,0,0
11990,log_3535_1708943312.xes,0.3,na,['gradual'],1,2,0,1,gradual_start,[1072],[1111],3101,0.1,310,1,0,1
11991,log_3535_1708943312.xes,0.3,na,['gradual'],1,2,0,1,gradual_end,[1657],[1531],3101,0.1,310,1,0,1
11992,log_3349_1708943307.xes,0.0,na,[],0,0,0,0,no_drift,[0],[0],5919,0.1,591,1,0,1
11993,log_3349_1708943307.xes,0.0,na,[],0,0,0,0,sudden,[],[],5919,0.1,591,0,0,0
11994,log_3349_1708943307.xes,0.0,na,[],0,0,0,0,gradual_start,[],[],5919,0.1,591,0,0,0
11995,log_3349_1708943307.xes,0.0,na,[],0,0,0,0,gradual_end,[],[],5919,0.1,591,0,0,0
11996,log_3311_1708943308.xes,0.0,na,['sudden'],1,1,1,0,no_drift,[],[],3551,0.1,355,0,0,0
11997,log_3311_1708943308.xes,0.0,na,['sudden'],1,1,1,0,sudden,[1773],[1769],3551,0.1,355,1,0,1
11998,log_3311_1708943308.xes,0.0,na,['sudden'],1,1,1,0,gradual_start,[],[],3551,0.1,355,0,0,0
11999,log_3311_1708943308.xes,0.0,na,['sudden'],1,1,1,0,gradual_end,[],[],3551,0.1,355,0,0,0
12000,log_3199_1708943306.xes,0.0,na,"['sudden', 'sudden']",2,2,2,0,no_drift,[],[],4517,0.1,451,0,0,0
12001,log_3199_1708943306.xes,0.0,na,"['sudden', 'sudden']",2,2,2,0,sudden,"[1027, 2859]",[2839],4517,0.1,451,1,0,2
12002,log_3199_1708943306.xes,0.0,na,"['sudden', 'sudden']",2,2,2,0,gradual_start,[],[],4517,0.1,451,0,0,0
12003,log_3199_1708943306.xes,0.0,na,"['sudden', 'sudden']",2,2,2,0,gradual_end,[],[],4517,0.1,451,0,0,0
12004,log_3462_1708943311.xes,0.0,na,[],0,0,0,0,no_drift,[0],[0],5013,0.1,501,1,0,1
12005,log_3462_1708943311.xes,0.0,na,[],0,0,0,0,sudden,[],[],5013,0.1,501,0,0,0
12006,log_3462_1708943311.xes,0.0,na,[],0,0,0,0,gradual_start,[],[],5013,0.1,501,0,0,0
12007,log_3462_1708943311.xes,0.0,na,[],0,0,0,0,gradual_end,[],[],5013,0.1,501,0,0,0
12008,log_2812_1708943304.xes,0.0,na,['gradual'],1,2,0,1,no_drift,[],[],3273,0.1,327,0,0,0
12009,log_2812_1708943304.xes,0.0,na,['gradual'],1,2,0,1,sudden,[],[],3273,0.1,327,0,0,0
12010,log_2812_1708943304.xes,0.0,na,['gradual'],1,2,0,1,gradual_start,[1517],[1521],3273,0.1,327,1,0,1
12011,log_2812_1708943304.xes,0.0,na,['gradual'],1,2,0,1,gradual_end,[1909],[1873],3273,0.1,327,1,0,1
12012,log_3423_1708943309.xes,0.6,na,"['sudden', 'sudden']",2,2,2,0,no_drift,[],[],4449,0.1,444,0,0,0
12013,log_3423_1708943309.xes,0.6,na,"['sudden', 'sudden']",2,2,2,0,sudden,"[1770, 3404]","[1739, 3389]",4449,0.1,444,2,0,2
12014,log_3423_1708943309.xes,0.6,na,"['sudden', 'sudden']",2,2,2,0,gradual_start,[],[],4449,0.1,444,0,0,0
12015,log_3423_1708943309.xes,0.6,na,"['sudden', 'sudden']",2,2,2,0,gradual_end,[],[],4449,0.1,444,0,0,0
12016,log_3385_1708943310.xes,0.6,na,"['gradual', 'gradual']",2,4,0,2,no_drift,[],[0],5621,0.1,562,0,1,0
12017,log_3385_1708943310.xes,0.6,na,"['gradual', 'gradual']",2,4,0,2,sudden,[],[],5621,0.1,562,0,0,0
12018,log_3385_1708943310.xes,0.6,na,"['gradual', 'gradual']",2,4,0,2,gradual_start,"[1840, 4053]",[],5621,0.1,562,0,0,2
12019,log_3385_1708943310.xes,0.6,na,"['gradual', 'gradual']",2,4,0,2,gradual_end,"[2398, 4619]",[],5621,0.1,562,0,0,2
12020,log_2432_1708943311.xes,0.0,na,"['gradual', 'sudden', 'sudden']",3,4,2,1,no_drift,[],[],4960,0.1,496,0,0,0
12021,log_2432_1708943311.xes,0.0,na,"['gradual', 'sudden', 'sudden']",3,4,2,1,sudden,"[2691, 3793]",[3769],4960,0.1,496,1,0,2
12022,log_2432_1708943311.xes,0.0,na,"['gradual', 'sudden', 'sudden']",3,4,2,1,gradual_start,[1236],[],4960,0.1,496,0,0,1
12023,log_2432_1708943311.xes,0.0,na,"['gradual', 'sudden', 'sudden']",3,4,2,1,gradual_end,[1651],[],4960,0.1,496,0,0,1
12024,log_3386_1708943313.xes,0.0,na,[],0,0,0,0,no_drift,[0],[0],1282,0.1,128,1,0,1
12025,log_3386_1708943313.xes,0.0,na,[],0,0,0,0,sudden,[],[],1282,0.1,128,0,0,0
12026,log_3386_1708943313.xes,0.0,na,[],0,0,0,0,gradual_start,[],[],1282,0.1,128,0,0,0
12027,log_3386_1708943313.xes,0.0,na,[],0,0,0,0,gradual_end,[],[],1282,0.1,128,0,0,0
12028,log_2694_1708943308.xes,0.3,na,[],0,0,0,0,no_drift,[0],[0],4924,0.1,492,1,0,1
12029,log_2694_1708943308.xes,0.3,na,[],0,0,0,0,sudden,[],[],4924,0.1,492,0,0,0
12030,log_2694_1708943308.xes,0.3,na,[],0,0,0,0,gradual_start,[],[],4924,0.1,492,0,0,0
12031,log_2694_1708943308.xes,0.3,na,[],0,0,0,0,gradual_end,[],[],4924,0.1,492,0,0,0
12032,log_2769_1708943311.xes,0.6,na,[],0,0,0,0,no_drift,[0],[0],4120,0.1,412,1,0,1
12033,log_2769_1708943311.xes,0.6,na,[],0,0,0,0,sudden,[],[],4120,0.1,412,0,0,0
12034,log_2769_1708943311.xes,0.6,na,[],0,0,0,0,gradual_start,[],[],4120,0.1,412,0,0,0
12035,log_2769_1708943311.xes,0.6,na,[],0,0,0,0,gradual_end,[],[],4120,0.1,412,0,0,0
12036,log_3235_1708943310.xes,0.6,na,[],0,0,0,0,no_drift,[0],[0],5824,0.1,582,1,0,1
12037,log_3235_1708943310.xes,0.6,na,[],0,0,0,0,sudden,[],[],5824,0.1,582,0,0,0
12038,log_3235_1708943310.xes,0.6,na,[],0,0,0,0,gradual_start,[],[],5824,0.1,582,0,0,0
12039,log_3235_1708943310.xes,0.6,na,[],0,0,0,0,gradual_end,[],[],5824,0.1,582,0,0,0
12040,log_3025_1708943312.xes,0.0,na,"['gradual', 'sudden']",2,3,1,1,no_drift,[],[],4355,0.1,435,0,0,0
12041,log_3025_1708943312.xes,0.0,na,"['gradual', 'sudden']",2,3,1,1,sudden,[3124],[3109],4355,0.1,435,1,0,1
12042,log_3025_1708943312.xes,0.0,na,"['gradual', 'sudden']",2,3,1,1,gradual_start,[1152],[],4355,0.1,435,0,0,1
12043,log_3025_1708943312.xes,0.0,na,"['gradual', 'sudden']",2,3,1,1,gradual_end,[1530],[],4355,0.1,435,0,0,1
12044,log_3125_1708943307.xes,0.0,na,"['gradual', 'gradual', 'gradual']",3,6,0,3,no_drift,[],[],6909,0.1,690,0,0,0
12045,log_3125_1708943307.xes,0.0,na,"['gradual', 'gradual', 'gradual']",3,6,0,3,sudden,[],[],6909,0.1,690,0,0,0
12046,log_3125_1708943307.xes,0.0,na,"['gradual', 'gradual', 'gradual']",3,6,0,3,gradual_start,"[1509, 3114, 4752]",[4761],6909,0.1,690,1,0,3
12047,log_3125_1708943307.xes,0.0,na,"['gradual', 'gradual', 'gradual']",3,6,0,3,gradual_end,"[1994, 3601, 5104]",[5101],6909,0.1,690,1,0,3
12048,log_3573_1708943314.xes,0.0,na,"['gradual', 'sudden']",2,3,1,1,no_drift,[],[],5504,0.1,550,0,0,0
12049,log_3573_1708943314.xes,0.0,na,"['gradual', 'sudden']",2,3,1,1,sudden,[3898],[3862],5504,0.1,550,1,0,1
12050,log_3573_1708943314.xes,0.0,na,"['gradual', 'sudden']",2,3,1,1,gradual_start,[1635],[1621],5504,0.1,550,1,0,1
12051,log_3573_1708943314.xes,0.0,na,"['gradual', 'sudden']",2,3,1,1,gradual_end,[1937],[1945],5504,0.1,550,1,0,1
12052,log_3387_1708943314.xes,0.0,na,[],0,0,0,0,no_drift,[0],[0],4168,0.1,416,1,0,1
12053,log_3387_1708943314.xes,0.0,na,[],0,0,0,0,sudden,[],[],4168,0.1,416,0,0,0
12054,log_3387_1708943314.xes,0.0,na,[],0,0,0,0,gradual_start,[],[],4168,0.1,416,0,0,0
12055,log_3387_1708943314.xes,0.0,na,[],0,0,0,0,gradual_end,[],[],4168,0.1,416,0,0,0
12056,log_2660_1708943311.xes,0.3,na,['gradual'],1,2,0,1,no_drift,[],[],2957,0.1,295,0,0,0
12057,log_2660_1708943311.xes,0.3,na,['gradual'],1,2,0,1,sudden,[],[],2957,0.1,295,0,0,0
12058,log_2660_1708943311.xes,0.3,na,['gradual'],1,2,0,1,gradual_start,[1241],[1219],2957,0.1,295,1,0,1
12059,log_2660_1708943311.xes,0.3,na,['gradual'],1,2,0,1,gradual_end,[1667],[1695],2957,0.1,295,1,0,1
12060,log_3498_1708943311.xes,0.3,na,"['sudden', 'gradual']",2,3,1,1,no_drift,[],[],5206,0.1,520,0,0,0
12061,log_3498_1708943311.xes,0.3,na,"['sudden', 'gradual']",2,3,1,1,sudden,[1237],[1197],5206,0.1,520,1,0,1
12062,log_3498_1708943311.xes,0.3,na,"['sudden', 'gradual']",2,3,1,1,gradual_start,[2907],[2887],5206,0.1,520,1,0,1
12063,log_3498_1708943311.xes,0.3,na,"['sudden', 'gradual']",2,3,1,1,gradual_end,[3327],[3355],5206,0.1,520,1,0,1
12064,log_3274_1708943312.xes,0.0,na,"['sudden', 'sudden']",2,2,2,0,no_drift,[],[],4018,0.1,401,0,0,0
12065,log_3274_1708943312.xes,0.0,na,"['sudden', 'sudden']",2,2,2,0,sudden,"[1389, 2808]",[1381],4018,0.1,401,1,0,2
12066,log_3274_1708943312.xes,0.0,na,"['sudden', 'sudden']",2,2,2,0,gradual_start,[],[],4018,0.1,401,0,0,0
12067,log_3274_1708943312.xes,0.0,na,"['sudden', 'sudden']",2,2,2,0,gradual_end,[],[],4018,0.1,401,0,0,0
12068,log_2979_1708943309.xes,0.0,na,['sudden'],1,1,1,0,no_drift,[],[],2950,0.1,295,0,0,0
12069,log_2979_1708943309.xes,0.0,na,['sudden'],1,1,1,0,sudden,[1710],[1695],2950,0.1,295,1,0,1
12070,log_2979_1708943309.xes,0.0,na,['sudden'],1,1,1,0,gradual_start,[],[],2950,0.1,295,0,0,0
12071,log_2979_1708943309.xes,0.0,na,['sudden'],1,1,1,0,gradual_end,[],[],2950,0.1,295,0,0,0
12072,log_3200_1708943315.xes,0.3,na,[],0,0,0,0,no_drift,[0],[0],2076,0.1,207,1,0,1
12073,log_3200_1708943315.xes,0.3,na,[],0,0,0,0,sudden,[],[],2076,0.1,207,0,0,0
12074,log_3200_1708943315.xes,0.3,na,[],0,0,0,0,gradual_start,[],[],2076,0.1,207,0,0,0
12075,log_3200_1708943315.xes,0.3,na,[],0,0,0,0,gradual_end,[],[],2076,0.1,207,0,0,0
12076,log_2318_1708943312.xes,0.0,na,"['gradual', 'sudden']",2,3,1,1,no_drift,[],[],5900,0.1,590,0,0,0
12077,log_2318_1708943312.xes,0.0,na,"['gradual', 'sudden']",2,3,1,1,sudden,[3936],[3916],5900,0.1,590,1,0,1
12078,log_2318_1708943312.xes,0.0,na,"['gradual', 'sudden']",2,3,1,1,gradual_start,[1644],[1654],5900,0.1,590,1,0,1
12079,log_2318_1708943312.xes,0.0,na,"['gradual', 'sudden']",2,3,1,1,gradual_end,[2180],[2176],5900,0.1,590,1,0,1
12080,log_3236_1708943313.xes,0.0,na,"['sudden', 'gradual', 'sudden']",3,4,2,1,no_drift,[],[],5962,0.1,596,0,0,0
12081,log_3236_1708943313.xes,0.0,na,"['sudden', 'gradual', 'sudden']",3,4,2,1,sudden,"[1303, 4601]","[1277, 4554]",5962,0.1,596,2,0,2
12082,log_3236_1708943313.xes,0.0,na,"['sudden', 'gradual', 'sudden']",3,4,2,1,gradual_start,[2710],[],5962,0.1,596,0,0,1
12083,log_3236_1708943313.xes,0.0,na,"['sudden', 'gradual', 'sudden']",3,4,2,1,gradual_end,[3151],[],5962,0.1,596,0,0,1
12084,log_3089_1708943311.xes,0.6,na,[],0,0,0,0,no_drift,[0],[0],5274,0.1,527,1,0,1
12085,log_3089_1708943311.xes,0.6,na,[],0,0,0,0,sudden,[],[],5274,0.1,527,0,0,0
12086,log_3089_1708943311.xes,0.6,na,[],0,0,0,0,gradual_start,[],[],5274,0.1,527,0,0,0
12087,log_3089_1708943311.xes,0.6,na,[],0,0,0,0,gradual_end,[],[],5274,0.1,527,0,0,0
12088,log_3201_1708943317.xes,0.6,na,[],0,0,0,0,no_drift,[0],[0],1431,0.1,143,1,0,1
12089,log_3201_1708943317.xes,0.6,na,[],0,0,0,0,sudden,[],[],1431,0.1,143,0,0,0
12090,log_3201_1708943317.xes,0.6,na,[],0,0,0,0,gradual_start,[],[],1431,0.1,143,0,0,0
12091,log_3201_1708943317.xes,0.6,na,[],0,0,0,0,gradual_end,[],[],1431,0.1,143,0,0,0
12092,log_3424_1708943312.xes,0.0,na,"['sudden', 'sudden']",2,2,2,0,no_drift,[],[],5076,0.1,507,0,0,0
12093,log_3424_1708943312.xes,0.0,na,"['sudden', 'sudden']",2,2,2,0,sudden,"[1767, 3459]",[3451],5076,0.1,507,1,0,2
12094,log_3424_1708943312.xes,0.0,na,"['sudden', 'sudden']",2,2,2,0,gradual_start,[],[],5076,0.1,507,0,0,0
12095,log_3424_1708943312.xes,0.0,na,"['sudden', 'sudden']",2,2,2,0,gradual_end,[],[],5076,0.1,507,0,0,0
12096,log_2942_1708943312.xes,0.0,na,"['sudden', 'gradual']",2,3,1,1,no_drift,[],[],5208,0.1,520,0,0,0
12097,log_2942_1708943312.xes,0.0,na,"['sudden', 'gradual']",2,3,1,1,sudden,[1512],[1483],5208,0.1,520,1,0,1
12098,log_2942_1708943312.xes,0.0,na,"['sudden', 'gradual']",2,3,1,1,gradual_start,[3089],[3069],5208,0.1,520,1,0,1
12099,log_2942_1708943312.xes,0.0,na,"['sudden', 'gradual']",2,3,1,1,gradual_end,[3631],[3615],5208,0.1,520,1,0,1
12100,log_3275_1708943316.xes,0.0,na,['gradual'],1,2,0,1,no_drift,[],[],3360,0.1,336,0,0,0
12101,log_3275_1708943316.xes,0.0,na,['gradual'],1,2,0,1,sudden,[],[],3360,0.1,336,0,0,0
12102,log_3275_1708943316.xes,0.0,na,['gradual'],1,2,0,1,gradual_start,[1712],[1697],3360,0.1,336,1,0,1
12103,log_3275_1708943316.xes,0.0,na,['gradual'],1,2,0,1,gradual_end,[2050],[2033],3360,0.1,336,1,0,1
12104,log_3499_1708943316.xes,0.6,na,['sudden'],1,1,1,0,no_drift,[],[0],2717,0.1,271,0,1,0
12105,log_3499_1708943316.xes,0.6,na,['sudden'],1,1,1,0,sudden,[1341],[],2717,0.1,271,0,0,1
12106,log_3499_1708943316.xes,0.6,na,['sudden'],1,1,1,0,gradual_start,[],[],2717,0.1,271,0,0,0
12107,log_3499_1708943316.xes,0.6,na,['sudden'],1,1,1,0,gradual_end,[],[],2717,0.1,271,0,0,0
12108,log_2695_1708943313.xes,0.0,na,"['gradual', 'sudden', 'sudden']",3,4,2,1,no_drift,[],[],6579,0.1,657,0,0,0
12109,log_2695_1708943313.xes,0.0,na,"['gradual', 'sudden', 'sudden']",3,4,2,1,sudden,"[3481, 5443]",[5377],6579,0.1,657,1,0,2
12110,log_2695_1708943313.xes,0.0,na,"['gradual', 'sudden', 'sudden']",3,4,2,1,gradual_start,[1329],[1345],6579,0.1,657,1,0,1
12111,log_2695_1708943313.xes,0.0,na,"['gradual', 'sudden', 'sudden']",3,4,2,1,gradual_end,[1751],[1697],6579,0.1,657,1,0,1
12112,log_3160_1708943308.xes,0.3,na,"['gradual', 'sudden', 'sudden']",3,4,2,1,no_drift,[],[],6654,0.1,665,0,0,0
12113,log_3160_1708943308.xes,0.3,na,"['gradual', 'sudden', 'sudden']",3,4,2,1,sudden,"[3192, 4736]","[4720, 3169]",6654,0.1,665,2,0,2
12114,log_3160_1708943308.xes,0.3,na,"['gradual', 'sudden', 'sudden']",3,4,2,1,gradual_start,[1698],[1651],6654,0.1,665,1,0,1
12115,log_3160_1708943308.xes,0.3,na,"['gradual', 'sudden', 'sudden']",3,4,2,1,gradual_end,[2098],[2047],6654,0.1,665,1,0,1
12116,log_2871_1708943309.xes,0.6,na,"['gradual', 'gradual', 'gradual']",3,6,0,3,no_drift,[],[0],7523,0.1,752,0,1,0
12117,log_2871_1708943309.xes,0.6,na,"['gradual', 'gradual', 'gradual']",3,6,0,3,sudden,[],[],7523,0.1,752,0,0,0
12118,log_2871_1708943309.xes,0.6,na,"['gradual', 'gradual', 'gradual']",3,6,0,3,gradual_start,"[1736, 3510, 5825]",[],7523,0.1,752,0,0,3
12119,log_2871_1708943309.xes,0.6,na,"['gradual', 'gradual', 'gradual']",3,6,0,3,gradual_end,"[2042, 3927, 6233]",[],7523,0.1,752,0,0,3
12120,log_2943_1708943317.xes,0.0,na,[],0,0,0,0,no_drift,[0],[0],3308,0.1,330,1,0,1
12121,log_2943_1708943317.xes,0.0,na,[],0,0,0,0,sudden,[],[],3308,0.1,330,0,0,0
12122,log_2943_1708943317.xes,0.0,na,[],0,0,0,0,gradual_start,[],[],3308,0.1,330,0,0,0
12123,log_2943_1708943317.xes,0.0,na,[],0,0,0,0,gradual_end,[],[],3308,0.1,330,0,0,0
12124,log_3161_1708943317.xes,0.6,na,[],0,0,0,0,no_drift,[0],[0],1606,0.1,160,1,0,1
12125,log_3161_1708943317.xes,0.6,na,[],0,0,0,0,sudden,[],[],1606,0.1,160,0,0,0
12126,log_3161_1708943317.xes,0.6,na,[],0,0,0,0,gradual_start,[],[],1606,0.1,160,0,0,0
12127,log_3161_1708943317.xes,0.6,na,[],0,0,0,0,gradual_end,[],[],1606,0.1,160,0,0,0
12128,log_2980_1708943314.xes,0.0,na,"['sudden', 'sudden']",2,2,2,0,no_drift,[],[],4239,0.1,423,0,0,0
12129,log_2980_1708943314.xes,0.0,na,"['sudden', 'sudden']",2,2,2,0,sudden,"[1700, 3187]","[3151, 1681]",4239,0.1,423,2,0,2
12130,log_2980_1708943314.xes,0.0,na,"['sudden', 'sudden']",2,2,2,0,gradual_start,[],[],4239,0.1,423,0,0,0
12131,log_2980_1708943314.xes,0.0,na,"['sudden', 'sudden']",2,2,2,0,gradual_end,[],[],4239,0.1,423,0,0,0
12132,log_2696_1708943318.xes,0.3,na,['gradual'],1,2,0,1,no_drift,[],[],3494,0.1,349,0,0,0
12133,log_2696_1708943318.xes,0.3,na,['gradual'],1,2,0,1,sudden,[],[],3494,0.1,349,0,0,0
12134,log_2696_1708943318.xes,0.3,na,['gradual'],1,2,0,1,gradual_start,[1394],[1378],3494,0.1,349,1,0,1
12135,log_2696_1708943318.xes,0.3,na,['gradual'],1,2,0,1,gradual_end,[1922],[1922],3494,0.1,349,1,0,1
12136,log_3312_1708943312.xes,0.6,na,"['gradual', 'sudden', 'sudden']",3,4,2,1,no_drift,[],[],5851,0.1,585,0,0,0
12137,log_3312_1708943312.xes,0.6,na,"['gradual', 'sudden', 'sudden']",3,4,2,1,sudden,"[2830, 4034]","[2814, 4003]",5851,0.1,585,2,0,2
12138,log_3312_1708943312.xes,0.6,na,"['gradual', 'sudden', 'sudden']",3,4,2,1,gradual_start,[1080],[1045],5851,0.1,585,1,0,1
12139,log_3312_1708943312.xes,0.6,na,"['gradual', 'sudden', 'sudden']",3,4,2,1,gradual_end,[1445],[1451],5851,0.1,585,1,0,1
12140,log_3350_1708943312.xes,0.0,na,[],0,0,0,0,no_drift,[0],[0],7072,0.1,707,1,0,1
12141,log_3350_1708943312.xes,0.0,na,[],0,0,0,0,sudden,[],[],7072,0.1,707,0,0,0
12142,log_3350_1708943312.xes,0.0,na,[],0,0,0,0,gradual_start,[],[],7072,0.1,707,0,0,0
12143,log_3350_1708943312.xes,0.0,na,[],0,0,0,0,gradual_end,[],[],7072,0.1,707,0,0,0
12144,log_2907_1708943314.xes,0.0,na,"['gradual', 'sudden']",2,3,1,1,no_drift,[],[],4953,0.1,495,0,0,0
12145,log_2907_1708943314.xes,0.0,na,"['gradual', 'sudden']",2,3,1,1,sudden,[3618],[3577],4953,0.1,495,1,0,1
12146,log_2907_1708943314.xes,0.0,na,"['gradual', 'sudden']",2,3,1,1,gradual_start,[1325],[],4953,0.1,495,0,0,1
12147,log_2907_1708943314.xes,0.0,na,"['gradual', 'sudden']",2,3,1,1,gradual_end,[1695],[],4953,0.1,495,0,0,1
12148,log_3050_1708943307.xes,0.0,na,"['gradual', 'sudden', 'sudden']",3,4,2,1,no_drift,[],[],7920,0.1,792,0,0,0
12149,log_3050_1708943307.xes,0.0,na,"['gradual', 'sudden', 'sudden']",3,4,2,1,sudden,"[4265, 5931]","[4213, 5890]",7920,0.1,792,2,0,2
12150,log_3050_1708943307.xes,0.0,na,"['gradual', 'sudden', 'sudden']",3,4,2,1,gradual_start,[1997],[1990],7920,0.1,792,1,0,1
12151,log_3050_1708943307.xes,0.0,na,"['gradual', 'sudden', 'sudden']",3,4,2,1,gradual_end,[2396],[2419],7920,0.1,792,1,0,1
12152,log_3426_1708943319.xes,0.3,na,[],0,0,0,0,no_drift,[0],[0],1272,0.1,127,1,0,1
12153,log_3426_1708943319.xes,0.3,na,[],0,0,0,0,sudden,[],[],1272,0.1,127,0,0,0
12154,log_3426_1708943319.xes,0.3,na,[],0,0,0,0,gradual_start,[],[],1272,0.1,127,0,0,0
12155,log_3426_1708943319.xes,0.3,na,[],0,0,0,0,gradual_end,[],[],1272,0.1,127,0,0,0
12156,log_3313_1708943319.xes,0.6,na,['gradual'],1,2,0,1,no_drift,[],[],3693,0.1,369,0,0,0
12157,log_3313_1708943319.xes,0.6,na,['gradual'],1,2,0,1,sudden,[],[],3693,0.1,369,0,0,0
12158,log_3313_1708943319.xes,0.6,na,['gradual'],1,2,0,1,gradual_start,[1848],[1855],3693,0.1,369,1,0,1
12159,log_3313_1708943319.xes,0.6,na,['gradual'],1,2,0,1,gradual_end,[2389],[2395],3693,0.1,369,1,0,1
12160,log_3425_1708943315.xes,0.3,na,"['sudden', 'gradual', 'sudden']",3,4,2,1,no_drift,[],[],6144,0.1,614,0,0,0
12161,log_3425_1708943315.xes,0.3,na,"['sudden', 'gradual', 'sudden']",3,4,2,1,sudden,"[1094, 4523]","[4531, 1081]",6144,0.1,614,2,0,2
12162,log_3425_1708943315.xes,0.3,na,"['sudden', 'gradual', 'sudden']",3,4,2,1,gradual_start,[2474],[2491],6144,0.1,614,1,0,1
12163,log_3425_1708943315.xes,0.3,na,"['sudden', 'gradual', 'sudden']",3,4,2,1,gradual_end,[3057],[3061],6144,0.1,614,1,0,1
12164,log_2770_1708943315.xes,0.6,na,['gradual'],1,2,0,1,no_drift,[],[],3738,0.1,373,0,0,0
12165,log_2770_1708943315.xes,0.6,na,['gradual'],1,2,0,1,sudden,[],[],3738,0.1,373,0,0,0
12166,log_2770_1708943315.xes,0.6,na,['gradual'],1,2,0,1,gradual_start,[1641],[1657],3738,0.1,373,1,0,1
12167,log_2770_1708943315.xes,0.6,na,['gradual'],1,2,0,1,gradual_end,[2197],[2197],3738,0.1,373,1,0,1
12168,log_3611_1708943317.xes,0.6,na,['gradual'],1,2,0,1,no_drift,[],[],3119,0.1,311,0,0,0
12169,log_3611_1708943317.xes,0.6,na,['gradual'],1,2,0,1,sudden,[],[],3119,0.1,311,0,0,0
12170,log_3611_1708943317.xes,0.6,na,['gradual'],1,2,0,1,gradual_start,[1010],[1006],3119,0.1,311,1,0,1
12171,log_3611_1708943317.xes,0.6,na,['gradual'],1,2,0,1,gradual_end,[1546],[1531],3119,0.1,311,1,0,1
12172,log_3574_1708943317.xes,0.6,na,[],0,0,0,0,no_drift,[0],[0],4332,0.1,433,1,0,1
12173,log_3574_1708943317.xes,0.6,na,[],0,0,0,0,sudden,[],[],4332,0.1,433,0,0,0
12174,log_3574_1708943317.xes,0.6,na,[],0,0,0,0,gradual_start,[],[],4332,0.1,433,0,0,0
12175,log_3574_1708943317.xes,0.6,na,[],0,0,0,0,gradual_end,[],[],4332,0.1,433,0,0,0
12176,log_2771_1708943319.xes,0.0,na,['sudden'],1,1,1,0,no_drift,[],[],3247,0.1,324,0,0,0
12177,log_2771_1708943319.xes,0.0,na,['sudden'],1,1,1,0,sudden,[1975],[1953],3247,0.1,324,1,0,1
12178,log_2771_1708943319.xes,0.0,na,['sudden'],1,1,1,0,gradual_start,[],[],3247,0.1,324,0,0,0
12179,log_2771_1708943319.xes,0.0,na,['sudden'],1,1,1,0,gradual_end,[],[],3247,0.1,324,0,0,0
12180,log_2872_1708943318.xes,0.0,na,"['sudden', 'gradual', 'gradual']",3,5,1,2,no_drift,[],[],6941,0.1,694,0,0,0
12181,log_2872_1708943318.xes,0.0,na,"['sudden', 'gradual', 'gradual']",3,5,1,2,sudden,[1732],[1701],6941,0.1,694,1,0,1
12182,log_2872_1708943318.xes,0.0,na,"['sudden', 'gradual', 'gradual']",3,5,1,2,gradual_start,"[3121, 4893]",[4897],6941,0.1,694,1,0,2
12183,log_2872_1708943318.xes,0.0,na,"['sudden', 'gradual', 'gradual']",3,5,1,2,gradual_end,"[3639, 5225]",[5237],6941,0.1,694,1,0,2
12184,log_3500_1708943319.xes,0.0,na,[],0,0,0,0,no_drift,[0],[0],4068,0.1,406,1,0,1
12185,log_3500_1708943319.xes,0.0,na,[],0,0,0,0,sudden,[],[],4068,0.1,406,0,0,0
12186,log_3500_1708943319.xes,0.0,na,[],0,0,0,0,gradual_start,[],[],4068,0.1,406,0,0,0
12187,log_3500_1708943319.xes,0.0,na,[],0,0,0,0,gradual_end,[],[],4068,0.1,406,0,0,0
12188,log_2908_1708943320.xes,0.0,na,"['sudden', 'sudden']",2,2,2,0,no_drift,[],[],4089,0.1,408,0,0,0
12189,log_2908_1708943320.xes,0.0,na,"['sudden', 'sudden']",2,2,2,0,sudden,"[1128, 2946]","[1101, 2921]",4089,0.1,408,2,0,2
12190,log_2908_1708943320.xes,0.0,na,"['sudden', 'sudden']",2,2,2,0,gradual_start,[],[],4089,0.1,408,0,0,0
12191,log_2908_1708943320.xes,0.0,na,"['sudden', 'sudden']",2,2,2,0,gradual_end,[],[],4089,0.1,408,0,0,0
12192,log_3126_1708943314.xes,0.3,na,"['sudden', 'sudden', 'sudden']",3,3,3,0,no_drift,[],[],6757,0.1,675,0,0,0
12193,log_3126_1708943314.xes,0.3,na,"['sudden', 'sudden', 'sudden']",3,3,3,0,sudden,"[1931, 3626, 4790]","[3598, 4753]",6757,0.1,675,2,0,3
12194,log_3126_1708943314.xes,0.3,na,"['sudden', 'sudden', 'sudden']",3,3,3,0,gradual_start,[],[],6757,0.1,675,0,0,0
12195,log_3126_1708943314.xes,0.3,na,"['sudden', 'sudden', 'sudden']",3,3,3,0,gradual_end,[],[],6757,0.1,675,0,0,0
12196,log_3612_1708943320.xes,0.6,na,['sudden'],1,1,1,0,no_drift,[],[],3020,0.1,302,0,0,0
12197,log_3612_1708943320.xes,0.6,na,['sudden'],1,1,1,0,sudden,[1584],[1576],3020,0.1,302,1,0,1
12198,log_3612_1708943320.xes,0.6,na,['sudden'],1,1,1,0,gradual_start,[],[],3020,0.1,302,0,0,0
12199,log_3612_1708943320.xes,0.6,na,['sudden'],1,1,1,0,gradual_end,[],[],3020,0.1,302,0,0,0
12200,log_3026_1708943315.xes,0.0,na,"['sudden', 'sudden', 'gradual']",3,4,2,1,no_drift,[],[],7057,0.1,705,0,0,0
12201,log_3026_1708943315.xes,0.0,na,"['sudden', 'sudden', 'gradual']",3,4,2,1,sudden,"[1847, 3554]","[3536, 1821]",7057,0.1,705,2,0,2
12202,log_3026_1708943315.xes,0.0,na,"['sudden', 'sudden', 'gradual']",3,4,2,1,gradual_start,[5196],[5146],7057,0.1,705,1,0,1
12203,log_3026_1708943315.xes,0.0,na,"['sudden', 'sudden', 'gradual']",3,4,2,1,gradual_end,[5573],[5531],7057,0.1,705,1,0,1
12204,log_3388_1708943315.xes,0.6,na,"['gradual', 'sudden', 'sudden']",3,4,2,1,no_drift,[],[],6243,0.1,624,0,0,0
12205,log_3388_1708943315.xes,0.6,na,"['gradual', 'sudden', 'sudden']",3,4,2,1,sudden,"[3743, 5190]","[3690, 5147]",6243,0.1,624,2,0,2
12206,log_3388_1708943315.xes,0.6,na,"['gradual', 'sudden', 'sudden']",3,4,2,1,gradual_start,[1432],[1427],6243,0.1,624,1,0,1
12207,log_3388_1708943315.xes,0.6,na,"['gradual', 'sudden', 'sudden']",3,4,2,1,gradual_end,[1991],[1985],6243,0.1,624,1,0,1
12208,log_3202_1708943318.xes,0.0,na,"['sudden', 'gradual', 'sudden']",3,4,2,1,no_drift,[],[],6167,0.1,616,0,0,0
12209,log_3202_1708943318.xes,0.0,na,"['sudden', 'gradual', 'sudden']",3,4,2,1,sudden,"[1082, 4782]","[4771, 1021]",6167,0.1,616,2,0,2
12210,log_3202_1708943318.xes,0.0,na,"['sudden', 'gradual', 'sudden']",3,4,2,1,gradual_start,[2664],[2641],6167,0.1,616,1,0,1
12211,log_3202_1708943318.xes,0.0,na,"['sudden', 'gradual', 'sudden']",3,4,2,1,gradual_end,[3079],[3091],6167,0.1,616,1,0,1
12212,log_3351_1708943318.xes,0.3,na,"['gradual', 'sudden']",2,3,1,1,no_drift,[],[],5446,0.1,544,0,0,0
12213,log_3351_1708943318.xes,0.3,na,"['gradual', 'sudden']",2,3,1,1,sudden,[3982],[3970],5446,0.1,544,1,0,1
12214,log_3351_1708943318.xes,0.3,na,"['gradual', 'sudden']",2,3,1,1,gradual_start,[1591],[1567],5446,0.1,544,1,0,1
12215,log_3351_1708943318.xes,0.3,na,"['gradual', 'sudden']",2,3,1,1,gradual_end,[2097],[2107],5446,0.1,544,1,0,1
12216,log_3162_1708943318.xes,0.6,na,[],0,0,0,0,no_drift,[0],[0],5220,0.1,522,1,0,1
12217,log_3162_1708943318.xes,0.6,na,[],0,0,0,0,sudden,[],[],5220,0.1,522,0,0,0
12218,log_3162_1708943318.xes,0.6,na,[],0,0,0,0,gradual_start,[],[],5220,0.1,522,0,0,0
12219,log_3162_1708943318.xes,0.6,na,[],0,0,0,0,gradual_end,[],[],5220,0.1,522,0,0,0
12220,log_2981_1708943318.xes,0.6,na,"['gradual', 'sudden']",2,3,1,1,no_drift,[],[],6008,0.1,600,0,0,0
12221,log_2981_1708943318.xes,0.6,na,"['gradual', 'sudden']",2,3,1,1,sudden,[4282],[4261],6008,0.1,600,1,0,1
12222,log_2981_1708943318.xes,0.6,na,"['gradual', 'sudden']",2,3,1,1,gradual_start,[1964],[1921],6008,0.1,600,1,0,1
12223,log_2981_1708943318.xes,0.6,na,"['gradual', 'sudden']",2,3,1,1,gradual_end,[2434],[2461],6008,0.1,600,1,0,1
12224,log_2772_1708943320.xes,0.0,na,[],0,0,0,0,no_drift,[0],[0],4206,0.1,420,1,0,1
12225,log_2772_1708943320.xes,0.0,na,[],0,0,0,0,sudden,[],[],4206,0.1,420,0,0,0
12226,log_2772_1708943320.xes,0.0,na,[],0,0,0,0,gradual_start,[],[],4206,0.1,420,0,0,0
12227,log_2772_1708943320.xes,0.0,na,[],0,0,0,0,gradual_end,[],[],4206,0.1,420,0,0,0
12228,log_2697_1708943321.xes,0.6,na,['sudden'],1,1,1,0,no_drift,[],[0],2412,0.1,241,0,1,0
12229,log_2697_1708943321.xes,0.6,na,['sudden'],1,1,1,0,sudden,[1308],[],2412,0.1,241,0,0,1
12230,log_2697_1708943321.xes,0.6,na,['sudden'],1,1,1,0,gradual_start,[],[],2412,0.1,241,0,0,0
12231,log_2697_1708943321.xes,0.6,na,['sudden'],1,1,1,0,gradual_end,[],[],2412,0.1,241,0,0,0
12232,log_3649_1708943319.xes,0.0,na,"['gradual', 'sudden']",2,3,1,1,no_drift,[],[],5226,0.1,522,0,0,0
12233,log_3649_1708943319.xes,0.0,na,"['gradual', 'sudden']",2,3,1,1,sudden,[4192],[4161],5226,0.1,522,1,0,1
12234,log_3649_1708943319.xes,0.0,na,"['gradual', 'sudden']",2,3,1,1,gradual_start,[1924],[],5226,0.1,522,0,0,1
12235,log_3649_1708943319.xes,0.0,na,"['gradual', 'sudden']",2,3,1,1,gradual_end,[2384],[],5226,0.1,522,0,0,1
12236,log_2982_1708943322.xes,0.6,na,['sudden'],1,1,1,0,no_drift,[],[0],2762,0.1,276,0,1,0
12237,log_2982_1708943322.xes,0.6,na,['sudden'],1,1,1,0,sudden,[1411],[],2762,0.1,276,0,0,1
12238,log_2982_1708943322.xes,0.6,na,['sudden'],1,1,1,0,gradual_start,[],[],2762,0.1,276,0,0,0
12239,log_2982_1708943322.xes,0.6,na,['sudden'],1,1,1,0,gradual_end,[],[],2762,0.1,276,0,0,0
12240,log_3613_1708943322.xes,0.0,na,[],0,0,0,0,no_drift,[0],[0],3862,0.1,386,1,0,1
12241,log_3613_1708943322.xes,0.0,na,[],0,0,0,0,sudden,[],[],3862,0.1,386,0,0,0
12242,log_3613_1708943322.xes,0.0,na,[],0,0,0,0,gradual_start,[],[],3862,0.1,386,0,0,0
12243,log_3613_1708943322.xes,0.0,na,[],0,0,0,0,gradual_end,[],[],3862,0.1,386,0,0,0
12244,log_3203_1708943323.xes,0.3,na,[],0,0,0,0,no_drift,[0],[0],1028,0.1,102,1,0,1
12245,log_3203_1708943323.xes,0.3,na,[],0,0,0,0,sudden,[],[],1028,0.1,102,0,0,0
12246,log_3203_1708943323.xes,0.3,na,[],0,0,0,0,gradual_start,[],[],1028,0.1,102,0,0,0
12247,log_3203_1708943323.xes,0.3,na,[],0,0,0,0,gradual_end,[],[],1028,0.1,102,0,0,0
12248,log_3536_1708943313.xes,0.0,na,"['sudden', 'sudden']",2,2,2,0,no_drift,[],[],4856,0.1,485,0,0,0
12249,log_3536_1708943313.xes,0.0,na,"['sudden', 'sudden']",2,2,2,0,sudden,"[1883, 3558]","[1873, 3553]",4856,0.1,485,2,0,2
12250,log_3536_1708943313.xes,0.0,na,"['sudden', 'sudden']",2,2,2,0,gradual_start,[],[],4856,0.1,485,0,0,0
12251,log_3536_1708943313.xes,0.0,na,"['sudden', 'sudden']",2,2,2,0,gradual_end,[],[],4856,0.1,485,0,0,0
12252,log_2850_1708943307.xes,0.6,na,"['sudden', 'gradual', 'sudden']",3,4,2,1,no_drift,[],[],6581,0.1,658,0,0,0
12253,log_2850_1708943307.xes,0.6,na,"['sudden', 'gradual', 'sudden']",3,4,2,1,sudden,"[1224, 4685]",[1185],6581,0.1,658,1,0,2
12254,log_2850_1708943307.xes,0.6,na,"['sudden', 'gradual', 'sudden']",3,4,2,1,gradual_start,[3073],[3041],6581,0.1,658,1,0,1
12255,log_2850_1708943307.xes,0.6,na,"['sudden', 'gradual', 'sudden']",3,4,2,1,gradual_end,[3647],[3649],6581,0.1,658,1,0,1
12256,log_2698_1708943322.xes,0.0,na,['sudden'],1,1,1,0,no_drift,[],[],2931,0.1,293,0,0,0
12257,log_2698_1708943322.xes,0.0,na,['sudden'],1,1,1,0,sudden,[1456],[1443],2931,0.1,293,1,0,1
12258,log_2698_1708943322.xes,0.0,na,['sudden'],1,1,1,0,gradual_start,[],[],2931,0.1,293,0,0,0
12259,log_2698_1708943322.xes,0.0,na,['sudden'],1,1,1,0,gradual_end,[],[],2931,0.1,293,0,0,0
12260,log_3090_1708943316.xes,0.0,na,"['sudden', 'gradual', 'gradual']",3,5,1,2,no_drift,[],[],7634,0.1,763,0,0,0
12261,log_3090_1708943316.xes,0.0,na,"['sudden', 'gradual', 'gradual']",3,5,1,2,sudden,[1958],[1939],7634,0.1,763,1,0,1
12262,log_3090_1708943316.xes,0.0,na,"['sudden', 'gradual', 'gradual']",3,5,1,2,gradual_start,"[3182, 5542]","[3155, 5511]",7634,0.1,763,2,0,2
12263,log_3090_1708943316.xes,0.0,na,"['sudden', 'gradual', 'gradual']",3,5,1,2,gradual_end,"[3610, 5911]","[3611, 5929]",7634,0.1,763,2,0,2
12264,log_3276_1708943318.xes,0.6,na,['gradual'],1,2,0,1,no_drift,[],[],3549,0.1,354,0,0,0
12265,log_3276_1708943318.xes,0.6,na,['gradual'],1,2,0,1,sudden,[],[],3549,0.1,354,0,0,0
12266,log_3276_1708943318.xes,0.6,na,['gradual'],1,2,0,1,gradual_start,[1401],[1361],3549,0.1,354,1,0,1
12267,log_3276_1708943318.xes,0.6,na,['gradual'],1,2,0,1,gradual_end,[1977],[1956],3549,0.1,354,1,0,1
12268,log_3687_1708943322.xes,0.0,na,[],0,0,0,0,no_drift,[0],[0],5500,0.1,550,1,0,1
12269,log_3687_1708943322.xes,0.0,na,[],0,0,0,0,sudden,[],[],5500,0.1,550,0,0,0
12270,log_3687_1708943322.xes,0.0,na,[],0,0,0,0,gradual_start,[],[],5500,0.1,550,0,0,0
12271,log_3687_1708943322.xes,0.0,na,[],0,0,0,0,gradual_end,[],[],5500,0.1,550,0,0,0
12272,log_3502_1708943326.xes,0.3,na,['gradual'],1,2,0,1,no_drift,[],[],3744,0.1,374,0,0,0
12273,log_3502_1708943326.xes,0.3,na,['gradual'],1,2,0,1,sudden,[],[],3744,0.1,374,0,0,0
12274,log_3502_1708943326.xes,0.3,na,['gradual'],1,2,0,1,gradual_start,[1841],[1819],3744,0.1,374,1,0,1
12275,log_3502_1708943326.xes,0.3,na,['gradual'],1,2,0,1,gradual_end,[2266],[2233],3744,0.1,374,1,0,1
12276,log_3689_1708943326.xes,0.3,na,"['sudden', 'sudden', 'gradual']",3,4,2,1,no_drift,[],[],6520,0.1,652,0,0,0
12277,log_3689_1708943326.xes,0.3,na,"['sudden', 'sudden', 'gradual']",3,4,2,1,sudden,"[1035, 2479]","[2401, 993]",6520,0.1,652,2,0,2
12278,log_3689_1708943326.xes,0.3,na,"['sudden', 'sudden', 'gradual']",3,4,2,1,gradual_start,[4198],[],6520,0.1,652,0,0,1
12279,log_3689_1708943326.xes,0.3,na,"['sudden', 'sudden', 'gradual']",3,4,2,1,gradual_end,[4554],[],6520,0.1,652,0,0,1
12280,log_3575_1708943320.xes,0.6,na,"['gradual', 'gradual']",2,4,0,2,no_drift,[],[],4769,0.1,476,0,0,0
12281,log_3575_1708943320.xes,0.6,na,"['gradual', 'gradual']",2,4,0,2,sudden,[],[],4769,0.1,476,0,0,0
12282,log_3575_1708943320.xes,0.6,na,"['gradual', 'gradual']",2,4,0,2,gradual_start,"[1144, 3058]","[3060, 1105]",4769,0.1,476,2,0,2
12283,log_3575_1708943320.xes,0.6,na,"['gradual', 'gradual']",2,4,0,2,gradual_end,"[1458, 3589]","[3612, 1450]",4769,0.1,476,2,0,2
12284,log_2983_1708943323.xes,0.0,na,[],0,0,0,0,no_drift,[0],[0],3177,0.1,317,1,0,1
12285,log_2983_1708943323.xes,0.0,na,[],0,0,0,0,sudden,[],[],3177,0.1,317,0,0,0
12286,log_2983_1708943323.xes,0.0,na,[],0,0,0,0,gradual_start,[],[],3177,0.1,317,0,0,0
12287,log_2983_1708943323.xes,0.0,na,[],0,0,0,0,gradual_end,[],[],3177,0.1,317,0,0,0
12288,log_2773_1708943322.xes,0.0,na,['gradual'],1,2,0,1,no_drift,[],[],2994,0.1,299,0,0,0
12289,log_2773_1708943322.xes,0.0,na,['gradual'],1,2,0,1,sudden,[],[],2994,0.1,299,0,0,0
12290,log_2773_1708943322.xes,0.0,na,['gradual'],1,2,0,1,gradual_start,[1189],[1177],2994,0.1,299,1,0,1
12291,log_2773_1708943322.xes,0.0,na,['gradual'],1,2,0,1,gradual_end,[1632],[1625],2994,0.1,299,1,0,1
12292,log_3352_1708943323.xes,0.0,na,['gradual'],1,2,0,1,no_drift,[],[],3356,0.1,335,0,0,0
12293,log_3352_1708943323.xes,0.0,na,['gradual'],1,2,0,1,sudden,[],[],3356,0.1,335,0,0,0
12294,log_3352_1708943323.xes,0.0,na,['gradual'],1,2,0,1,gradual_start,[1725],[1713],3356,0.1,335,1,0,1
12295,log_3352_1708943323.xes,0.0,na,['gradual'],1,2,0,1,gradual_end,[2286],[2257],3356,0.1,335,1,0,1
12296,log_3427_1708943321.xes,0.3,na,"['gradual', 'sudden']",2,3,1,1,no_drift,[],[],5476,0.1,547,0,0,0
12297,log_3427_1708943321.xes,0.3,na,"['gradual', 'sudden']",2,3,1,1,sudden,[3684],[],5476,0.1,547,0,0,1
12298,log_3427_1708943321.xes,0.3,na,"['gradual', 'sudden']",2,3,1,1,gradual_start,[1905],[1891],5476,0.1,547,1,0,1
12299,log_3427_1708943321.xes,0.3,na,"['gradual', 'sudden']",2,3,1,1,gradual_end,[2477],[2458],5476,0.1,547,1,0,1
12300,log_3501_1708943321.xes,0.0,na,"['gradual', 'gradual', 'gradual']",3,6,0,3,no_drift,[],[],6699,0.1,669,0,0,0
12301,log_3501_1708943321.xes,0.0,na,"['gradual', 'gradual', 'gradual']",3,6,0,3,sudden,[],[],6699,0.1,669,0,0,0
12302,log_3501_1708943321.xes,0.0,na,"['gradual', 'gradual', 'gradual']",3,6,0,3,gradual_start,"[1323, 2781, 4790]","[2773, 4753]",6699,0.1,669,2,0,3
12303,log_3501_1708943321.xes,0.0,na,"['gradual', 'gradual', 'gradual']",3,6,0,3,gradual_end,"[1760, 3356, 5168]","[3334, 5149]",6699,0.1,669,2,0,3
12304,log_3428_1708943325.xes,0.3,na,"['gradual', 'gradual']",2,4,0,2,no_drift,[],[],5685,0.1,568,0,0,0
12305,log_3428_1708943325.xes,0.3,na,"['gradual', 'gradual']",2,4,0,2,sudden,[],[],5685,0.1,568,0,0,0
12306,log_3428_1708943325.xes,0.3,na,"['gradual', 'gradual']",2,4,0,2,gradual_start,"[1073, 3465]",[1065],5685,0.1,568,1,0,2
12307,log_3428_1708943325.xes,0.3,na,"['gradual', 'gradual']",2,4,0,2,gradual_end,"[1662, 3787]",[1653],5685,0.1,568,1,0,2
12308,log_3650_1708943322.xes,0.6,na,"['sudden', 'gradual', 'gradual']",3,5,1,2,no_drift,[],[0],7483,0.1,748,0,1,0
12309,log_3650_1708943322.xes,0.6,na,"['sudden', 'gradual', 'gradual']",3,5,1,2,sudden,[1825],[],7483,0.1,748,0,0,1
12310,log_3650_1708943322.xes,0.6,na,"['sudden', 'gradual', 'gradual']",3,5,1,2,gradual_start,"[2945, 4971]",[],7483,0.1,748,0,0,2
12311,log_3650_1708943322.xes,0.6,na,"['sudden', 'gradual', 'gradual']",3,5,1,2,gradual_end,"[3388, 5540]",[],7483,0.1,748,0,0,2
12312,log_3390_1708943327.xes,0.0,na,"['sudden', 'sudden']",2,2,2,0,no_drift,[],[],5275,0.1,527,0,0,0
12313,log_3390_1708943327.xes,0.0,na,"['sudden', 'sudden']",2,2,2,0,sudden,"[2001, 3521]","[1977, 3511]",5275,0.1,527,2,0,2
12314,log_3390_1708943327.xes,0.0,na,"['sudden', 'sudden']",2,2,2,0,gradual_start,[],[],5275,0.1,527,0,0,0
12315,log_3390_1708943327.xes,0.0,na,"['sudden', 'sudden']",2,2,2,0,gradual_end,[],[],5275,0.1,527,0,0,0
12316,log_2985_1708943328.xes,0.0,na,[],0,0,0,0,no_drift,[0],[0],3081,0.1,308,1,0,1
12317,log_2985_1708943328.xes,0.0,na,[],0,0,0,0,sudden,[],[],3081,0.1,308,0,0,0
12318,log_2985_1708943328.xes,0.0,na,[],0,0,0,0,gradual_start,[],[],3081,0.1,308,0,0,0
12319,log_2985_1708943328.xes,0.0,na,[],0,0,0,0,gradual_end,[],[],3081,0.1,308,0,0,0
12320,log_2944_1708943319.xes,0.6,na,['gradual'],1,2,0,1,no_drift,[],[],3174,0.1,317,0,0,0
12321,log_2944_1708943319.xes,0.6,na,['gradual'],1,2,0,1,sudden,[],[],3174,0.1,317,0,0,0
12322,log_2944_1708943319.xes,0.6,na,['gradual'],1,2,0,1,gradual_start,[1646],[1666],3174,0.1,317,1,0,1
12323,log_2944_1708943319.xes,0.6,na,['gradual'],1,2,0,1,gradual_end,[2151],[2131],3174,0.1,317,1,0,1
12324,log_3725_1708943324.xes,0.3,na,"['sudden', 'sudden', 'gradual']",3,4,2,1,no_drift,[],[],5491,0.1,549,0,0,0
12325,log_3725_1708943324.xes,0.3,na,"['sudden', 'sudden', 'gradual']",3,4,2,1,sudden,"[1503, 2718]",[2701],5491,0.1,549,1,0,2
12326,log_3725_1708943324.xes,0.3,na,"['sudden', 'sudden', 'gradual']",3,4,2,1,gradual_start,[3955],[3943],5491,0.1,549,1,0,1
12327,log_3725_1708943324.xes,0.3,na,"['sudden', 'sudden', 'gradual']",3,4,2,1,gradual_end,[4290],[4294],5491,0.1,549,1,0,1
12328,log_3464_1708943328.xes,0.6,na,[],0,0,0,0,no_drift,[0],[0],4452,0.1,445,1,0,1
12329,log_3464_1708943328.xes,0.6,na,[],0,0,0,0,sudden,[],[],4452,0.1,445,0,0,0
12330,log_3464_1708943328.xes,0.6,na,[],0,0,0,0,gradual_start,[],[],4452,0.1,445,0,0,0
12331,log_3464_1708943328.xes,0.6,na,[],0,0,0,0,gradual_end,[],[],4452,0.1,445,0,0,0
12332,log_3354_1708943327.xes,0.0,na,"['sudden', 'gradual']",2,3,1,1,no_drift,[],[],5559,0.1,555,0,0,0
12333,log_3354_1708943327.xes,0.0,na,"['sudden', 'gradual']",2,3,1,1,sudden,[1684],[1648],5559,0.1,555,1,0,1
12334,log_3354_1708943327.xes,0.0,na,"['sudden', 'gradual']",2,3,1,1,gradual_start,[3506],[],5559,0.1,555,0,0,1
12335,log_3354_1708943327.xes,0.0,na,"['sudden', 'gradual']",2,3,1,1,gradual_end,[3826],[],5559,0.1,555,0,0,1
12336,log_2986_1708943329.xes,0.6,na,[],0,0,0,0,no_drift,[0],[0],1761,0.1,176,1,0,1
12337,log_2986_1708943329.xes,0.6,na,[],0,0,0,0,sudden,[],[],1761,0.1,176,0,0,0
12338,log_2986_1708943329.xes,0.6,na,[],0,0,0,0,gradual_start,[],[],1761,0.1,176,0,0,0
12339,log_2986_1708943329.xes,0.6,na,[],0,0,0,0,gradual_end,[],[],1761,0.1,176,0,0,0
12340,log_3204_1708943324.xes,0.0,na,"['gradual', 'gradual']",2,4,0,2,no_drift,[],[],5190,0.1,519,0,0,0
12341,log_3204_1708943324.xes,0.0,na,"['gradual', 'gradual']",2,4,0,2,sudden,[],[],5190,0.1,519,0,0,0
12342,log_3204_1708943324.xes,0.0,na,"['gradual', 'gradual']",2,4,0,2,gradual_start,"[1266, 2997]",[1301],5190,0.1,519,1,0,2
12343,log_3204_1708943324.xes,0.0,na,"['gradual', 'gradual']",2,4,0,2,gradual_end,"[1792, 3365]",[1751],5190,0.1,519,1,0,2
12344,log_3463_1708943313.xes,0.3,na,"['sudden', 'sudden']",2,2,2,0,no_drift,[],[],5020,0.1,502,0,0,0
12345,log_3463_1708943313.xes,0.3,na,"['sudden', 'sudden']",2,2,2,0,sudden,"[1964, 3527]","[1926, 3476]",5020,0.1,502,2,0,2
12346,log_3463_1708943313.xes,0.3,na,"['sudden', 'sudden']",2,2,2,0,gradual_start,[],[],5020,0.1,502,0,0,0
12347,log_3463_1708943313.xes,0.3,na,"['sudden', 'sudden']",2,2,2,0,gradual_end,[],[],5020,0.1,502,0,0,0
12348,log_2987_1708943330.xes,0.0,na,[],0,0,0,0,no_drift,[0],[0],5796,0.1,579,1,0,1
12349,log_2987_1708943330.xes,0.0,na,[],0,0,0,0,sudden,[],[],5796,0.1,579,0,0,0
12350,log_2987_1708943330.xes,0.0,na,[],0,0,0,0,gradual_start,[],[],5796,0.1,579,0,0,0
12351,log_2987_1708943330.xes,0.0,na,[],0,0,0,0,gradual_end,[],[],5796,0.1,579,0,0,0
12352,log_3391_1708943329.xes,0.0,na,['gradual'],1,2,0,1,no_drift,[],[],3229,0.1,322,0,0,0
12353,log_3391_1708943329.xes,0.0,na,['gradual'],1,2,0,1,sudden,[],[],3229,0.1,322,0,0,0
12354,log_3391_1708943329.xes,0.0,na,['gradual'],1,2,0,1,gradual_start,[1120],[1089],3229,0.1,322,1,0,1
12355,log_3391_1708943329.xes,0.0,na,['gradual'],1,2,0,1,gradual_end,[1644],[1601],3229,0.1,322,1,0,1
12356,log_3466_1708943332.xes,0.0,na,[],0,0,0,0,no_drift,[0],[0],1475,0.1,147,1,0,1
12357,log_3466_1708943332.xes,0.0,na,[],0,0,0,0,sudden,[],[],1475,0.1,147,0,0,0
12358,log_3466_1708943332.xes,0.0,na,[],0,0,0,0,gradual_start,[],[],1475,0.1,147,0,0,0
12359,log_3466_1708943332.xes,0.0,na,[],0,0,0,0,gradual_end,[],[],1475,0.1,147,0,0,0
12360,log_2910_1708943328.xes,0.0,na,"['sudden', 'sudden']",2,2,2,0,no_drift,[],[],4778,0.1,477,0,0,0
12361,log_2910_1708943328.xes,0.0,na,"['sudden', 'sudden']",2,2,2,0,sudden,"[1138, 2823]",[2807],4778,0.1,477,1,0,2
12362,log_2910_1708943328.xes,0.0,na,"['sudden', 'sudden']",2,2,2,0,gradual_start,[],[],4778,0.1,477,0,0,0
12363,log_2910_1708943328.xes,0.0,na,"['sudden', 'sudden']",2,2,2,0,gradual_end,[],[],4778,0.1,477,0,0,0
12364,log_3577_1708943327.xes,0.6,na,['gradual'],1,2,0,1,no_drift,[],[],3137,0.1,313,0,0,0
12365,log_3577_1708943327.xes,0.6,na,['gradual'],1,2,0,1,sudden,[],[],3137,0.1,313,0,0,0
12366,log_3577_1708943327.xes,0.6,na,['gradual'],1,2,0,1,gradual_start,[1144],[1141],3137,0.1,313,1,0,1
12367,log_3577_1708943327.xes,0.6,na,['gradual'],1,2,0,1,gradual_end,[1600],[1606],3137,0.1,313,1,0,1
12368,log_3578_1708943332.xes,0.0,na,['sudden'],1,1,1,0,no_drift,[],[0],3437,0.1,343,0,1,0
12369,log_3578_1708943332.xes,0.0,na,['sudden'],1,1,1,0,sudden,[1476],[],3437,0.1,343,0,0,1
12370,log_3578_1708943332.xes,0.0,na,['sudden'],1,1,1,0,gradual_start,[],[],3437,0.1,343,0,0,0
12371,log_3578_1708943332.xes,0.0,na,['sudden'],1,1,1,0,gradual_end,[],[],3437,0.1,343,0,0,0
12372,log_3651_1708943330.xes,0.0,na,['gradual'],1,2,0,1,no_drift,[],[],3176,0.1,317,0,0,0
12373,log_3651_1708943330.xes,0.0,na,['gradual'],1,2,0,1,sudden,[],[],3176,0.1,317,0,0,0
12374,log_3651_1708943330.xes,0.0,na,['gradual'],1,2,0,1,gradual_start,[1384],[1366],3176,0.1,317,1,0,1
12375,log_3651_1708943330.xes,0.0,na,['gradual'],1,2,0,1,gradual_end,[1727],[1711],3176,0.1,317,1,0,1
12376,log_3465_1708943331.xes,0.0,na,"['sudden', 'sudden']",2,2,2,0,no_drift,[],[],3711,0.1,371,0,0,0
12377,log_3465_1708943331.xes,0.0,na,"['sudden', 'sudden']",2,2,2,0,sudden,"[1180, 2198]",[2197],3711,0.1,371,1,0,2
12378,log_3465_1708943331.xes,0.0,na,"['sudden', 'sudden']",2,2,2,0,gradual_start,[],[],3711,0.1,371,0,0,0
12379,log_3465_1708943331.xes,0.0,na,"['sudden', 'sudden']",2,2,2,0,gradual_end,[],[],3711,0.1,371,0,0,0
12380,log_3205_1708943330.xes,0.0,na,['gradual'],1,2,0,1,no_drift,[],[],3174,0.1,317,0,0,0
12381,log_3205_1708943330.xes,0.0,na,['gradual'],1,2,0,1,sudden,[],[],3174,0.1,317,0,0,0
12382,log_3205_1708943330.xes,0.0,na,['gradual'],1,2,0,1,gradual_start,[1584],[1561],3174,0.1,317,1,0,1
12383,log_3205_1708943330.xes,0.0,na,['gradual'],1,2,0,1,gradual_end,[1989],[1981],3174,0.1,317,1,0,1
12384,log_3164_1708943330.xes,0.0,na,['gradual'],1,2,0,1,no_drift,[],[],2793,0.1,279,0,0,0
12385,log_3164_1708943330.xes,0.0,na,['gradual'],1,2,0,1,sudden,[],[],2793,0.1,279,0,0,0
12386,log_3164_1708943330.xes,0.0,na,['gradual'],1,2,0,1,gradual_start,[1330],[1314],2793,0.1,279,1,0,1
12387,log_3164_1708943330.xes,0.0,na,['gradual'],1,2,0,1,gradual_end,[1783],[1769],2793,0.1,279,1,0,1
12388,log_3277_1708943325.xes,0.0,na,['gradual'],1,2,0,1,no_drift,[],[],4238,0.1,423,0,0,0
12389,log_3277_1708943325.xes,0.0,na,['gradual'],1,2,0,1,sudden,[],[],4238,0.1,423,0,0,0
12390,log_3277_1708943325.xes,0.0,na,['gradual'],1,2,0,1,gradual_start,[1915],[1891],4238,0.1,423,1,0,1
12391,log_3277_1708943325.xes,0.0,na,['gradual'],1,2,0,1,gradual_end,[2433],[2416],4238,0.1,423,1,0,1
12392,log_2774_1708943325.xes,0.6,na,"['sudden', 'gradual', 'sudden']",3,4,2,1,no_drift,[],[0],5804,0.1,580,0,1,0
12393,log_2774_1708943325.xes,0.6,na,"['sudden', 'gradual', 'sudden']",3,4,2,1,sudden,"[1537, 4652]",[],5804,0.1,580,0,0,2
12394,log_2774_1708943325.xes,0.6,na,"['sudden', 'gradual', 'sudden']",3,4,2,1,gradual_start,[2552],[],5804,0.1,580,0,0,1
12395,log_2774_1708943325.xes,0.6,na,"['sudden', 'gradual', 'sudden']",3,4,2,1,gradual_end,[2874],[],5804,0.1,580,0,0,1
12396,log_2945_1708943326.xes,0.3,na,"['gradual', 'sudden', 'gradual']",3,5,1,2,no_drift,[],[],7235,0.1,723,0,0,0
12397,log_2945_1708943326.xes,0.3,na,"['gradual', 'sudden', 'gradual']",3,5,1,2,sudden,[3674],[3637],7235,0.1,723,1,0,1
12398,log_2945_1708943326.xes,0.3,na,"['gradual', 'sudden', 'gradual']",3,5,1,2,gradual_start,"[1705, 4986]",[],7235,0.1,723,0,0,2
12399,log_2945_1708943326.xes,0.3,na,"['gradual', 'sudden', 'gradual']",3,5,1,2,gradual_end,"[2196, 5380]",[],7235,0.1,723,0,0,2
12400,log_2874_1708943328.xes,0.6,na,"['sudden', 'sudden']",2,2,2,0,no_drift,[],[],3632,0.1,363,0,0,0
12401,log_2874_1708943328.xes,0.6,na,"['sudden', 'sudden']",2,2,2,0,sudden,"[1405, 2496]",[1387],3632,0.1,363,1,0,2
12402,log_2874_1708943328.xes,0.6,na,"['sudden', 'sudden']",2,2,2,0,gradual_start,[],[],3632,0.1,363,0,0,0
12403,log_2874_1708943328.xes,0.6,na,"['sudden', 'sudden']",2,2,2,0,gradual_end,[],[],3632,0.1,363,0,0,0
12404,log_2911_1708943333.xes,0.6,na,[],0,0,0,0,no_drift,[0],[0],3228,0.1,322,1,0,1
12405,log_2911_1708943333.xes,0.6,na,[],0,0,0,0,sudden,[],[],3228,0.1,322,0,0,0
12406,log_2911_1708943333.xes,0.6,na,[],0,0,0,0,gradual_start,[],[],3228,0.1,322,0,0,0
12407,log_2911_1708943333.xes,0.6,na,[],0,0,0,0,gradual_end,[],[],3228,0.1,322,0,0,0
12408,log_3278_1708943331.xes,0.0,na,[],0,0,0,0,no_drift,[0],[0],3891,0.1,389,1,0,1
12409,log_3278_1708943331.xes,0.0,na,[],0,0,0,0,sudden,[],[],3891,0.1,389,0,0,0
12410,log_3278_1708943331.xes,0.0,na,[],0,0,0,0,gradual_start,[],[],3891,0.1,389,0,0,0
12411,log_3278_1708943331.xes,0.0,na,[],0,0,0,0,gradual_end,[],[],3891,0.1,389,0,0,0
12412,log_3615_1708943328.xes,0.6,na,"['gradual', 'sudden']",2,3,1,1,no_drift,[],[],5244,0.1,524,0,0,0
12413,log_3615_1708943328.xes,0.6,na,"['gradual', 'sudden']",2,3,1,1,sudden,[3260],[],5244,0.1,524,0,0,1
12414,log_3615_1708943328.xes,0.6,na,"['gradual', 'sudden']",2,3,1,1,gradual_start,[1283],[1223],5244,0.1,524,1,0,1
12415,log_3615_1708943328.xes,0.6,na,"['gradual', 'sudden']",2,3,1,1,gradual_end,[1693],[1717],5244,0.1,524,1,0,1
12416,log_3128_1708943329.xes,0.0,na,"['gradual', 'gradual', 'sudden']",3,5,1,2,no_drift,[],[],7955,0.1,795,0,0,0
12417,log_3128_1708943329.xes,0.0,na,"['gradual', 'gradual', 'sudden']",3,5,1,2,sudden,[5957],[],7955,0.1,795,0,0,1
12418,log_3128_1708943329.xes,0.0,na,"['gradual', 'gradual', 'sudden']",3,5,1,2,gradual_start,"[1887, 3494]",[3472],7955,0.1,795,1,0,2
12419,log_3128_1708943329.xes,0.0,na,"['gradual', 'gradual', 'sudden']",3,5,1,2,gradual_end,"[2319, 4018]",[3979],7955,0.1,795,1,0,2
12420,log_3504_1708943334.xes,0.6,na,"['gradual', 'sudden']",2,3,1,1,no_drift,[],[],5468,0.1,546,0,0,0
12421,log_3504_1708943334.xes,0.6,na,"['gradual', 'sudden']",2,3,1,1,sudden,[3882],[],5468,0.1,546,0,0,1
12422,log_3504_1708943334.xes,0.6,na,"['gradual', 'sudden']",2,3,1,1,gradual_start,[1813],[1864],5468,0.1,546,1,0,1
12423,log_3504_1708943334.xes,0.6,na,"['gradual', 'sudden']",2,3,1,1,gradual_end,[2375],[2377],5468,0.1,546,1,0,1
12424,log_3652_1708943332.xes,0.0,na,"['sudden', 'gradual']",2,3,1,1,no_drift,[],[],5321,0.1,532,0,0,0
12425,log_3652_1708943332.xes,0.0,na,"['sudden', 'gradual']",2,3,1,1,sudden,[1481],[1457],5321,0.1,532,1,0,1
12426,log_3652_1708943332.xes,0.0,na,"['sudden', 'gradual']",2,3,1,1,gradual_start,[2845],[2861],5321,0.1,532,1,0,1
12427,log_3652_1708943332.xes,0.0,na,"['sudden', 'gradual']",2,3,1,1,gradual_end,[3354],[3433],5321,0.1,532,1,0,1
12428,log_3503_1708943329.xes,0.6,na,"['gradual', 'sudden', 'gradual']",3,5,1,2,no_drift,[],[],6926,0.1,692,0,0,0
12429,log_3503_1708943329.xes,0.6,na,"['gradual', 'sudden', 'gradual']",3,5,1,2,sudden,[3546],[3537],6926,0.1,692,1,0,1
12430,log_3503_1708943329.xes,0.6,na,"['gradual', 'sudden', 'gradual']",3,5,1,2,gradual_start,"[1984, 4626]",[4625],6926,0.1,692,1,0,2
12431,log_3503_1708943329.xes,0.6,na,"['gradual', 'sudden', 'gradual']",3,5,1,2,gradual_end,"[2495, 4958]",[4965],6926,0.1,692,1,0,2
12432,log_3051_1708943319.xes,0.0,na,"['sudden', 'gradual', 'sudden']",3,4,2,1,no_drift,[],[],6374,0.1,637,0,0,0
12433,log_3051_1708943319.xes,0.0,na,"['sudden', 'gradual', 'sudden']",3,4,2,1,sudden,"[1350, 5007]","[4961, 1334]",6374,0.1,637,2,0,2
12434,log_3051_1708943319.xes,0.0,na,"['sudden', 'gradual', 'sudden']",3,4,2,1,gradual_start,[2824],[2822],6374,0.1,637,1,0,1
12435,log_3051_1708943319.xes,0.0,na,"['sudden', 'gradual', 'sudden']",3,4,2,1,gradual_end,[3380],[3318],6374,0.1,637,1,0,1
12436,log_3314_1708943322.xes,0.6,na,[],0,0,0,0,no_drift,[0],[0],7000,0.1,700,1,0,1
12437,log_3314_1708943322.xes,0.6,na,[],0,0,0,0,sudden,[],[],7000,0.1,700,0,0,0
12438,log_3314_1708943322.xes,0.6,na,[],0,0,0,0,gradual_start,[],[],7000,0.1,700,0,0,0
12439,log_3314_1708943322.xes,0.6,na,[],0,0,0,0,gradual_end,[],[],7000,0.1,700,0,0,0
12440,log_3690_1708943329.xes,0.3,na,['sudden'],1,1,1,0,no_drift,[],[0],2502,0.1,250,0,1,0
12441,log_3690_1708943329.xes,0.3,na,['sudden'],1,1,1,0,sudden,[1128],[],2502,0.1,250,0,0,1
12442,log_3690_1708943329.xes,0.3,na,['sudden'],1,1,1,0,gradual_start,[],[],2502,0.1,250,0,0,0
12443,log_3690_1708943329.xes,0.3,na,['sudden'],1,1,1,0,gradual_end,[],[],2502,0.1,250,0,0,0
12444,log_3392_1708943332.xes,0.3,na,[],0,0,0,0,no_drift,[0],[0],4353,0.1,435,1,0,1
12445,log_3392_1708943332.xes,0.3,na,[],0,0,0,0,sudden,[],[],4353,0.1,435,0,0,0
12446,log_3392_1708943332.xes,0.3,na,[],0,0,0,0,gradual_start,[],[],4353,0.1,435,0,0,0
12447,log_3392_1708943332.xes,0.3,na,[],0,0,0,0,gradual_end,[],[],4353,0.1,435,0,0,0
12448,log_3468_1708943336.xes,0.0,na,['sudden'],1,1,1,0,no_drift,[],[0],2906,0.1,290,0,1,0
12449,log_3468_1708943336.xes,0.0,na,['sudden'],1,1,1,0,sudden,[1752],[],2906,0.1,290,0,0,1
12450,log_3468_1708943336.xes,0.0,na,['sudden'],1,1,1,0,gradual_start,[],[],2906,0.1,290,0,0,0
12451,log_3468_1708943336.xes,0.0,na,['sudden'],1,1,1,0,gradual_end,[],[],2906,0.1,290,0,0,0
12452,log_3165_1708943333.xes,0.3,na,[],0,0,0,0,no_drift,[0],[0],4680,0.1,468,1,0,1
12453,log_3165_1708943333.xes,0.3,na,[],0,0,0,0,sudden,[],[],4680,0.1,468,0,0,0
12454,log_3165_1708943333.xes,0.3,na,[],0,0,0,0,gradual_start,[],[],4680,0.1,468,0,0,0
12455,log_3165_1708943333.xes,0.3,na,[],0,0,0,0,gradual_end,[],[],4680,0.1,468,0,0,0
12456,log_3579_1708943333.xes,0.6,na,"['sudden', 'sudden']",2,2,2,0,no_drift,[],[],4436,0.1,443,0,0,0
12457,log_3579_1708943333.xes,0.6,na,"['sudden', 'sudden']",2,2,2,0,sudden,"[1817, 3243]","[3213, 1783]",4436,0.1,443,2,0,2
12458,log_3579_1708943333.xes,0.6,na,"['sudden', 'sudden']",2,2,2,0,gradual_start,[],[],4436,0.1,443,0,0,0
12459,log_3579_1708943333.xes,0.6,na,"['sudden', 'sudden']",2,2,2,0,gradual_end,[],[],4436,0.1,443,0,0,0
12460,log_3726_1708943329.xes,0.0,na,"['sudden', 'sudden', 'sudden']",3,3,3,0,no_drift,[],[],6159,0.1,615,0,0,0
12461,log_3726_1708943329.xes,0.0,na,"['sudden', 'sudden', 'sudden']",3,3,3,0,sudden,"[1760, 3747, 4887]","[3721, 1741, 4861]",6159,0.1,615,3,0,3
12462,log_3726_1708943329.xes,0.0,na,"['sudden', 'sudden', 'sudden']",3,3,3,0,gradual_start,[],[],6159,0.1,615,0,0,0
12463,log_3726_1708943329.xes,0.0,na,"['sudden', 'sudden', 'sudden']",3,3,3,0,gradual_end,[],[],6159,0.1,615,0,0,0
12464,log_3129_1708943334.xes,0.0,na,['gradual'],1,2,0,1,no_drift,[],[],4227,0.1,422,0,0,0
12465,log_3129_1708943334.xes,0.0,na,['gradual'],1,2,0,1,sudden,[],[],4227,0.1,422,0,0,0
12466,log_3129_1708943334.xes,0.0,na,['gradual'],1,2,0,1,gradual_start,[1884],[1849],4227,0.1,422,1,0,1
12467,log_3129_1708943334.xes,0.0,na,['gradual'],1,2,0,1,gradual_end,[2361],[2353],4227,0.1,422,1,0,1
12468,log_3467_1708943333.xes,0.6,na,['gradual'],1,2,0,1,no_drift,[],[0],4304,0.1,430,0,1,0
12469,log_3467_1708943333.xes,0.6,na,['gradual'],1,2,0,1,sudden,[],[],4304,0.1,430,0,0,0
12470,log_3467_1708943333.xes,0.6,na,['gradual'],1,2,0,1,gradual_start,[1925],[],4304,0.1,430,0,0,1
12471,log_3467_1708943333.xes,0.6,na,['gradual'],1,2,0,1,gradual_end,[2415],[],4304,0.1,430,0,0,1
12472,log_3393_1708943336.xes,0.3,na,[],0,0,0,0,no_drift,[0],[0],3430,0.1,343,1,0,1
12473,log_3393_1708943336.xes,0.3,na,[],0,0,0,0,sudden,[],[],3430,0.1,343,0,0,0
12474,log_3393_1708943336.xes,0.3,na,[],0,0,0,0,gradual_start,[],[],3430,0.1,343,0,0,0
12475,log_3393_1708943336.xes,0.3,na,[],0,0,0,0,gradual_end,[],[],3430,0.1,343,0,0,0
12476,log_3429_1708943329.xes,0.0,na,"['gradual', 'gradual', 'gradual']",3,6,0,3,no_drift,[],[],6529,0.1,652,0,0,0
12477,log_3429_1708943329.xes,0.0,na,"['gradual', 'gradual', 'gradual']",3,6,0,3,sudden,[],[],6529,0.1,652,0,0,0
12478,log_3429_1708943329.xes,0.0,na,"['gradual', 'gradual', 'gradual']",3,6,0,3,gradual_start,"[1506, 2966, 4610]",[2945],6529,0.1,652,1,0,3
12479,log_3429_1708943329.xes,0.0,na,"['gradual', 'gradual', 'gradual']",3,6,0,3,gradual_end,"[1954, 3492, 5111]",[3393],6529,0.1,652,1,0,3
12480,log_3355_1708943330.xes,0.0,na,"['gradual', 'sudden']",2,3,1,1,no_drift,[],[0],4655,0.1,465,0,1,0
12481,log_3355_1708943330.xes,0.0,na,"['gradual', 'sudden']",2,3,1,1,sudden,[3442],[],4655,0.1,465,0,0,1
12482,log_3355_1708943330.xes,0.0,na,"['gradual', 'sudden']",2,3,1,1,gradual_start,[1558],[],4655,0.1,465,0,0,1
12483,log_3355_1708943330.xes,0.0,na,"['gradual', 'sudden']",2,3,1,1,gradual_end,[1927],[],4655,0.1,465,0,0,1
12484,log_3091_1708943325.xes,0.3,na,[],0,0,0,0,no_drift,[0],[0],6652,0.1,665,1,0,1
12485,log_3091_1708943325.xes,0.3,na,[],0,0,0,0,sudden,[],[],6652,0.1,665,0,0,0
12486,log_3091_1708943325.xes,0.3,na,[],0,0,0,0,gradual_start,[],[],6652,0.1,665,0,0,0
12487,log_3091_1708943325.xes,0.3,na,[],0,0,0,0,gradual_end,[],[],6652,0.1,665,0,0,0
12488,log_2875_1708943333.xes,0.0,na,"['sudden', 'sudden', 'sudden']",3,3,3,0,no_drift,[],[],6440,0.1,644,0,0,0
12489,log_2875_1708943333.xes,0.0,na,"['sudden', 'sudden', 'sudden']",3,3,3,0,sudden,"[1765, 3686, 5377]","[3649, 5345]",6440,0.1,644,2,0,3
12490,log_2875_1708943333.xes,0.0,na,"['sudden', 'sudden', 'sudden']",3,3,3,0,gradual_start,[],[],6440,0.1,644,0,0,0
12491,log_2875_1708943333.xes,0.0,na,"['sudden', 'sudden', 'sudden']",3,3,3,0,gradual_end,[],[],6440,0.1,644,0,0,0
12492,log_3238_1708943337.xes,0.3,na,['sudden'],1,1,1,0,no_drift,[],[0],2808,0.1,280,0,1,0
12493,log_3238_1708943337.xes,0.3,na,['sudden'],1,1,1,0,sudden,[1510],[],2808,0.1,280,0,0,1
12494,log_3238_1708943337.xes,0.3,na,['sudden'],1,1,1,0,gradual_start,[],[],2808,0.1,280,0,0,0
12495,log_3238_1708943337.xes,0.3,na,['sudden'],1,1,1,0,gradual_end,[],[],2808,0.1,280,0,0,0
12496,log_3727_1708943337.xes,0.0,na,['gradual'],1,2,0,1,no_drift,[],[],4084,0.1,408,0,0,0
12497,log_3727_1708943337.xes,0.0,na,['gradual'],1,2,0,1,sudden,[],[],4084,0.1,408,0,0,0
12498,log_3727_1708943337.xes,0.0,na,['gradual'],1,2,0,1,gradual_start,[1945],[1961],4084,0.1,408,1,0,1
12499,log_3727_1708943337.xes,0.0,na,['gradual'],1,2,0,1,gradual_end,[2271],[2261],4084,0.1,408,1,0,1
12500,log_2946_1708943333.xes,0.0,na,[],0,0,0,0,no_drift,[0],[0],4563,0.1,456,1,0,1
12501,log_2946_1708943333.xes,0.0,na,[],0,0,0,0,sudden,[],[],4563,0.1,456,0,0,0
12502,log_2946_1708943333.xes,0.0,na,[],0,0,0,0,gradual_start,[],[],4563,0.1,456,0,0,0
12503,log_2946_1708943333.xes,0.0,na,[],0,0,0,0,gradual_end,[],[],4563,0.1,456,0,0,0
12504,log_3315_1708943334.xes,0.0,na,"['sudden', 'sudden']",2,2,2,0,no_drift,[],[],5357,0.1,535,0,0,0
12505,log_3315_1708943334.xes,0.0,na,"['sudden', 'sudden']",2,2,2,0,sudden,"[1861, 3844]",[3823],5357,0.1,535,1,0,2
12506,log_3315_1708943334.xes,0.0,na,"['sudden', 'sudden']",2,2,2,0,gradual_start,[],[],5357,0.1,535,0,0,0
12507,log_3315_1708943334.xes,0.0,na,"['sudden', 'sudden']",2,2,2,0,gradual_end,[],[],5357,0.1,535,0,0,0
12508,log_3239_1708943339.xes,0.0,na,['sudden'],1,1,1,0,no_drift,[],[],2363,0.1,236,0,0,0
12509,log_3239_1708943339.xes,0.0,na,['sudden'],1,1,1,0,sudden,[1349],[1354],2363,0.1,236,1,0,1
12510,log_3239_1708943339.xes,0.0,na,['sudden'],1,1,1,0,gradual_start,[],[],2363,0.1,236,0,0,0
12511,log_3239_1708943339.xes,0.0,na,['sudden'],1,1,1,0,gradual_end,[],[],2363,0.1,236,0,0,0
12512,log_3279_1708943334.xes,0.0,na,"['gradual', 'gradual', 'gradual']",3,6,0,3,no_drift,[],[0],7179,0.1,717,0,1,0
12513,log_3279_1708943334.xes,0.0,na,"['gradual', 'gradual', 'gradual']",3,6,0,3,sudden,[],[],7179,0.1,717,0,0,0
12514,log_3279_1708943334.xes,0.0,na,"['gradual', 'gradual', 'gradual']",3,6,0,3,gradual_start,"[1508, 3876, 5701]",[],7179,0.1,717,0,0,3
12515,log_3279_1708943334.xes,0.0,na,"['gradual', 'gradual', 'gradual']",3,6,0,3,gradual_end,"[2017, 4341, 6091]",[],7179,0.1,717,0,0,3
12516,log_3653_1708943336.xes,0.0,na,"['sudden', 'sudden']",2,2,2,0,no_drift,[],[],4223,0.1,422,0,0,0
12517,log_3653_1708943336.xes,0.0,na,"['sudden', 'sudden']",2,2,2,0,sudden,"[1106, 3062]","[3025, 1072]",4223,0.1,422,2,0,2
12518,log_3653_1708943336.xes,0.0,na,"['sudden', 'sudden']",2,2,2,0,gradual_start,[],[],4223,0.1,422,0,0,0
12519,log_3653_1708943336.xes,0.0,na,"['sudden', 'sudden']",2,2,2,0,gradual_end,[],[],4223,0.1,422,0,0,0
12520,log_3616_1708943334.xes,0.0,na,['gradual'],1,2,0,1,no_drift,[],[],4372,0.1,437,0,0,0
12521,log_3616_1708943334.xes,0.0,na,['gradual'],1,2,0,1,sudden,[],[],4372,0.1,437,0,0,0
12522,log_3616_1708943334.xes,0.0,na,['gradual'],1,2,0,1,gradual_start,[1964],[1975],4372,0.1,437,1,0,1
12523,log_3616_1708943334.xes,0.0,na,['gradual'],1,2,0,1,gradual_end,[2553],[2563],4372,0.1,437,1,0,1
12524,log_3505_1708943336.xes,0.0,na,"['gradual', 'gradual', 'sudden']",3,5,1,2,no_drift,[],[],6360,0.1,636,0,0,0
12525,log_3505_1708943336.xes,0.0,na,"['gradual', 'gradual', 'sudden']",3,5,1,2,sudden,[5241],[5209],6360,0.1,636,1,0,1
12526,log_3505_1708943336.xes,0.0,na,"['gradual', 'gradual', 'sudden']",3,5,1,2,gradual_start,"[1218, 3059]",[3039],6360,0.1,636,1,0,2
12527,log_3505_1708943336.xes,0.0,na,"['gradual', 'gradual', 'sudden']",3,5,1,2,gradual_end,"[1590, 3472]",[3473],6360,0.1,636,1,0,2
12528,log_3506_1708943339.xes,0.6,na,[],0,0,0,0,no_drift,[0],[0],1042,0.1,104,1,0,1
12529,log_3506_1708943339.xes,0.6,na,[],0,0,0,0,sudden,[],[],1042,0.1,104,0,0,0
12530,log_3506_1708943339.xes,0.6,na,[],0,0,0,0,gradual_start,[],[],1042,0.1,104,0,0,0
12531,log_3506_1708943339.xes,0.6,na,[],0,0,0,0,gradual_end,[],[],1042,0.1,104,0,0,0
12532,log_3316_1708943339.xes,0.0,na,['sudden'],1,1,1,0,no_drift,[],[],3178,0.1,317,0,0,0
12533,log_3316_1708943339.xes,0.0,na,['sudden'],1,1,1,0,sudden,[1938],[1921],3178,0.1,317,1,0,1
12534,log_3316_1708943339.xes,0.0,na,['sudden'],1,1,1,0,gradual_start,[],[],3178,0.1,317,0,0,0
12535,log_3316_1708943339.xes,0.0,na,['sudden'],1,1,1,0,gradual_end,[],[],3178,0.1,317,0,0,0
12536,log_2876_1708943337.xes,0.3,na,[],0,0,0,0,no_drift,[0],[0],1350,0.1,135,1,0,1
12537,log_2876_1708943337.xes,0.3,na,[],0,0,0,0,sudden,[],[],1350,0.1,135,0,0,0
12538,log_2876_1708943337.xes,0.3,na,[],0,0,0,0,gradual_start,[],[],1350,0.1,135,0,0,0
12539,log_2876_1708943337.xes,0.3,na,[],0,0,0,0,gradual_end,[],[],1350,0.1,135,0,0,0
12540,log_3092_1708943337.xes,0.3,na,[],0,0,0,0,no_drift,[0],[0],3990,0.1,399,1,0,1
12541,log_3092_1708943337.xes,0.3,na,[],0,0,0,0,sudden,[],[],3990,0.1,399,0,0,0
12542,log_3092_1708943337.xes,0.3,na,[],0,0,0,0,gradual_start,[],[],3990,0.1,399,0,0,0
12543,log_3092_1708943337.xes,0.3,na,[],0,0,0,0,gradual_end,[],[],3990,0.1,399,0,0,0
12544,log_3237_1708943317.xes,0.3,na,"['gradual', 'gradual']",2,4,0,2,no_drift,[],[],5000,0.1,500,0,0,0
12545,log_3237_1708943317.xes,0.3,na,"['gradual', 'gradual']",2,4,0,2,sudden,[],[],5000,0.1,500,0,0,0
12546,log_3237_1708943317.xes,0.3,na,"['gradual', 'gradual']",2,4,0,2,gradual_start,"[1269, 2994]",[2976],5000,0.1,500,1,0,2
12547,log_3237_1708943317.xes,0.3,na,"['gradual', 'gradual']",2,4,0,2,gradual_end,"[1669, 3489]",[3451],5000,0.1,500,1,0,2
12548,log_3356_1708943337.xes,0.6,na,"['sudden', 'sudden']",2,2,2,0,no_drift,[],[],4921,0.1,492,0,0,0
12549,log_3356_1708943337.xes,0.6,na,"['sudden', 'sudden']",2,2,2,0,sudden,"[1145, 2953]","[2929, 1129]",4921,0.1,492,2,0,2
12550,log_3356_1708943337.xes,0.6,na,"['sudden', 'sudden']",2,2,2,0,gradual_start,[],[],4921,0.1,492,0,0,0
12551,log_3356_1708943337.xes,0.6,na,"['sudden', 'sudden']",2,2,2,0,gradual_end,[],[],4921,0.1,492,0,0,0
12552,log_3469_1708943337.xes,0.6,na,['sudden'],1,1,1,0,no_drift,[],[],3072,0.1,307,0,0,0
12553,log_3469_1708943337.xes,0.6,na,['sudden'],1,1,1,0,sudden,[1522],[1516],3072,0.1,307,1,0,1
12554,log_3469_1708943337.xes,0.6,na,['sudden'],1,1,1,0,gradual_start,[],[],3072,0.1,307,0,0,0
12555,log_3469_1708943337.xes,0.6,na,['sudden'],1,1,1,0,gradual_end,[],[],3072,0.1,307,0,0,0
12556,log_3507_1708943340.xes,0.0,na,[],0,0,0,0,no_drift,[0],[0],1292,0.1,129,1,0,1
12557,log_3507_1708943340.xes,0.0,na,[],0,0,0,0,sudden,[],[],1292,0.1,129,0,0,0
12558,log_3507_1708943340.xes,0.0,na,[],0,0,0,0,gradual_start,[],[],1292,0.1,129,0,0,0
12559,log_3507_1708943340.xes,0.0,na,[],0,0,0,0,gradual_end,[],[],1292,0.1,129,0,0,0
12560,log_3240_1708943339.xes,0.0,na,[],0,0,0,0,no_drift,[0],[0],2688,0.1,268,1,0,1
12561,log_3240_1708943339.xes,0.0,na,[],0,0,0,0,sudden,[],[],2688,0.1,268,0,0,0
12562,log_3240_1708943339.xes,0.0,na,[],0,0,0,0,gradual_start,[],[],2688,0.1,268,0,0,0
12563,log_3240_1708943339.xes,0.0,na,[],0,0,0,0,gradual_end,[],[],2688,0.1,268,0,0,0
12564,log_3027_1708943321.xes,0.6,na,"['sudden', 'gradual', 'gradual']",3,5,1,2,no_drift,[],[],8062,0.1,806,0,0,0
12565,log_3027_1708943321.xes,0.6,na,"['sudden', 'gradual', 'gradual']",3,5,1,2,sudden,[1686],[],8062,0.1,806,0,0,1
12566,log_3027_1708943321.xes,0.6,na,"['sudden', 'gradual', 'gradual']",3,5,1,2,gradual_start,"[3679, 5650]",[3641],8062,0.1,806,1,0,2
12567,log_3027_1708943321.xes,0.6,na,"['sudden', 'gradual', 'gradual']",3,5,1,2,gradual_end,"[4070, 6206]",[4081],8062,0.1,806,1,0,2
12568,log_3430_1708943337.xes,0.0,na,['sudden'],1,1,1,0,no_drift,[],[],2908,0.1,290,0,0,0
12569,log_3430_1708943337.xes,0.0,na,['sudden'],1,1,1,0,sudden,[1025],[1023],2908,0.1,290,1,0,1
12570,log_3430_1708943337.xes,0.0,na,['sudden'],1,1,1,0,gradual_start,[],[],2908,0.1,290,0,0,0
12571,log_3430_1708943337.xes,0.0,na,['sudden'],1,1,1,0,gradual_end,[],[],2908,0.1,290,0,0,0
12572,log_3394_1708943338.xes,0.0,na,"['gradual', 'sudden']",2,3,1,1,no_drift,[],[],4428,0.1,442,0,0,0
12573,log_3394_1708943338.xes,0.0,na,"['gradual', 'sudden']",2,3,1,1,sudden,[2611],[2597],4428,0.1,442,1,0,1
12574,log_3394_1708943338.xes,0.0,na,"['gradual', 'sudden']",2,3,1,1,gradual_start,[1146],[],4428,0.1,442,0,0,1
12575,log_3394_1708943338.xes,0.0,na,"['gradual', 'sudden']",2,3,1,1,gradual_end,[1501],[],4428,0.1,442,0,0,1
12576,log_3728_1708943339.xes,0.0,na,[],0,0,0,0,no_drift,[0],[0],4410,0.1,441,1,0,1
12577,log_3728_1708943339.xes,0.0,na,[],0,0,0,0,sudden,[],[],4410,0.1,441,0,0,0
12578,log_3728_1708943339.xes,0.0,na,[],0,0,0,0,gradual_start,[],[],4410,0.1,441,0,0,0
12579,log_3728_1708943339.xes,0.0,na,[],0,0,0,0,gradual_end,[],[],4410,0.1,441,0,0,0
12580,log_3052_1708943334.xes,0.6,na,[],0,0,0,0,no_drift,[0],[0],7832,0.1,783,1,0,1
12581,log_3052_1708943334.xes,0.6,na,[],0,0,0,0,sudden,[],[],7832,0.1,783,0,0,0
12582,log_3052_1708943334.xes,0.6,na,[],0,0,0,0,gradual_start,[],[],7832,0.1,783,0,0,0
12583,log_3052_1708943334.xes,0.6,na,[],0,0,0,0,gradual_end,[],[],7832,0.1,783,0,0,0
12584,log_3130_1708943337.xes,0.3,na,"['sudden', 'sudden']",2,2,2,0,no_drift,[],[],4258,0.1,425,0,0,0
12585,log_3130_1708943337.xes,0.3,na,"['sudden', 'sudden']",2,2,2,0,sudden,"[1372, 2650]","[2647, 1345]",4258,0.1,425,2,0,2
12586,log_3130_1708943337.xes,0.3,na,"['sudden', 'sudden']",2,2,2,0,gradual_start,[],[],4258,0.1,425,0,0,0
12587,log_3130_1708943337.xes,0.3,na,"['sudden', 'sudden']",2,2,2,0,gradual_end,[],[],4258,0.1,425,0,0,0
12588,log_3617_1708943339.xes,0.3,na,['sudden'],1,1,1,0,no_drift,[],[0],3735,0.1,373,0,1,0
12589,log_3617_1708943339.xes,0.3,na,['sudden'],1,1,1,0,sudden,[1762],[],3735,0.1,373,0,0,1
12590,log_3617_1708943339.xes,0.3,na,['sudden'],1,1,1,0,gradual_start,[],[],3735,0.1,373,0,0,0
12591,log_3617_1708943339.xes,0.3,na,['sudden'],1,1,1,0,gradual_end,[],[],3735,0.1,373,0,0,0
12592,log_3241_1708943340.xes,0.0,na,"['sudden', 'sudden']",2,2,2,0,no_drift,[],[],4547,0.1,454,0,0,0
12593,log_3241_1708943340.xes,0.0,na,"['sudden', 'sudden']",2,2,2,0,sudden,"[1543, 2981]","[2971, 1519]",4547,0.1,454,2,0,2
12594,log_3241_1708943340.xes,0.0,na,"['sudden', 'sudden']",2,2,2,0,gradual_start,[],[],4547,0.1,454,0,0,0
12595,log_3241_1708943340.xes,0.0,na,"['sudden', 'sudden']",2,2,2,0,gradual_end,[],[],4547,0.1,454,0,0,0
12596,log_3729_1708943342.xes,0.0,na,[],0,0,0,0,no_drift,[0],[0],2454,0.1,245,1,0,1
12597,log_3729_1708943342.xes,0.0,na,[],0,0,0,0,sudden,[],[],2454,0.1,245,0,0,0
12598,log_3729_1708943342.xes,0.0,na,[],0,0,0,0,gradual_start,[],[],2454,0.1,245,0,0,0
12599,log_3729_1708943342.xes,0.0,na,[],0,0,0,0,gradual_end,[],[],2454,0.1,245,0,0,0
12600,log_2988_1708943333.xes,0.0,na,"['gradual', 'gradual', 'gradual']",3,6,0,3,no_drift,[],[0],7942,0.1,794,0,1,0
12601,log_2988_1708943333.xes,0.0,na,"['gradual', 'gradual', 'gradual']",3,6,0,3,sudden,[],[],7942,0.1,794,0,0,0
12602,log_2988_1708943333.xes,0.0,na,"['gradual', 'gradual', 'gradual']",3,6,0,3,gradual_start,"[1427, 3394, 5676]",[],7942,0.1,794,0,0,3
12603,log_2988_1708943333.xes,0.0,na,"['gradual', 'gradual', 'gradual']",3,6,0,3,gradual_end,"[1847, 3919, 6155]",[],7942,0.1,794,0,0,3
12604,log_3538_1708943329.xes,0.0,na,"['gradual', 'gradual', 'sudden']",3,5,1,2,no_drift,[],[],7610,0.1,761,0,0,0
12605,log_3538_1708943329.xes,0.0,na,"['gradual', 'gradual', 'sudden']",3,5,1,2,sudden,[5627],[5587],7610,0.1,761,1,0,1
12606,log_3538_1708943329.xes,0.0,na,"['gradual', 'gradual', 'sudden']",3,5,1,2,gradual_start,"[1180, 3460]",[1141],7610,0.1,761,1,0,2
12607,log_3538_1708943329.xes,0.0,na,"['gradual', 'gradual', 'sudden']",3,5,1,2,gradual_end,"[1659, 3833]",[1635],7610,0.1,761,1,0,2
12608,log_2947_1708943339.xes,0.0,na,[],0,0,0,0,no_drift,[0],[0],7180,0.1,718,1,0,1
12609,log_2947_1708943339.xes,0.0,na,[],0,0,0,0,sudden,[],[],7180,0.1,718,0,0,0
12610,log_2947_1708943339.xes,0.0,na,[],0,0,0,0,gradual_start,[],[],7180,0.1,718,0,0,0
12611,log_2947_1708943339.xes,0.0,na,[],0,0,0,0,gradual_end,[],[],7180,0.1,718,0,0,0
12612,log_3166_1708943336.xes,0.3,na,"['sudden', 'sudden', 'gradual']",3,4,2,1,no_drift,[],[],5683,0.1,568,0,0,0
12613,log_3166_1708943336.xes,0.3,na,"['sudden', 'sudden', 'gradual']",3,4,2,1,sudden,"[1156, 2258]",[2213],5683,0.1,568,1,0,2
12614,log_3166_1708943336.xes,0.3,na,"['sudden', 'sudden', 'gradual']",3,4,2,1,gradual_start,[4056],[4061],5683,0.1,568,1,0,1
12615,log_3166_1708943336.xes,0.3,na,"['sudden', 'sudden', 'gradual']",3,4,2,1,gradual_end,[4641],[4565],5683,0.1,568,1,0,1
12616,log_3053_1708943341.xes,0.0,na,['gradual'],1,2,0,1,no_drift,[],[],2878,0.1,287,0,0,0
12617,log_3053_1708943341.xes,0.0,na,['gradual'],1,2,0,1,sudden,[],[],2878,0.1,287,0,0,0
12618,log_3053_1708943341.xes,0.0,na,['gradual'],1,2,0,1,gradual_start,[1367],[1331],2878,0.1,287,1,0,1
12619,log_3053_1708943341.xes,0.0,na,['gradual'],1,2,0,1,gradual_end,[1672],[1639],2878,0.1,287,1,0,1
12620,log_3580_1708943337.xes,0.6,na,"['gradual', 'gradual']",2,4,0,2,no_drift,[],[0],5556,0.1,555,0,1,0
12621,log_3580_1708943337.xes,0.6,na,"['gradual', 'gradual']",2,4,0,2,sudden,[],[],5556,0.1,555,0,0,0
12622,log_3580_1708943337.xes,0.6,na,"['gradual', 'gradual']",2,4,0,2,gradual_start,"[1911, 4183]",[],5556,0.1,555,0,0,2
12623,log_3580_1708943337.xes,0.6,na,"['gradual', 'gradual']",2,4,0,2,gradual_end,"[2289, 4534]",[],5556,0.1,555,0,0,2
12624,log_3280_1708943340.xes,0.0,na,['sudden'],1,1,1,0,no_drift,[],[],3036,0.1,303,0,0,0
12625,log_3280_1708943340.xes,0.0,na,['sudden'],1,1,1,0,sudden,[1977],[1966],3036,0.1,303,1,0,1
12626,log_3280_1708943340.xes,0.0,na,['sudden'],1,1,1,0,gradual_start,[],[],3036,0.1,303,0,0,0
12627,log_3280_1708943340.xes,0.0,na,['sudden'],1,1,1,0,gradual_end,[],[],3036,0.1,303,0,0,0
12628,log_3395_1708943341.xes,0.0,na,"['sudden', 'gradual']",2,3,1,1,no_drift,[],[],4398,0.1,439,0,0,0
12629,log_3395_1708943341.xes,0.0,na,"['sudden', 'gradual']",2,3,1,1,sudden,[1354],[],4398,0.1,439,0,0,1
12630,log_3395_1708943341.xes,0.0,na,"['sudden', 'gradual']",2,3,1,1,gradual_start,[2428],[2416],4398,0.1,439,1,0,1
12631,log_3395_1708943341.xes,0.0,na,"['sudden', 'gradual']",2,3,1,1,gradual_end,[2810],[2773],4398,0.1,439,1,0,1
12632,log_3357_1708943342.xes,0.3,na,[],0,0,0,0,no_drift,[0],[0],3032,0.1,303,1,0,1
12633,log_3357_1708943342.xes,0.3,na,[],0,0,0,0,sudden,[],[],3032,0.1,303,0,0,0
12634,log_3357_1708943342.xes,0.3,na,[],0,0,0,0,gradual_start,[],[],3032,0.1,303,0,0,0
12635,log_3357_1708943342.xes,0.3,na,[],0,0,0,0,gradual_end,[],[],3032,0.1,303,0,0,0
12636,log_3508_1708943341.xes,0.6,na,[],0,0,0,0,no_drift,[0],[0],4917,0.1,491,1,0,1
12637,log_3508_1708943341.xes,0.6,na,[],0,0,0,0,sudden,[],[],4917,0.1,491,0,0,0
12638,log_3508_1708943341.xes,0.6,na,[],0,0,0,0,gradual_start,[],[],4917,0.1,491,0,0,0
12639,log_3508_1708943341.xes,0.6,na,[],0,0,0,0,gradual_end,[],[],4917,0.1,491,0,0,0
12640,log_3654_1708943340.xes,0.0,na,"['gradual', 'gradual']",2,4,0,2,no_drift,[],[],5547,0.1,554,0,0,0
12641,log_3654_1708943340.xes,0.0,na,"['gradual', 'gradual']",2,4,0,2,sudden,[],[],5547,0.1,554,0,0,0
12642,log_3654_1708943340.xes,0.0,na,"['gradual', 'gradual']",2,4,0,2,gradual_start,"[1426, 3126]","[1351, 3106]",5547,0.1,554,2,0,2
12643,log_3654_1708943340.xes,0.0,na,"['gradual', 'gradual']",2,4,0,2,gradual_end,"[1918, 3721]","[1891, 3646]",5547,0.1,554,2,0,2
12644,log_3131_1708943342.xes,0.6,na,"['sudden', 'sudden']",2,2,2,0,no_drift,[],[],4211,0.1,421,0,0,0
12645,log_3131_1708943342.xes,0.6,na,"['sudden', 'sudden']",2,2,2,0,sudden,"[1168, 2349]",[2332],4211,0.1,421,1,0,2
12646,log_3131_1708943342.xes,0.6,na,"['sudden', 'sudden']",2,2,2,0,gradual_start,[],[],4211,0.1,421,0,0,0
12647,log_3131_1708943342.xes,0.6,na,"['sudden', 'sudden']",2,2,2,0,gradual_end,[],[],4211,0.1,421,0,0,0
12648,log_2877_1708943339.xes,0.0,na,"['gradual', 'gradual', 'sudden']",3,5,1,2,no_drift,[],[],6533,0.1,653,0,0,0
12649,log_2877_1708943339.xes,0.0,na,"['gradual', 'gradual', 'sudden']",3,5,1,2,sudden,[5486],[5441],6533,0.1,653,1,0,1
12650,log_2877_1708943339.xes,0.0,na,"['gradual', 'gradual', 'sudden']",3,5,1,2,gradual_start,"[1840, 3844]",[3841],6533,0.1,653,1,0,2
12651,log_2877_1708943339.xes,0.0,na,"['gradual', 'gradual', 'sudden']",3,5,1,2,gradual_end,"[2148, 4276]",[4225],6533,0.1,653,1,0,2
12652,log_3471_1708943344.xes,0.0,na,['sudden'],1,1,1,0,no_drift,[],[],3278,0.1,327,0,0,0
12653,log_3471_1708943344.xes,0.0,na,['sudden'],1,1,1,0,sudden,[1893],[1873],3278,0.1,327,1,0,1
12654,log_3471_1708943344.xes,0.0,na,['sudden'],1,1,1,0,gradual_start,[],[],3278,0.1,327,0,0,0
12655,log_3471_1708943344.xes,0.0,na,['sudden'],1,1,1,0,gradual_end,[],[],3278,0.1,327,0,0,0
12656,log_3281_1708943343.xes,0.0,na,['sudden'],1,1,1,0,no_drift,[],[0],3308,0.1,330,0,1,0
12657,log_3281_1708943343.xes,0.0,na,['sudden'],1,1,1,0,sudden,[1728],[],3308,0.1,330,0,0,1
12658,log_3281_1708943343.xes,0.0,na,['sudden'],1,1,1,0,gradual_start,[],[],3308,0.1,330,0,0,0
12659,log_3281_1708943343.xes,0.0,na,['sudden'],1,1,1,0,gradual_end,[],[],3308,0.1,330,0,0,0
12660,log_3470_1708943341.xes,0.3,na,"['gradual', 'gradual', 'sudden']",3,5,1,2,no_drift,[],[],6635,0.1,663,0,0,0
12661,log_3470_1708943341.xes,0.3,na,"['gradual', 'gradual', 'sudden']",3,5,1,2,sudden,[4851],[4819],6635,0.1,663,1,0,1
12662,log_3470_1708943341.xes,0.3,na,"['gradual', 'gradual', 'sudden']",3,5,1,2,gradual_start,"[1171, 3227]",[1156],6635,0.1,663,1,0,2
12663,log_3470_1708943341.xes,0.3,na,"['gradual', 'gradual', 'sudden']",3,5,1,2,gradual_end,"[1700, 3542]",[1684],6635,0.1,663,1,0,2
12664,log_3317_1708943342.xes,0.6,na,"['sudden', 'sudden']",2,2,2,0,no_drift,[],[],5075,0.1,507,0,0,0
12665,log_3317_1708943342.xes,0.6,na,"['sudden', 'sudden']",2,2,2,0,sudden,"[1918, 3559]","[1876, 3551]",5075,0.1,507,2,0,2
12666,log_3317_1708943342.xes,0.6,na,"['sudden', 'sudden']",2,2,2,0,gradual_start,[],[],5075,0.1,507,0,0,0
12667,log_3317_1708943342.xes,0.6,na,"['sudden', 'sudden']",2,2,2,0,gradual_end,[],[],5075,0.1,507,0,0,0
12668,log_3208_1708943347.xes,0.0,na,[],0,0,0,0,no_drift,[0],[0],1038,0.1,103,1,0,1
12669,log_3208_1708943347.xes,0.0,na,[],0,0,0,0,sudden,[],[],1038,0.1,103,0,0,0
12670,log_3208_1708943347.xes,0.0,na,[],0,0,0,0,gradual_start,[],[],1038,0.1,103,0,0,0
12671,log_3208_1708943347.xes,0.0,na,[],0,0,0,0,gradual_end,[],[],1038,0.1,103,0,0,0
12672,log_3207_1708943346.xes,0.6,na,[],0,0,0,0,no_drift,[0],[0],2636,0.1,263,1,0,1
12673,log_3207_1708943346.xes,0.6,na,[],0,0,0,0,sudden,[],[],2636,0.1,263,0,0,0
12674,log_3207_1708943346.xes,0.6,na,[],0,0,0,0,gradual_start,[],[],2636,0.1,263,0,0,0
12675,log_3207_1708943346.xes,0.6,na,[],0,0,0,0,gradual_end,[],[],2636,0.1,263,0,0,0
12676,log_2948_1708943344.xes,0.3,na,['sudden'],1,1,1,0,no_drift,[],[0],2998,0.1,299,0,1,0
12677,log_2948_1708943344.xes,0.3,na,['sudden'],1,1,1,0,sudden,[1127],[],2998,0.1,299,0,0,1
12678,log_2948_1708943344.xes,0.3,na,['sudden'],1,1,1,0,gradual_start,[],[],2998,0.1,299,0,0,0
12679,log_2948_1708943344.xes,0.3,na,['sudden'],1,1,1,0,gradual_end,[],[],2998,0.1,299,0,0,0
12680,log_3431_1708943341.xes,0.6,na,[],0,0,0,0,no_drift,[0],[0],7096,0.1,709,1,0,1
12681,log_3431_1708943341.xes,0.6,na,[],0,0,0,0,sudden,[],[],7096,0.1,709,0,0,0
12682,log_3431_1708943341.xes,0.6,na,[],0,0,0,0,gradual_start,[],[],7096,0.1,709,0,0,0
12683,log_3431_1708943341.xes,0.6,na,[],0,0,0,0,gradual_end,[],[],7096,0.1,709,0,0,0
12684,log_3132_1708943345.xes,0.3,na,['sudden'],1,1,1,0,no_drift,[],[],2964,0.1,296,0,0,0
12685,log_3132_1708943345.xes,0.3,na,['sudden'],1,1,1,0,sudden,[1184],[1163],2964,0.1,296,1,0,1
12686,log_3132_1708943345.xes,0.3,na,['sudden'],1,1,1,0,gradual_start,[],[],2964,0.1,296,0,0,0
12687,log_3132_1708943345.xes,0.3,na,['sudden'],1,1,1,0,gradual_end,[],[],2964,0.1,296,0,0,0
12688,log_3396_1708943343.xes,0.0,na,"['sudden', 'sudden']",2,2,2,0,no_drift,[],[],4566,0.1,456,0,0,0
12689,log_3396_1708943343.xes,0.0,na,"['sudden', 'sudden']",2,2,2,0,sudden,"[1458, 2699]","[1431, 2663]",4566,0.1,456,2,0,2
12690,log_3396_1708943343.xes,0.0,na,"['sudden', 'sudden']",2,2,2,0,gradual_start,[],[],4566,0.1,456,0,0,0
12691,log_3396_1708943343.xes,0.0,na,"['sudden', 'sudden']",2,2,2,0,gradual_end,[],[],4566,0.1,456,0,0,0
12692,log_3206_1708943333.xes,0.3,na,"['gradual', 'sudden']",2,3,1,1,no_drift,[],[],5500,0.1,550,0,0,0
12693,log_3206_1708943333.xes,0.3,na,"['gradual', 'sudden']",2,3,1,1,sudden,[3741],[3727],5500,0.1,550,1,0,1
12694,log_3206_1708943333.xes,0.3,na,"['gradual', 'sudden']",2,3,1,1,gradual_start,[1642],[1621],5500,0.1,550,1,0,1
12695,log_3206_1708943333.xes,0.3,na,"['gradual', 'sudden']",2,3,1,1,gradual_end,[2230],[2215],5500,0.1,550,1,0,1
12696,log_3133_1708943348.xes,0.0,na,['sudden'],1,1,1,0,no_drift,[],[],3283,0.1,328,0,0,0
12697,log_3133_1708943348.xes,0.0,na,['sudden'],1,1,1,0,sudden,[1763],[1745],3283,0.1,328,1,0,1
12698,log_3133_1708943348.xes,0.0,na,['sudden'],1,1,1,0,gradual_start,[],[],3283,0.1,328,0,0,0
12699,log_3133_1708943348.xes,0.0,na,['sudden'],1,1,1,0,gradual_end,[],[],3283,0.1,328,0,0,0
12700,log_2989_1708943342.xes,0.3,na,"['sudden', 'gradual']",2,3,1,1,no_drift,[],[],4817,0.1,481,0,0,0
12701,log_2989_1708943342.xes,0.3,na,"['sudden', 'gradual']",2,3,1,1,sudden,[1277],[],4817,0.1,481,0,0,1
12702,log_2989_1708943342.xes,0.3,na,"['sudden', 'gradual']",2,3,1,1,gradual_start,[2986],[2977],4817,0.1,481,1,0,1
12703,log_2989_1708943342.xes,0.3,na,"['sudden', 'gradual']",2,3,1,1,gradual_end,[3458],[3481],4817,0.1,481,1,0,1
12704,log_3618_1708943342.xes,0.3,na,"['sudden', 'sudden']",2,2,2,0,no_drift,[],[],3696,0.1,369,0,0,0
12705,log_3618_1708943342.xes,0.3,na,"['sudden', 'sudden']",2,2,2,0,sudden,"[1047, 2286]","[1027, 2269]",3696,0.1,369,2,0,2
12706,log_3618_1708943342.xes,0.3,na,"['sudden', 'sudden']",2,2,2,0,gradual_start,[],[],3696,0.1,369,0,0,0
12707,log_3618_1708943342.xes,0.3,na,"['sudden', 'sudden']",2,2,2,0,gradual_end,[],[],3696,0.1,369,0,0,0
12708,log_3539_1708943343.xes,0.0,na,"['gradual', 'gradual', 'sudden']",3,5,1,2,no_drift,[],[],7078,0.1,707,0,0,0
12709,log_3539_1708943343.xes,0.0,na,"['gradual', 'gradual', 'sudden']",3,5,1,2,sudden,[5092],[5041],7078,0.1,707,1,0,1
12710,log_3539_1708943343.xes,0.0,na,"['gradual', 'gradual', 'sudden']",3,5,1,2,gradual_start,"[1222, 2638]",[1156],7078,0.1,707,1,0,2
12711,log_3539_1708943343.xes,0.0,na,"['gradual', 'gradual', 'sudden']",3,5,1,2,gradual_end,"[1539, 3125]",[1506],7078,0.1,707,1,0,2
12712,log_3093_1708943340.xes,0.6,na,[],0,0,0,0,no_drift,[0],[0],7340,0.1,734,1,0,1
12713,log_3093_1708943340.xes,0.6,na,[],0,0,0,0,sudden,[],[],7340,0.1,734,0,0,0
12714,log_3093_1708943340.xes,0.6,na,[],0,0,0,0,gradual_start,[],[],7340,0.1,734,0,0,0
12715,log_3093_1708943340.xes,0.6,na,[],0,0,0,0,gradual_end,[],[],7340,0.1,734,0,0,0
12716,log_3094_1708943346.xes,0.0,na,['gradual'],1,2,0,1,no_drift,[],[],3606,0.1,360,0,0,0
12717,log_3094_1708943346.xes,0.0,na,['gradual'],1,2,0,1,sudden,[],[],3606,0.1,360,0,0,0
12718,log_3094_1708943346.xes,0.0,na,['gradual'],1,2,0,1,gradual_start,[1674],[1693],3606,0.1,360,1,0,1
12719,log_3094_1708943346.xes,0.0,na,['gradual'],1,2,0,1,gradual_end,[2219],[2197],3606,0.1,360,1,0,1
12720,log_3730_1708943343.xes,0.0,na,"['sudden', 'gradual', 'gradual']",3,5,1,2,no_drift,[],[],5735,0.1,573,0,0,0
12721,log_3730_1708943343.xes,0.0,na,"['sudden', 'gradual', 'gradual']",3,5,1,2,sudden,[1049],[1037],5735,0.1,573,1,0,1
12722,log_3730_1708943343.xes,0.0,na,"['sudden', 'gradual', 'gradual']",3,5,1,2,gradual_start,"[2355, 4145]","[2353, 4145]",5735,0.1,573,2,0,2
12723,log_3730_1708943343.xes,0.0,na,"['sudden', 'gradual', 'gradual']",3,5,1,2,gradual_end,"[2832, 4546]","[2829, 4537]",5735,0.1,573,2,0,2
12724,log_3358_1708943344.xes,0.0,na,"['gradual', 'gradual']",2,4,0,2,no_drift,[],[],4566,0.1,456,0,0,0
12725,log_3358_1708943344.xes,0.0,na,"['gradual', 'gradual']",2,4,0,2,sudden,[],[],4566,0.1,456,0,0,0
12726,log_3358_1708943344.xes,0.0,na,"['gradual', 'gradual']",2,4,0,2,gradual_start,"[1304, 3231]",[3213],4566,0.1,456,1,0,2
12727,log_3358_1708943344.xes,0.0,na,"['gradual', 'gradual']",2,4,0,2,gradual_end,"[1700, 3562]",[3587],4566,0.1,456,1,0,2
12728,log_3282_1708943346.xes,0.0,na,"['gradual', 'sudden']",2,3,1,1,no_drift,[],[],4439,0.1,443,0,0,0
12729,log_3282_1708943346.xes,0.0,na,"['gradual', 'sudden']",2,3,1,1,sudden,[3277],[3235],4439,0.1,443,1,0,1
12730,log_3282_1708943346.xes,0.0,na,"['gradual', 'sudden']",2,3,1,1,gradual_start,[1198],[1211],4439,0.1,443,1,0,1
12731,log_3282_1708943346.xes,0.0,na,"['gradual', 'sudden']",2,3,1,1,gradual_end,[1510],[1519],4439,0.1,443,1,0,1
12732,log_3167_1708943342.xes,0.0,na,"['sudden', 'gradual', 'sudden']",3,4,2,1,no_drift,[],[],6505,0.1,650,0,0,0
12733,log_3167_1708943342.xes,0.0,na,"['sudden', 'gradual', 'sudden']",3,4,2,1,sudden,"[1974, 5247]","[5217, 1953]",6505,0.1,650,2,0,2
12734,log_3167_1708943342.xes,0.0,na,"['sudden', 'gradual', 'sudden']",3,4,2,1,gradual_start,[3405],[],6505,0.1,650,0,0,1
12735,log_3167_1708943342.xes,0.0,na,"['sudden', 'gradual', 'sudden']",3,4,2,1,gradual_end,[3854],[],6505,0.1,650,0,0,1
12736,log_2949_1708943346.xes,0.0,na,['sudden'],1,1,1,0,no_drift,[],[],3488,0.1,348,0,0,0
12737,log_2949_1708943346.xes,0.0,na,['sudden'],1,1,1,0,sudden,[1966],[1956],3488,0.1,348,1,0,1
12738,log_2949_1708943346.xes,0.0,na,['sudden'],1,1,1,0,gradual_start,[],[],3488,0.1,348,0,0,0
12739,log_2949_1708943346.xes,0.0,na,['sudden'],1,1,1,0,gradual_end,[],[],3488,0.1,348,0,0,0
12740,log_3692_1708943347.xes,0.6,na,['gradual'],1,2,0,1,no_drift,[],[],3401,0.1,340,0,0,0
12741,log_3692_1708943347.xes,0.6,na,['gradual'],1,2,0,1,sudden,[],[],3401,0.1,340,0,0,0
12742,log_3692_1708943347.xes,0.6,na,['gradual'],1,2,0,1,gradual_start,[1758],[1667],3401,0.1,340,1,0,1
12743,log_3692_1708943347.xes,0.6,na,['gradual'],1,2,0,1,gradual_end,[2120],[2143],3401,0.1,340,1,0,1
12744,log_2912_1708943335.xes,0.3,na,"['sudden', 'gradual', 'gradual']",3,5,1,2,no_drift,[],[],7500,0.1,750,0,0,0
12745,log_2912_1708943335.xes,0.3,na,"['sudden', 'gradual', 'gradual']",3,5,1,2,sudden,[1161],[1148],7500,0.1,750,1,0,1
12746,log_2912_1708943335.xes,0.3,na,"['sudden', 'gradual', 'gradual']",3,5,1,2,gradual_start,"[3144, 5390]",[5366],7500,0.1,750,1,0,2
12747,log_2912_1708943335.xes,0.3,na,"['sudden', 'gradual', 'gradual']",3,5,1,2,gradual_end,"[3730, 5887]",[5884],7500,0.1,750,1,0,2
12748,log_3509_1708943344.xes,0.0,na,"['gradual', 'sudden', 'gradual']",3,5,1,2,no_drift,[],[],6425,0.1,642,0,0,0
12749,log_3509_1708943344.xes,0.0,na,"['gradual', 'sudden', 'gradual']",3,5,1,2,sudden,[2830],[],6425,0.1,642,0,0,1
12750,log_3509_1708943344.xes,0.0,na,"['gradual', 'sudden', 'gradual']",3,5,1,2,gradual_start,"[1201, 4133]",[1217],6425,0.1,642,1,0,2
12751,log_3509_1708943344.xes,0.0,na,"['gradual', 'sudden', 'gradual']",3,5,1,2,gradual_end,"[1724, 4718]",[1697],6425,0.1,642,1,0,2
12752,log_3619_1708943347.xes,0.3,na,['gradual'],1,2,0,1,no_drift,[],[],3105,0.1,310,0,0,0
12753,log_3619_1708943347.xes,0.3,na,['gradual'],1,2,0,1,sudden,[],[],3105,0.1,310,0,0,0
12754,log_3619_1708943347.xes,0.3,na,['gradual'],1,2,0,1,gradual_start,[1199],[1231],3105,0.1,310,1,0,1
12755,log_3619_1708943347.xes,0.3,na,['gradual'],1,2,0,1,gradual_end,[1752],[1741],3105,0.1,310,1,0,1
12756,log_2913_1708943349.xes,0.0,na,['gradual'],1,2,0,1,no_drift,[],[],2627,0.1,262,0,0,0
12757,log_2913_1708943349.xes,0.0,na,['gradual'],1,2,0,1,sudden,[],[],2627,0.1,262,0,0,0
12758,log_2913_1708943349.xes,0.0,na,['gradual'],1,2,0,1,gradual_start,[1125],[1093],2627,0.1,262,1,0,1
12759,log_2913_1708943349.xes,0.0,na,['gradual'],1,2,0,1,gradual_end,[1567],[1561],2627,0.1,262,1,0,1
12760,log_3134_1708943350.xes,0.6,na,['gradual'],1,2,0,1,no_drift,[],[],3390,0.1,339,0,0,0
12761,log_3134_1708943350.xes,0.6,na,['gradual'],1,2,0,1,sudden,[],[],3390,0.1,339,0,0,0
12762,log_3134_1708943350.xes,0.6,na,['gradual'],1,2,0,1,gradual_start,[1870],[1889],3390,0.1,339,1,0,1
12763,log_3134_1708943350.xes,0.6,na,['gradual'],1,2,0,1,gradual_end,[2193],[2193],3390,0.1,339,1,0,1
12764,log_3540_1708943350.xes,0.3,na,[],0,0,0,0,no_drift,[0],[0],2654,0.1,265,1,0,1
12765,log_3540_1708943350.xes,0.3,na,[],0,0,0,0,sudden,[],[],2654,0.1,265,0,0,0
12766,log_3540_1708943350.xes,0.3,na,[],0,0,0,0,gradual_start,[],[],2654,0.1,265,0,0,0
12767,log_3540_1708943350.xes,0.3,na,[],0,0,0,0,gradual_end,[],[],2654,0.1,265,0,0,0
12768,log_3432_1708943346.xes,0.0,na,"['gradual', 'gradual']",2,4,0,2,no_drift,[],[],4451,0.1,445,0,0,0
12769,log_3432_1708943346.xes,0.0,na,"['gradual', 'gradual']",2,4,0,2,sudden,[],[],4451,0.1,445,0,0,0
12770,log_3432_1708943346.xes,0.0,na,"['gradual', 'gradual']",2,4,0,2,gradual_start,"[1238, 2845]","[1299, 2817]",4451,0.1,445,2,0,2
12771,log_3432_1708943346.xes,0.0,na,"['gradual', 'gradual']",2,4,0,2,gradual_end,"[1834, 3283]","[1805, 3257]",4451,0.1,445,2,0,2
12772,log_3691_1708943336.xes,0.6,na,"['gradual', 'gradual']",2,4,0,2,no_drift,[],[],5052,0.1,505,0,0,0
12773,log_3691_1708943336.xes,0.6,na,"['gradual', 'gradual']",2,4,0,2,sudden,[],[],5052,0.1,505,0,0,0
12774,log_3691_1708943336.xes,0.6,na,"['gradual', 'gradual']",2,4,0,2,gradual_start,"[1372, 2936]",[2926],5052,0.1,505,1,0,2
12775,log_3691_1708943336.xes,0.6,na,"['gradual', 'gradual']",2,4,0,2,gradual_end,"[1728, 3412]",[3401],5052,0.1,505,1,0,2
12776,log_3169_1708943352.xes,0.0,na,[],0,0,0,0,no_drift,[0],[0],1009,0.1,100,1,0,1
12777,log_3169_1708943352.xes,0.0,na,[],0,0,0,0,sudden,[],[],1009,0.1,100,0,0,0
12778,log_3169_1708943352.xes,0.0,na,[],0,0,0,0,gradual_start,[],[],1009,0.1,100,0,0,0
12779,log_3169_1708943352.xes,0.0,na,[],0,0,0,0,gradual_end,[],[],1009,0.1,100,0,0,0
12780,log_3581_1708943343.xes,0.6,na,"['gradual', 'sudden', 'gradual']",3,5,1,2,no_drift,[],[],7377,0.1,737,0,0,0
12781,log_3581_1708943343.xes,0.6,na,"['gradual', 'sudden', 'gradual']",3,5,1,2,sudden,[3260],"[3205, 5221]",7377,0.1,737,1,1,1
12782,log_3581_1708943343.xes,0.6,na,"['gradual', 'sudden', 'gradual']",3,5,1,2,gradual_start,"[1705, 5258]",[1693],7377,0.1,737,1,0,2
12783,log_3581_1708943343.xes,0.6,na,"['gradual', 'sudden', 'gradual']",3,5,1,2,gradual_end,"[2097, 5730]",[2089],7377,0.1,737,1,0,2
12784,log_3095_1708943349.xes,0.0,na,['sudden'],1,1,1,0,no_drift,[],[],2853,0.1,285,0,0,0
12785,log_3095_1708943349.xes,0.0,na,['sudden'],1,1,1,0,sudden,[1566],[1555],2853,0.1,285,1,0,1
12786,log_3095_1708943349.xes,0.0,na,['sudden'],1,1,1,0,gradual_start,[],[],2853,0.1,285,0,0,0
12787,log_3095_1708943349.xes,0.0,na,['sudden'],1,1,1,0,gradual_end,[],[],2853,0.1,285,0,0,0
12788,log_3168_1708943348.xes,0.0,na,"['sudden', 'gradual']",2,3,1,1,no_drift,[],[],5211,0.1,521,0,0,0
12789,log_3168_1708943348.xes,0.0,na,"['sudden', 'gradual']",2,3,1,1,sudden,[1373],[],5211,0.1,521,0,0,1
12790,log_3168_1708943348.xes,0.0,na,"['sudden', 'gradual']",2,3,1,1,gradual_start,[3161],[3147],5211,0.1,521,1,0,1
12791,log_3168_1708943348.xes,0.0,na,"['sudden', 'gradual']",2,3,1,1,gradual_end,[3661],[3641],5211,0.1,521,1,0,1
12792,log_3620_1708943350.xes,0.0,na,"['sudden', 'sudden']",2,2,2,0,no_drift,[],[],4755,0.1,475,0,0,0
12793,log_3620_1708943350.xes,0.0,na,"['sudden', 'sudden']",2,2,2,0,sudden,"[1590, 3342]","[3313, 1565]",4755,0.1,475,2,0,2
12794,log_3620_1708943350.xes,0.0,na,"['sudden', 'sudden']",2,2,2,0,gradual_start,[],[],4755,0.1,475,0,0,0
12795,log_3620_1708943350.xes,0.0,na,"['sudden', 'sudden']",2,2,2,0,gradual_end,[],[],4755,0.1,475,0,0,0
12796,log_3582_1708943351.xes,0.3,na,"['gradual', 'sudden']",2,3,1,1,no_drift,[],[],4090,0.1,409,0,0,0
12797,log_3582_1708943351.xes,0.3,na,"['gradual', 'sudden']",2,3,1,1,sudden,[2837],[2821],4090,0.1,409,1,0,1
12798,log_3582_1708943351.xes,0.3,na,"['gradual', 'sudden']",2,3,1,1,gradual_start,[1025],[981],4090,0.1,409,1,0,1
12799,log_3582_1708943351.xes,0.3,na,"['gradual', 'sudden']",2,3,1,1,gradual_end,[1374],[1461],4090,0.1,409,1,0,1
12800,log_3029_1708943351.xes,0.0,na,['sudden'],1,1,1,0,no_drift,[],[],2868,0.1,286,0,0,0
12801,log_3029_1708943351.xes,0.0,na,['sudden'],1,1,1,0,sudden,[1182],[1177],2868,0.1,286,1,0,1
12802,log_3029_1708943351.xes,0.0,na,['sudden'],1,1,1,0,gradual_start,[],[],2868,0.1,286,0,0,0
12803,log_3029_1708943351.xes,0.0,na,['sudden'],1,1,1,0,gradual_end,[],[],2868,0.1,286,0,0,0
12804,log_3242_1708943343.xes,0.3,na,"['sudden', 'sudden', 'gradual']",3,4,2,1,no_drift,[],[],6903,0.1,690,0,0,0
12805,log_3242_1708943343.xes,0.3,na,"['sudden', 'sudden', 'gradual']",3,4,2,1,sudden,"[1748, 3601]","[1735, 3571]",6903,0.1,690,2,0,2
12806,log_3242_1708943343.xes,0.3,na,"['sudden', 'sudden', 'gradual']",3,4,2,1,gradual_start,[5523],[5543],6903,0.1,690,1,0,1
12807,log_3242_1708943343.xes,0.3,na,"['sudden', 'sudden', 'gradual']",3,4,2,1,gradual_end,[5856],[5883],6903,0.1,690,1,0,1
12808,log_3472_1708943346.xes,0.6,na,"['sudden', 'gradual']",2,3,1,1,no_drift,[],[0],5635,0.1,563,0,1,0
12809,log_3472_1708943346.xes,0.6,na,"['sudden', 'gradual']",2,3,1,1,sudden,[1482],[],5635,0.1,563,0,0,1
12810,log_3472_1708943346.xes,0.6,na,"['sudden', 'gradual']",2,3,1,1,gradual_start,[3455],[],5635,0.1,563,0,0,1
12811,log_3472_1708943346.xes,0.6,na,"['sudden', 'gradual']",2,3,1,1,gradual_end,[3759],[],5635,0.1,563,0,0,1
12812,log_3028_1708943339.xes,0.3,na,"['sudden', 'gradual', 'gradual']",3,5,1,2,no_drift,[],[],7047,0.1,704,0,0,0
12813,log_3028_1708943339.xes,0.3,na,"['sudden', 'gradual', 'gradual']",3,5,1,2,sudden,[1987],[1996],7047,0.1,704,1,0,1
12814,log_3028_1708943339.xes,0.3,na,"['sudden', 'gradual', 'gradual']",3,5,1,2,gradual_start,"[3234, 5155]",[],7047,0.1,704,0,0,2
12815,log_3028_1708943339.xes,0.3,na,"['sudden', 'gradual', 'gradual']",3,5,1,2,gradual_end,"[3770, 5680]",[],7047,0.1,704,0,0,2
12816,log_3655_1708943345.xes,0.6,na,[],0,0,0,0,no_drift,[0],[0],5376,0.1,537,1,0,1
12817,log_3655_1708943345.xes,0.6,na,[],0,0,0,0,sudden,[],[],5376,0.1,537,0,0,0
12818,log_3655_1708943345.xes,0.6,na,[],0,0,0,0,gradual_start,[],[],5376,0.1,537,0,0,0
12819,log_3655_1708943345.xes,0.6,na,[],0,0,0,0,gradual_end,[],[],5376,0.1,537,0,0,0
12820,log_3397_1708943347.xes,0.3,na,"['gradual', 'sudden']",2,3,1,1,no_drift,[],[],4962,0.1,496,0,0,0
12821,log_3397_1708943347.xes,0.3,na,"['gradual', 'sudden']",2,3,1,1,sudden,[3719],[3697],4962,0.1,496,1,0,1
12822,log_3397_1708943347.xes,0.3,na,"['gradual', 'sudden']",2,3,1,1,gradual_start,[1293],[1273],4962,0.1,496,1,0,1
12823,log_3397_1708943347.xes,0.3,na,"['gradual', 'sudden']",2,3,1,1,gradual_end,[1813],[1825],4962,0.1,496,1,0,1
12824,log_2950_1708943349.xes,0.0,na,"['gradual', 'gradual']",2,4,0,2,no_drift,[],[],5703,0.1,570,0,0,0
12825,log_2950_1708943349.xes,0.0,na,"['gradual', 'gradual']",2,4,0,2,sudden,[],[],5703,0.1,570,0,0,0
12826,log_2950_1708943349.xes,0.0,na,"['gradual', 'gradual']",2,4,0,2,gradual_start,"[1826, 4073]",[4061],5703,0.1,570,1,0,2
12827,log_2950_1708943349.xes,0.0,na,"['gradual', 'gradual']",2,4,0,2,gradual_end,"[2175, 4552]",[4537],5703,0.1,570,1,0,2
12828,log_3656_1708943353.xes,0.0,na,"['gradual', 'sudden']",2,3,1,1,no_drift,[],[],4714,0.1,471,0,0,0
12829,log_3656_1708943353.xes,0.0,na,"['gradual', 'sudden']",2,3,1,1,sudden,[3542],[3543],4714,0.1,471,1,0,1
12830,log_3656_1708943353.xes,0.0,na,"['gradual', 'sudden']",2,3,1,1,gradual_start,[1897],[1864],4714,0.1,471,1,0,1
12831,log_3656_1708943353.xes,0.0,na,"['gradual', 'sudden']",2,3,1,1,gradual_end,[2431],[2393],4714,0.1,471,1,0,1
12832,log_3621_1708943352.xes,0.3,na,['sudden'],1,1,1,0,no_drift,[],[],2993,0.1,299,0,0,0
12833,log_3621_1708943352.xes,0.3,na,['sudden'],1,1,1,0,sudden,[1732],[1723],2993,0.1,299,1,0,1
12834,log_3621_1708943352.xes,0.3,na,['sudden'],1,1,1,0,gradual_start,[],[],2993,0.1,299,0,0,0
12835,log_3621_1708943352.xes,0.3,na,['sudden'],1,1,1,0,gradual_end,[],[],2993,0.1,299,0,0,0
12836,log_2990_1708943349.xes,0.0,na,"['sudden', 'sudden', 'gradual']",3,4,2,1,no_drift,[],[],5978,0.1,597,0,0,0
12837,log_2990_1708943349.xes,0.0,na,"['sudden', 'sudden', 'gradual']",3,4,2,1,sudden,"[1512, 2780]","[2785, 1480, 3800]",5978,0.1,597,2,1,2
12838,log_2990_1708943349.xes,0.0,na,"['sudden', 'sudden', 'gradual']",3,4,2,1,gradual_start,[3834],[],5978,0.1,597,0,0,1
12839,log_2990_1708943349.xes,0.0,na,"['sudden', 'sudden', 'gradual']",3,4,2,1,gradual_end,[4349],[],5978,0.1,597,0,0,1
12840,log_3096_1708943351.xes,0.6,na,[],0,0,0,0,no_drift,[0],[0],3104,0.1,310,1,0,1
12841,log_3096_1708943351.xes,0.6,na,[],0,0,0,0,sudden,[],[],3104,0.1,310,0,0,0
12842,log_3096_1708943351.xes,0.6,na,[],0,0,0,0,gradual_start,[],[],3104,0.1,310,0,0,0
12843,log_3096_1708943351.xes,0.6,na,[],0,0,0,0,gradual_end,[],[],3104,0.1,310,0,0,0
12844,log_2991_1708943354.xes,0.3,na,[],0,0,0,0,no_drift,[0],[0],3074,0.1,307,1,0,1
12845,log_2991_1708943354.xes,0.3,na,[],0,0,0,0,sudden,[],[],3074,0.1,307,0,0,0
12846,log_2991_1708943354.xes,0.3,na,[],0,0,0,0,gradual_start,[],[],3074,0.1,307,0,0,0
12847,log_2991_1708943354.xes,0.3,na,[],0,0,0,0,gradual_end,[],[],3074,0.1,307,0,0,0
12848,log_3283_1708943349.xes,0.6,na,"['sudden', 'gradual']",2,3,1,1,no_drift,[],[],4959,0.1,495,0,0,0
12849,log_3283_1708943349.xes,0.6,na,"['sudden', 'gradual']",2,3,1,1,sudden,[1995],[1969],4959,0.1,495,1,0,1
12850,log_3283_1708943349.xes,0.6,na,"['sudden', 'gradual']",2,3,1,1,gradual_start,[3034],[3025],4959,0.1,495,1,0,1
12851,log_3283_1708943349.xes,0.6,na,"['sudden', 'gradual']",2,3,1,1,gradual_end,[3442],[3481],4959,0.1,495,1,0,1
12852,log_3284_1708943355.xes,0.3,na,['sudden'],1,1,1,0,no_drift,[],[0],2861,0.1,286,0,1,0
12853,log_3284_1708943355.xes,0.3,na,['sudden'],1,1,1,0,sudden,[1520],[],2861,0.1,286,0,0,1
12854,log_3284_1708943355.xes,0.3,na,['sudden'],1,1,1,0,gradual_start,[],[],2861,0.1,286,0,0,0
12855,log_3284_1708943355.xes,0.3,na,['sudden'],1,1,1,0,gradual_end,[],[],2861,0.1,286,0,0,0
12856,log_3170_1708943352.xes,0.0,na,"['sudden', 'gradual', 'sudden']",3,4,2,1,no_drift,[],[],6201,0.1,620,0,0,0
12857,log_3170_1708943352.xes,0.0,na,"['sudden', 'gradual', 'sudden']",3,4,2,1,sudden,"[1248, 4653]","[4651, 1210]",6201,0.1,620,2,0,2
12858,log_3170_1708943352.xes,0.0,na,"['sudden', 'gradual', 'sudden']",3,4,2,1,gradual_start,[2305],[],6201,0.1,620,0,0,1
12859,log_3170_1708943352.xes,0.0,na,"['sudden', 'gradual', 'sudden']",3,4,2,1,gradual_end,[2668],[],6201,0.1,620,0,0,1
12860,log_3135_1708943353.xes,0.0,na,['gradual'],1,2,0,1,no_drift,[],[],4019,0.1,401,0,0,0
12861,log_3135_1708943353.xes,0.0,na,['gradual'],1,2,0,1,sudden,[],[],4019,0.1,401,0,0,0
12862,log_3135_1708943353.xes,0.0,na,['gradual'],1,2,0,1,gradual_start,[1794],[1781],4019,0.1,401,1,0,1
12863,log_3135_1708943353.xes,0.0,na,['gradual'],1,2,0,1,gradual_end,[2246],[2241],4019,0.1,401,1,0,1
12864,log_3693_1708943350.xes,0.6,na,"['gradual', 'gradual', 'sudden']",3,5,1,2,no_drift,[],[],6595,0.1,659,0,0,0
12865,log_3693_1708943350.xes,0.6,na,"['gradual', 'gradual', 'sudden']",3,5,1,2,sudden,[5278],[],6595,0.1,659,0,0,1
12866,log_3693_1708943350.xes,0.6,na,"['gradual', 'gradual', 'sudden']",3,5,1,2,gradual_start,"[1860, 3776]",[3745],6595,0.1,659,1,0,2
12867,log_3693_1708943350.xes,0.6,na,"['gradual', 'gradual', 'sudden']",3,5,1,2,gradual_end,"[2257, 4100]",[4097],6595,0.1,659,1,0,2
12868,log_3622_1708943355.xes,0.3,na,"['sudden', 'sudden', 'sudden']",3,3,3,0,no_drift,[],[],6476,0.1,647,0,0,0
12869,log_3622_1708943355.xes,0.3,na,"['sudden', 'sudden', 'sudden']",3,3,3,0,sudden,"[1272, 2813, 4764]","[4737, 1249]",6476,0.1,647,2,0,3
12870,log_3622_1708943355.xes,0.3,na,"['sudden', 'sudden', 'sudden']",3,3,3,0,gradual_start,[],[],6476,0.1,647,0,0,0
12871,log_3622_1708943355.xes,0.3,na,"['sudden', 'sudden', 'sudden']",3,3,3,0,gradual_end,[],[],6476,0.1,647,0,0,0
12872,log_3359_1708943350.xes,0.6,na,"['sudden', 'gradual', 'sudden']",3,4,2,1,no_drift,[],[],6275,0.1,627,0,0,0
12873,log_3359_1708943350.xes,0.6,na,"['sudden', 'gradual', 'sudden']",3,4,2,1,sudden,"[1533, 5047]",[5023],6275,0.1,627,1,0,2
12874,log_3359_1708943350.xes,0.6,na,"['sudden', 'gradual', 'sudden']",3,4,2,1,gradual_start,[3138],[3132],6275,0.1,627,1,0,1
12875,log_3359_1708943350.xes,0.6,na,"['sudden', 'gradual', 'sudden']",3,4,2,1,gradual_end,[3719],[3721],6275,0.1,627,1,0,1
12876,log_3510_1708943349.xes,0.0,na,[],0,0,0,0,no_drift,[0],[0],5109,0.1,510,1,0,1
12877,log_3510_1708943349.xes,0.0,na,[],0,0,0,0,sudden,[],[],5109,0.1,510,0,0,0
12878,log_3510_1708943349.xes,0.0,na,[],0,0,0,0,gradual_start,[],[],5109,0.1,510,0,0,0
12879,log_3510_1708943349.xes,0.0,na,[],0,0,0,0,gradual_end,[],[],5109,0.1,510,0,0,0
12880,log_2951_1708943354.xes,0.6,na,"['sudden', 'gradual']",2,3,1,1,no_drift,[],[],4532,0.1,453,0,0,0
12881,log_2951_1708943354.xes,0.6,na,"['sudden', 'gradual']",2,3,1,1,sudden,[1449],[],4532,0.1,453,0,0,1
12882,log_2951_1708943354.xes,0.6,na,"['sudden', 'gradual']",2,3,1,1,gradual_start,[2649],[2619],4532,0.1,453,1,0,1
12883,log_2951_1708943354.xes,0.6,na,"['sudden', 'gradual']",2,3,1,1,gradual_end,[3066],[3059],4532,0.1,453,1,0,1
12884,log_3171_1708943356.xes,0.6,na,['sudden'],1,1,1,0,no_drift,[],[],2292,0.1,229,0,0,0
12885,log_3171_1708943356.xes,0.6,na,['sudden'],1,1,1,0,sudden,[1044],[1046],2292,0.1,229,1,0,1
12886,log_3171_1708943356.xes,0.6,na,['sudden'],1,1,1,0,gradual_start,[],[],2292,0.1,229,0,0,0
12887,log_3171_1708943356.xes,0.6,na,['sudden'],1,1,1,0,gradual_end,[],[],2292,0.1,229,0,0,0
12888,log_2914_1708943352.xes,0.0,na,"['sudden', 'gradual']",2,3,1,1,no_drift,[],[],5428,0.1,542,0,0,0
12889,log_2914_1708943352.xes,0.0,na,"['sudden', 'gradual']",2,3,1,1,sudden,[1907],[1864],5428,0.1,542,1,0,1
12890,log_2914_1708943352.xes,0.0,na,"['sudden', 'gradual']",2,3,1,1,gradual_start,[3295],[3295],5428,0.1,542,1,0,1
12891,log_2914_1708943352.xes,0.0,na,"['sudden', 'gradual']",2,3,1,1,gradual_end,[3646],[3619],5428,0.1,542,1,0,1
12892,log_3433_1708943351.xes,0.0,na,"['gradual', 'sudden', 'sudden']",3,4,2,1,no_drift,[],[],6096,0.1,609,0,0,0
12893,log_3433_1708943351.xes,0.0,na,"['gradual', 'sudden', 'sudden']",3,4,2,1,sudden,"[3516, 5077]","[3481, 5041]",6096,0.1,609,2,0,2
12894,log_3433_1708943351.xes,0.0,na,"['gradual', 'sudden', 'sudden']",3,4,2,1,gradual_start,[1706],[1681],6096,0.1,609,1,0,1
12895,log_3433_1708943351.xes,0.0,na,"['gradual', 'sudden', 'sudden']",3,4,2,1,gradual_end,[2304],[2281],6096,0.1,609,1,0,1
12896,log_2878_1708943347.xes,0.6,na,"['sudden', 'sudden', 'gradual']",3,4,2,1,no_drift,[],[],6850,0.1,685,0,0,0
12897,log_2878_1708943347.xes,0.6,na,"['sudden', 'sudden', 'gradual']",3,4,2,1,sudden,"[1177, 2705]",[2687],6850,0.1,685,1,0,2
12898,log_2878_1708943347.xes,0.6,na,"['sudden', 'sudden', 'gradual']",3,4,2,1,gradual_start,[4455],[],6850,0.1,685,0,0,1
12899,log_2878_1708943347.xes,0.6,na,"['sudden', 'sudden', 'gradual']",3,4,2,1,gradual_end,[4897],[],6850,0.1,685,0,0,1
12900,log_3318_1708943346.xes,0.3,na,"['gradual', 'gradual', 'sudden']",3,5,1,2,no_drift,[],[],7030,0.1,703,0,0,0
12901,log_3318_1708943346.xes,0.3,na,"['gradual', 'gradual', 'sudden']",3,5,1,2,sudden,[5135],[],7030,0.1,703,0,0,1
12902,log_3318_1708943346.xes,0.3,na,"['gradual', 'gradual', 'sudden']",3,5,1,2,gradual_start,"[1398, 3393]",[1401],7030,0.1,703,1,0,2
12903,log_3318_1708943346.xes,0.3,na,"['gradual', 'gradual', 'sudden']",3,5,1,2,gradual_end,"[1994, 3723]",[1961],7030,0.1,703,1,0,2
12904,log_3732_1708943357.xes,0.6,na,[],0,0,0,0,no_drift,[0],[0],2522,0.1,252,1,0,1
12905,log_3732_1708943357.xes,0.6,na,[],0,0,0,0,sudden,[],[],2522,0.1,252,0,0,0
12906,log_3732_1708943357.xes,0.6,na,[],0,0,0,0,gradual_start,[],[],2522,0.1,252,0,0,0
12907,log_3732_1708943357.xes,0.6,na,[],0,0,0,0,gradual_end,[],[],2522,0.1,252,0,0,0
12908,log_2915_1708943358.xes,0.3,na,['gradual'],1,2,0,1,no_drift,[],[],3814,0.1,381,0,0,0
12909,log_2915_1708943358.xes,0.3,na,['gradual'],1,2,0,1,sudden,[],[],3814,0.1,381,0,0,0
12910,log_2915_1708943358.xes,0.3,na,['gradual'],1,2,0,1,gradual_start,[1705],[1711],3814,0.1,381,1,0,1
12911,log_2915_1708943358.xes,0.3,na,['gradual'],1,2,0,1,gradual_end,[2223],[2186],3814,0.1,381,1,0,1
12912,log_3542_1708943358.xes,0.0,na,[],0,0,0,0,no_drift,[0],[0],1818,0.1,181,1,0,1
12913,log_3542_1708943358.xes,0.0,na,[],0,0,0,0,sudden,[],[],1818,0.1,181,0,0,0
12914,log_3542_1708943358.xes,0.0,na,[],0,0,0,0,gradual_start,[],[],1818,0.1,181,0,0,0
12915,log_3542_1708943358.xes,0.0,na,[],0,0,0,0,gradual_end,[],[],1818,0.1,181,0,0,0
12916,log_3731_1708943349.xes,0.0,na,[],0,0,0,0,no_drift,[0],[0],6904,0.1,690,1,0,1
12917,log_3731_1708943349.xes,0.0,na,[],0,0,0,0,sudden,[],[],6904,0.1,690,0,0,0
12918,log_3731_1708943349.xes,0.0,na,[],0,0,0,0,gradual_start,[],[],6904,0.1,690,0,0,0
12919,log_3731_1708943349.xes,0.0,na,[],0,0,0,0,gradual_end,[],[],6904,0.1,690,0,0,0
12920,log_3398_1708943356.xes,0.6,na,"['sudden', 'gradual']",2,3,1,1,no_drift,[],[],4457,0.1,445,0,0,0
12921,log_3398_1708943356.xes,0.6,na,"['sudden', 'gradual']",2,3,1,1,sudden,[1203],[],4457,0.1,445,0,0,1
12922,log_3398_1708943356.xes,0.6,na,"['sudden', 'gradual']",2,3,1,1,gradual_start,[2957],[2949],4457,0.1,445,1,0,1
12923,log_3398_1708943356.xes,0.6,na,"['sudden', 'gradual']",2,3,1,1,gradual_end,[3374],[3367],4457,0.1,445,1,0,1
12924,log_3541_1708943351.xes,0.0,na,"['sudden', 'gradual', 'sudden']",3,4,2,1,no_drift,[],[],5570,0.1,557,0,0,0
12925,log_3541_1708943351.xes,0.0,na,"['sudden', 'gradual', 'sudden']",3,4,2,1,sudden,"[1142, 4399]",[4375],5570,0.1,557,1,0,2
12926,log_3541_1708943351.xes,0.0,na,"['sudden', 'gradual', 'sudden']",3,4,2,1,gradual_start,[2685],[2674],5570,0.1,557,1,0,1
12927,log_3541_1708943351.xes,0.0,na,"['sudden', 'gradual', 'sudden']",3,4,2,1,gradual_end,[3054],[3052],5570,0.1,557,1,0,1
12928,log_2879_1708943356.xes,0.0,na,[],0,0,0,0,no_drift,[0],[0],6400,0.1,640,1,0,1
12929,log_2879_1708943356.xes,0.0,na,[],0,0,0,0,sudden,[],[],6400,0.1,640,0,0,0
12930,log_2879_1708943356.xes,0.0,na,[],0,0,0,0,gradual_start,[],[],6400,0.1,640,0,0,0
12931,log_2879_1708943356.xes,0.0,na,[],0,0,0,0,gradual_end,[],[],6400,0.1,640,0,0,0
12932,log_3733_1708943358.xes,0.0,na,['sudden'],1,1,1,0,no_drift,[],[],2725,0.1,272,0,0,0
12933,log_3733_1708943358.xes,0.0,na,['sudden'],1,1,1,0,sudden,[1532],[1509],2725,0.1,272,1,0,1
12934,log_3733_1708943358.xes,0.0,na,['sudden'],1,1,1,0,gradual_start,[],[],2725,0.1,272,0,0,0
12935,log_3733_1708943358.xes,0.0,na,['sudden'],1,1,1,0,gradual_end,[],[],2725,0.1,272,0,0,0
12936,log_3360_1708943356.xes,0.6,na,[],0,0,0,0,no_drift,[0],[0],5172,0.1,517,1,0,1
12937,log_3360_1708943356.xes,0.6,na,[],0,0,0,0,sudden,[],[],5172,0.1,517,0,0,0
12938,log_3360_1708943356.xes,0.6,na,[],0,0,0,0,gradual_start,[],[],5172,0.1,517,0,0,0
12939,log_3360_1708943356.xes,0.6,na,[],0,0,0,0,gradual_end,[],[],5172,0.1,517,0,0,0
12940,log_3473_1708943354.xes,0.3,na,"['sudden', 'gradual', 'sudden']",3,4,2,1,no_drift,[],[],6017,0.1,601,0,0,0
12941,log_3473_1708943354.xes,0.3,na,"['sudden', 'gradual', 'sudden']",3,4,2,1,sudden,"[1439, 4683]",[1411],6017,0.1,601,1,0,2
12942,log_3473_1708943354.xes,0.3,na,"['sudden', 'gradual', 'sudden']",3,4,2,1,gradual_start,[3139],[3121],6017,0.1,601,1,0,1
12943,log_3473_1708943354.xes,0.3,na,"['sudden', 'gradual', 'sudden']",3,4,2,1,gradual_end,[3456],[3451],6017,0.1,601,1,0,1
12944,log_3097_1708943355.xes,0.3,na,"['gradual', 'sudden']",2,3,1,1,no_drift,[],[],4418,0.1,441,0,0,0
12945,log_3097_1708943355.xes,0.3,na,"['gradual', 'sudden']",2,3,1,1,sudden,[3382],[3345],4418,0.1,441,1,0,1
12946,log_3097_1708943355.xes,0.3,na,"['gradual', 'sudden']",2,3,1,1,gradual_start,[1718],[1695],4418,0.1,441,1,0,1
12947,log_3097_1708943355.xes,0.3,na,"['gradual', 'sudden']",2,3,1,1,gradual_end,[2043],[2069],4418,0.1,441,1,0,1
12948,log_3030_1708943355.xes,0.0,na,['gradual'],1,2,0,1,no_drift,[],[],3109,0.1,310,0,0,0
12949,log_3030_1708943355.xes,0.0,na,['gradual'],1,2,0,1,sudden,[],[],3109,0.1,310,0,0,0
12950,log_3030_1708943355.xes,0.0,na,['gradual'],1,2,0,1,gradual_start,[1062],[1066],3109,0.1,310,1,0,1
12951,log_3030_1708943355.xes,0.0,na,['gradual'],1,2,0,1,gradual_end,[1407],[1396],3109,0.1,310,1,0,1
12952,log_3434_1708943357.xes,0.3,na,"['sudden', 'sudden']",2,2,2,0,no_drift,[],[],4846,0.1,484,0,0,0
12953,log_3434_1708943357.xes,0.3,na,"['sudden', 'sudden']",2,2,2,0,sudden,"[1039, 3035]","[3025, 1009]",4846,0.1,484,2,0,2
12954,log_3434_1708943357.xes,0.3,na,"['sudden', 'sudden']",2,2,2,0,gradual_start,[],[],4846,0.1,484,0,0,0
12955,log_3434_1708943357.xes,0.3,na,"['sudden', 'sudden']",2,2,2,0,gradual_end,[],[],4846,0.1,484,0,0,0
12956,log_3406_1708943382.xes,0.0,na,['gradual'],1,2,0,1,no_drift,[],[],3209,0.1,320,0,0,0
12957,log_3406_1708943382.xes,0.0,na,['gradual'],1,2,0,1,sudden,[],[],3209,0.1,320,0,0,0
12958,log_3406_1708943382.xes,0.0,na,['gradual'],1,2,0,1,gradual_start,[1022],[1041],3209,0.1,320,1,0,1
12959,log_3406_1708943382.xes,0.0,na,['gradual'],1,2,0,1,gradual_end,[1452],[1441],3209,0.1,320,1,0,1
12960,log_2952_1708943357.xes,0.6,na,['gradual'],1,2,0,1,no_drift,[],[],3387,0.1,338,0,0,0
12961,log_2952_1708943357.xes,0.6,na,['gradual'],1,2,0,1,sudden,[],[],3387,0.1,338,0,0,0
12962,log_2952_1708943357.xes,0.6,na,['gradual'],1,2,0,1,gradual_start,[1301],[1265],3387,0.1,338,1,0,1
12963,log_2952_1708943357.xes,0.6,na,['gradual'],1,2,0,1,gradual_end,[1838],[1809],3387,0.1,338,1,0,1
12964,log_3583_1708943354.xes,0.3,na,"['gradual', 'sudden', 'gradual']",3,5,1,2,no_drift,[],[],5548,0.1,554,0,0,0
12965,log_3583_1708943354.xes,0.3,na,"['gradual', 'sudden', 'gradual']",3,5,1,2,sudden,[2552],[2539],5548,0.1,554,1,0,1
12966,log_3583_1708943354.xes,0.3,na,"['gradual', 'sudden', 'gradual']",3,5,1,2,gradual_start,"[1221, 3748]",[3754],5548,0.1,554,1,0,2
12967,log_3583_1708943354.xes,0.3,na,"['gradual', 'sudden', 'gradual']",3,5,1,2,gradual_end,"[1551, 4129]",[4132],5548,0.1,554,1,0,2
12968,log_3319_1708943356.xes,0.0,na,"['sudden', 'gradual']",2,3,1,1,no_drift,[],[],5141,0.1,514,0,0,0
12969,log_3319_1708943356.xes,0.0,na,"['sudden', 'gradual']",2,3,1,1,sudden,[1180],[1151],5141,0.1,514,1,0,1
12970,log_3319_1708943356.xes,0.0,na,"['sudden', 'gradual']",2,3,1,1,gradual_start,[2751],[2751],5141,0.1,514,1,0,1
12971,log_3319_1708943356.xes,0.0,na,"['sudden', 'gradual']",2,3,1,1,gradual_end,[3158],[3151],5141,0.1,514,1,0,1
12972,log_3246_1708943380.xes,0.0,na,"['sudden', 'sudden', 'sudden']",3,3,3,0,no_drift,[],[],6918,0.1,691,0,0,0
12973,log_3246_1708943380.xes,0.0,na,"['sudden', 'sudden', 'sudden']",3,3,3,0,sudden,"[1891, 3635, 4922]","[4897, 3639, 1871]",6918,0.1,691,3,0,3
12974,log_3246_1708943380.xes,0.0,na,"['sudden', 'sudden', 'sudden']",3,3,3,0,gradual_start,[],[],6918,0.1,691,0,0,0
12975,log_3246_1708943380.xes,0.0,na,"['sudden', 'sudden', 'sudden']",3,3,3,0,gradual_end,[],[],6918,0.1,691,0,0,0
12976,log_3141_1708943380.xes,0.3,na,['gradual'],1,2,0,1,no_drift,[],[],2731,0.1,273,0,0,0
12977,log_3141_1708943380.xes,0.3,na,['gradual'],1,2,0,1,sudden,[],[],2731,0.1,273,0,0,0
12978,log_3141_1708943380.xes,0.3,na,['gradual'],1,2,0,1,gradual_start,[1276],[1275],2731,0.1,273,1,0,1
12979,log_3141_1708943380.xes,0.3,na,['gradual'],1,2,0,1,gradual_end,[1714],[1691],2731,0.1,273,1,0,1
12980,log_3365_1708943381.xes,0.3,na,"['sudden', 'gradual']",2,3,1,1,no_drift,[],[0],5151,0.1,515,0,1,0
12981,log_3365_1708943381.xes,0.3,na,"['sudden', 'gradual']",2,3,1,1,sudden,[1360],[],5151,0.1,515,0,0,1
12982,log_3365_1708943381.xes,0.3,na,"['sudden', 'gradual']",2,3,1,1,gradual_start,[2940],[],5151,0.1,515,0,0,1
12983,log_3365_1708943381.xes,0.3,na,"['sudden', 'gradual']",2,3,1,1,gradual_end,[3287],[],5151,0.1,515,0,0,1
12984,log_3211_1708943379.xes,0.3,na,"['gradual', 'gradual']",2,4,0,2,no_drift,[],[0],5929,0.1,592,0,1,0
12985,log_3211_1708943379.xes,0.3,na,"['gradual', 'gradual']",2,4,0,2,sudden,[],[],5929,0.1,592,0,0,0
12986,log_3211_1708943379.xes,0.3,na,"['gradual', 'gradual']",2,4,0,2,gradual_start,"[1819, 3813]",[],5929,0.1,592,0,0,2
12987,log_3211_1708943379.xes,0.3,na,"['gradual', 'gradual']",2,4,0,2,gradual_end,"[2293, 4209]",[],5929,0.1,592,0,0,2
12988,log_3325_1708943378.xes,0.3,na,"['gradual', 'gradual']",2,4,0,2,no_drift,[],[],5060,0.1,506,0,0,0
12989,log_3325_1708943378.xes,0.3,na,"['gradual', 'gradual']",2,4,0,2,sudden,[],[],5060,0.1,506,0,0,0
12990,log_3325_1708943378.xes,0.3,na,"['gradual', 'gradual']",2,4,0,2,gradual_start,"[1595, 3519]","[3501, 1576]",5060,0.1,506,2,0,2
12991,log_3325_1708943378.xes,0.3,na,"['gradual', 'gradual']",2,4,0,2,gradual_end,"[2064, 4052]","[4051, 2051]",5060,0.1,506,2,0,2
12992,log_3694_1708943356.xes,0.3,na,"['sudden', 'gradual']",2,3,1,1,no_drift,[],[],5202,0.1,520,0,0,0
12993,log_3694_1708943356.xes,0.3,na,"['sudden', 'gradual']",2,3,1,1,sudden,[1329],[1301],5202,0.1,520,1,0,1
12994,log_3694_1708943356.xes,0.3,na,"['sudden', 'gradual']",2,3,1,1,gradual_start,[2908],[],5202,0.1,520,0,0,1
12995,log_3694_1708943356.xes,0.3,na,"['sudden', 'gradual']",2,3,1,1,gradual_end,[3263],[],5202,0.1,520,0,0,1
12996,log_3054_1708943343.xes,0.0,na,"['gradual', 'sudden', 'gradual']",3,5,1,2,no_drift,[],[],7549,0.1,754,0,0,0
12997,log_3054_1708943343.xes,0.0,na,"['gradual', 'sudden', 'gradual']",3,5,1,2,sudden,[3462],[],7549,0.1,754,0,0,1
12998,log_3054_1708943343.xes,0.0,na,"['gradual', 'sudden', 'gradual']",3,5,1,2,gradual_start,"[1391, 5171]",[5144],7549,0.1,754,1,0,2
12999,log_3054_1708943343.xes,0.0,na,"['gradual', 'sudden', 'gradual']",3,5,1,2,gradual_end,"[1924, 5767]",[5773],7549,0.1,754,1,0,2
13000,log_3657_1708943355.xes,0.6,na,"['sudden', 'gradual', 'gradual']",3,5,1,2,no_drift,[],[0],7332,0.1,733,0,1,0
13001,log_3657_1708943355.xes,0.6,na,"['sudden', 'gradual', 'gradual']",3,5,1,2,sudden,[1805],[],7332,0.1,733,0,0,1
13002,log_3657_1708943355.xes,0.6,na,"['sudden', 'gradual', 'gradual']",3,5,1,2,gradual_start,"[3501, 5394]",[],7332,0.1,733,0,0,2
13003,log_3657_1708943355.xes,0.6,na,"['sudden', 'gradual', 'gradual']",3,5,1,2,gradual_end,"[3849, 5870]",[],7332,0.1,733,0,0,2
13004,log_3589_1708943385.xes,0.0,na,['sudden'],1,1,1,0,no_drift,[],[0],2496,0.1,249,0,1,0
13005,log_3589_1708943385.xes,0.0,na,['sudden'],1,1,1,0,sudden,[1420],[],2496,0.1,249,0,0,1
13006,log_3589_1708943385.xes,0.0,na,['sudden'],1,1,1,0,gradual_start,[],[],2496,0.1,249,0,0,0
13007,log_3589_1708943385.xes,0.0,na,['sudden'],1,1,1,0,gradual_end,[],[],2496,0.1,249,0,0,0
13008,log_3247_1708943384.xes,0.3,na,['sudden'],1,1,1,0,no_drift,[],[],3147,0.1,314,0,0,0
13009,log_3247_1708943384.xes,0.3,na,['sudden'],1,1,1,0,sudden,[1936],[1921],3147,0.1,314,1,0,1
13010,log_3247_1708943384.xes,0.3,na,['sudden'],1,1,1,0,gradual_start,[],[],3147,0.1,314,0,0,0
13011,log_3247_1708943384.xes,0.3,na,['sudden'],1,1,1,0,gradual_end,[],[],3147,0.1,314,0,0,0
13012,log_2883_1708943378.xes,0.0,na,"['sudden', 'gradual', 'sudden']",3,4,2,1,no_drift,[],[],6445,0.1,644,0,0,0
13013,log_2883_1708943378.xes,0.0,na,"['sudden', 'gradual', 'sudden']",3,4,2,1,sudden,"[1851, 5260]",[1825],6445,0.1,644,1,0,2
13014,log_2883_1708943378.xes,0.0,na,"['sudden', 'gradual', 'sudden']",3,4,2,1,gradual_start,[2955],[2945],6445,0.1,644,1,0,1
13015,log_2883_1708943378.xes,0.0,na,"['sudden', 'gradual', 'sudden']",3,4,2,1,gradual_end,[3400],[3393],6445,0.1,644,1,0,1
13016,log_3142_1708943386.xes,0.0,na,['sudden'],1,1,1,0,no_drift,[],[],3404,0.1,340,0,0,0
13017,log_3142_1708943386.xes,0.0,na,['sudden'],1,1,1,0,sudden,[1965],[1973],3404,0.1,340,1,0,1
13018,log_3142_1708943386.xes,0.0,na,['sudden'],1,1,1,0,gradual_start,[],[],3404,0.1,340,0,0,0
13019,log_3142_1708943386.xes,0.0,na,['sudden'],1,1,1,0,gradual_end,[],[],3404,0.1,340,0,0,0
13020,log_3517_1708943384.xes,0.6,na,['sudden'],1,1,1,0,no_drift,[],[0],2990,0.1,299,0,1,0
13021,log_3517_1708943384.xes,0.6,na,['sudden'],1,1,1,0,sudden,[1349],[],2990,0.1,299,0,0,1
13022,log_3517_1708943384.xes,0.6,na,['sudden'],1,1,1,0,gradual_start,[],[],2990,0.1,299,0,0,0
13023,log_3517_1708943384.xes,0.6,na,['sudden'],1,1,1,0,gradual_end,[],[],2990,0.1,299,0,0,0
13024,log_3588_1708943380.xes,0.0,na,"['sudden', 'sudden', 'gradual']",3,4,2,1,no_drift,[],[],5826,0.1,582,0,0,0
13025,log_3588_1708943380.xes,0.0,na,"['sudden', 'sudden', 'gradual']",3,4,2,1,sudden,"[1498, 2717]","[1480, 2698]",5826,0.1,582,2,0,2
13026,log_3588_1708943380.xes,0.0,na,"['sudden', 'sudden', 'gradual']",3,4,2,1,gradual_start,[4180],[],5826,0.1,582,0,0,1
13027,log_3588_1708943380.xes,0.0,na,"['sudden', 'sudden', 'gradual']",3,4,2,1,gradual_end,[4513],[],5826,0.1,582,0,0,1
13028,log_2917_1708943382.xes,0.6,na,"['sudden', 'gradual']",2,3,1,1,no_drift,[],[],5423,0.1,542,0,0,0
13029,log_2917_1708943382.xes,0.6,na,"['sudden', 'gradual']",2,3,1,1,sudden,[1871],[1837],5423,0.1,542,1,0,1
13030,log_2917_1708943382.xes,0.6,na,"['sudden', 'gradual']",2,3,1,1,gradual_start,[3370],[3349],5423,0.1,542,1,0,1
13031,log_2917_1708943382.xes,0.6,na,"['sudden', 'gradual']",2,3,1,1,gradual_end,[3838],[3862],5423,0.1,542,1,0,1
13032,log_3177_1708943383.xes,0.3,na,"['sudden', 'sudden', 'gradual']",3,4,2,1,no_drift,[],[],5805,0.1,580,0,0,0
13033,log_3177_1708943383.xes,0.3,na,"['sudden', 'sudden', 'gradual']",3,4,2,1,sudden,"[1387, 2419]","[2408, 1364]",5805,0.1,580,2,0,2
13034,log_3177_1708943383.xes,0.3,na,"['sudden', 'sudden', 'gradual']",3,4,2,1,gradual_start,[3952],[],5805,0.1,580,0,0,1
13035,log_3177_1708943383.xes,0.3,na,"['sudden', 'sudden', 'gradual']",3,4,2,1,gradual_end,[4434],[],5805,0.1,580,0,0,1
13036,log_3104_1708943381.xes,0.3,na,['gradual'],1,2,0,1,no_drift,[],[],4276,0.1,427,0,0,0
13037,log_3104_1708943381.xes,0.3,na,['gradual'],1,2,0,1,sudden,[],[],4276,0.1,427,0,0,0
13038,log_3104_1708943381.xes,0.3,na,['gradual'],1,2,0,1,gradual_start,[1860],[1828],4276,0.1,427,1,0,1
13039,log_3104_1708943381.xes,0.3,na,['gradual'],1,2,0,1,gradual_end,[2422],[2416],4276,0.1,427,1,0,1
13040,log_3662_1708943383.xes,0.0,na,"['sudden', 'gradual', 'gradual']",3,5,1,2,no_drift,[],[],5813,0.1,581,0,0,0
13041,log_3662_1708943383.xes,0.0,na,"['sudden', 'gradual', 'gradual']",3,5,1,2,sudden,[1233],[1190],5813,0.1,581,1,0,1
13042,log_3662_1708943383.xes,0.0,na,"['sudden', 'gradual', 'gradual']",3,5,1,2,gradual_start,"[2430, 4173]",[2408],5813,0.1,581,1,0,2
13043,log_3662_1708943383.xes,0.0,na,"['sudden', 'gradual', 'gradual']",3,5,1,2,gradual_end,"[3016, 4525]",[2959],5813,0.1,581,1,0,2
13044,log_3059_1708943382.xes,0.0,na,"['sudden', 'sudden', 'gradual']",3,4,2,1,no_drift,[],[],6918,0.1,691,0,0,0
13045,log_3059_1708943382.xes,0.0,na,"['sudden', 'sudden', 'gradual']",3,4,2,1,sudden,"[1784, 3355]","[3333, 1769]",6918,0.1,691,2,0,2
13046,log_3059_1708943382.xes,0.0,na,"['sudden', 'sudden', 'gradual']",3,4,2,1,gradual_start,[4921],[],6918,0.1,691,0,0,1
13047,log_3059_1708943382.xes,0.0,na,"['sudden', 'sudden', 'gradual']",3,4,2,1,gradual_end,[5480],[],6918,0.1,691,0,0,1
13048,log_3248_1708943387.xes,0.0,na,['sudden'],1,1,1,0,no_drift,[],[],2751,0.1,275,0,0,0
13049,log_3248_1708943387.xes,0.0,na,['sudden'],1,1,1,0,sudden,[1606],[1587],2751,0.1,275,1,0,1
13050,log_3248_1708943387.xes,0.0,na,['sudden'],1,1,1,0,gradual_start,[],[],2751,0.1,275,0,0,0
13051,log_3248_1708943387.xes,0.0,na,['sudden'],1,1,1,0,gradual_end,[],[],2751,0.1,275,0,0,0
13052,log_3036_1708943377.xes,0.3,na,"['sudden', 'gradual', 'gradual']",3,5,1,2,no_drift,[],[],6512,0.1,651,0,0,0
13053,log_3036_1708943377.xes,0.3,na,"['sudden', 'gradual', 'gradual']",3,5,1,2,sudden,[1398],[1377],6512,0.1,651,1,0,1
13054,log_3036_1708943377.xes,0.3,na,"['sudden', 'gradual', 'gradual']",3,5,1,2,gradual_start,"[3015, 4749]",[4737],6512,0.1,651,1,0,2
13055,log_3036_1708943377.xes,0.3,na,"['sudden', 'gradual', 'gradual']",3,5,1,2,gradual_end,"[3516, 5242]",[5217],6512,0.1,651,1,0,2
13056,log_3326_1708943387.xes,0.6,na,[],0,0,0,0,no_drift,[0],[0],4604,0.1,460,1,0,1
13057,log_3326_1708943387.xes,0.6,na,[],0,0,0,0,sudden,[],[],4604,0.1,460,0,0,0
13058,log_3326_1708943387.xes,0.6,na,[],0,0,0,0,gradual_start,[],[],4604,0.1,460,0,0,0
13059,log_3326_1708943387.xes,0.6,na,[],0,0,0,0,gradual_end,[],[],4604,0.1,460,0,0,0
13060,log_3439_1708943382.xes,0.0,na,"['gradual', 'sudden', 'sudden']",3,4,2,1,no_drift,[],[],5334,0.1,533,0,0,0
13061,log_3439_1708943382.xes,0.0,na,"['gradual', 'sudden', 'sudden']",3,4,2,1,sudden,"[3029, 4085]","[2991, 4057]",5334,0.1,533,2,0,2
13062,log_3439_1708943382.xes,0.0,na,"['gradual', 'sudden', 'sudden']",3,4,2,1,gradual_start,[1037],[],5334,0.1,533,0,0,1
13063,log_3439_1708943382.xes,0.0,na,"['gradual', 'sudden', 'sudden']",3,4,2,1,gradual_end,[1352],[],5334,0.1,533,0,0,1
13064,log_3440_1708943387.xes,0.0,na,[],0,0,0,0,no_drift,[0],[0],1737,0.1,173,1,0,1
13065,log_3440_1708943387.xes,0.0,na,[],0,0,0,0,sudden,[],[],1737,0.1,173,0,0,0
13066,log_3440_1708943387.xes,0.0,na,[],0,0,0,0,gradual_start,[],[],1737,0.1,173,0,0,0
13067,log_3440_1708943387.xes,0.0,na,[],0,0,0,0,gradual_end,[],[],1737,0.1,173,0,0,0
13068,log_3543_1708943360.xes,0.6,na,['sudden'],1,1,1,0,no_drift,[],[0],3323,0.1,332,0,1,0
13069,log_3543_1708943360.xes,0.6,na,['sudden'],1,1,1,0,sudden,[1478],[],3323,0.1,332,0,0,1
13070,log_3543_1708943360.xes,0.6,na,['sudden'],1,1,1,0,gradual_start,[],[],3323,0.1,332,0,0,0
13071,log_3543_1708943360.xes,0.6,na,['sudden'],1,1,1,0,gradual_end,[],[],3323,0.1,332,0,0,0
13072,log_3698_1708943384.xes,0.3,na,"['sudden', 'gradual', 'sudden']",3,4,2,1,no_drift,[],[],5715,0.1,571,0,0,0
13073,log_3698_1708943384.xes,0.3,na,"['sudden', 'gradual', 'sudden']",3,4,2,1,sudden,"[1562, 4716]",[1541],5715,0.1,571,1,0,2
13074,log_3698_1708943384.xes,0.3,na,"['sudden', 'gradual', 'sudden']",3,4,2,1,gradual_start,[3107],[3081],5715,0.1,571,1,0,1
13075,log_3698_1708943384.xes,0.3,na,"['sudden', 'gradual', 'sudden']",3,4,2,1,gradual_end,[3639],[3613],5715,0.1,571,1,0,1
13076,log_3474_1708943359.xes,0.0,na,"['gradual', 'gradual']",2,4,0,2,no_drift,[],[],5869,0.1,586,0,0,0
13077,log_3474_1708943359.xes,0.0,na,"['gradual', 'gradual']",2,4,0,2,sudden,[],[3800],5869,0.1,586,0,1,0
13078,log_3474_1708943359.xes,0.0,na,"['gradual', 'gradual']",2,4,0,2,gradual_start,"[1663, 3839]",[],5869,0.1,586,0,0,2
13079,log_3474_1708943359.xes,0.0,na,"['gradual', 'gradual']",2,4,0,2,gradual_end,"[1979, 4308]",[],5869,0.1,586,0,0,2
13080,log_3737_1708943384.xes,0.0,na,"['gradual', 'gradual']",2,4,0,2,no_drift,[],[],4987,0.1,498,0,0,0
13081,log_3737_1708943384.xes,0.0,na,"['gradual', 'gradual']",2,4,0,2,sudden,[],[],4987,0.1,498,0,0,0
13082,log_3737_1708943384.xes,0.0,na,"['gradual', 'gradual']",2,4,0,2,gradual_start,"[1085, 3202]","[3169, 1009]",4987,0.1,498,2,0,2
13083,log_3737_1708943384.xes,0.0,na,"['gradual', 'gradual']",2,4,0,2,gradual_end,"[1501, 3793]","[3793, 1489]",4987,0.1,498,2,0,2
13084,log_3407_1708943384.xes,0.6,na,"['gradual', 'sudden']",2,3,1,1,no_drift,[],[],5469,0.1,546,0,0,0
13085,log_3407_1708943384.xes,0.6,na,"['gradual', 'sudden']",2,3,1,1,sudden,[4173],[4159],5469,0.1,546,1,0,1
13086,log_3407_1708943384.xes,0.6,na,"['gradual', 'sudden']",2,3,1,1,gradual_start,[1792],[],5469,0.1,546,0,0,1
13087,log_3407_1708943384.xes,0.6,na,"['gradual', 'sudden']",2,3,1,1,gradual_end,[2179],[],5469,0.1,546,0,0,1
13088,log_3212_1708943385.xes,0.3,na,[],0,0,0,0,no_drift,[0],[0],5331,0.1,533,1,0,1
13089,log_3212_1708943385.xes,0.3,na,[],0,0,0,0,sudden,[],[],5331,0.1,533,0,0,0
13090,log_3212_1708943385.xes,0.3,na,[],0,0,0,0,gradual_start,[],[],5331,0.1,533,0,0,0
13091,log_3212_1708943385.xes,0.3,na,[],0,0,0,0,gradual_end,[],[],5331,0.1,533,0,0,0
13092,log_3178_1708943387.xes,0.0,na,"['gradual', 'sudden']",2,3,1,1,no_drift,[],[],4621,0.1,462,0,0,0
13093,log_3178_1708943387.xes,0.0,na,"['gradual', 'sudden']",2,3,1,1,sudden,[3138],[],4621,0.1,462,0,0,1
13094,log_3178_1708943387.xes,0.0,na,"['gradual', 'sudden']",2,3,1,1,gradual_start,[1040],[1059],4621,0.1,462,1,0,1
13095,log_3178_1708943387.xes,0.0,na,"['gradual', 'sudden']",2,3,1,1,gradual_end,[1637],[1634],4621,0.1,462,1,0,1
13096,log_3549_1708943376.xes,0.6,na,[],0,0,0,0,no_drift,[0],[0],7060,0.1,706,1,0,1
13097,log_3549_1708943376.xes,0.6,na,[],0,0,0,0,sudden,[],[],7060,0.1,706,0,0,0
13098,log_3549_1708943376.xes,0.6,na,[],0,0,0,0,gradual_start,[],[],7060,0.1,706,0,0,0
13099,log_3549_1708943376.xes,0.6,na,[],0,0,0,0,gradual_end,[],[],7060,0.1,706,0,0,0
13100,log_3366_1708943386.xes,0.0,na,"['gradual', 'gradual']",2,4,0,2,no_drift,[],[],5030,0.1,503,0,0,0
13101,log_3366_1708943386.xes,0.0,na,"['gradual', 'gradual']",2,4,0,2,sudden,[],[],5030,0.1,503,0,0,0
13102,log_3366_1708943386.xes,0.0,na,"['gradual', 'gradual']",2,4,0,2,gradual_start,"[1284, 2955]",[1276],5030,0.1,503,1,0,2
13103,log_3366_1708943386.xes,0.0,na,"['gradual', 'gradual']",2,4,0,2,gradual_end,"[1823, 3321]",[1776],5030,0.1,503,1,0,2
13104,log_3699_1708943389.xes,0.0,na,[],0,0,0,0,no_drift,[0],[0],1892,0.1,189,1,0,1
13105,log_3699_1708943389.xes,0.0,na,[],0,0,0,0,sudden,[],[],1892,0.1,189,0,0,0
13106,log_3699_1708943389.xes,0.0,na,[],0,0,0,0,gradual_start,[],[],1892,0.1,189,0,0,0
13107,log_3699_1708943389.xes,0.0,na,[],0,0,0,0,gradual_end,[],[],1892,0.1,189,0,0,0
13108,log_3320_1708943362.xes,0.0,na,[],0,0,0,0,no_drift,[0],[0],3302,0.1,330,1,0,1
13109,log_3320_1708943362.xes,0.0,na,[],0,0,0,0,sudden,[],[],3302,0.1,330,0,0,0
13110,log_3320_1708943362.xes,0.0,na,[],0,0,0,0,gradual_start,[],[],3302,0.1,330,0,0,0
13111,log_3320_1708943362.xes,0.0,na,[],0,0,0,0,gradual_end,[],[],3302,0.1,330,0,0,0
13112,log_2953_1708943362.xes,0.3,na,[],0,0,0,0,no_drift,[0],[0],1769,0.1,176,1,0,1
13113,log_2953_1708943362.xes,0.3,na,[],0,0,0,0,sudden,[],[],1769,0.1,176,0,0,0
13114,log_2953_1708943362.xes,0.3,na,[],0,0,0,0,gradual_start,[],[],1769,0.1,176,0,0,0
13115,log_2953_1708943362.xes,0.3,na,[],0,0,0,0,gradual_end,[],[],1769,0.1,176,0,0,0
13116,log_2880_1708943359.xes,0.3,na,"['gradual', 'sudden', 'sudden']",3,4,2,1,no_drift,[],[],6316,0.1,631,0,0,0
13117,log_2880_1708943359.xes,0.3,na,"['gradual', 'sudden', 'sudden']",3,4,2,1,sudden,"[3183, 5138]",[5085],6316,0.1,631,1,0,2
13118,log_2880_1708943359.xes,0.3,na,"['gradual', 'sudden', 'sudden']",3,4,2,1,gradual_start,[1652],[],6316,0.1,631,0,0,1
13119,log_2880_1708943359.xes,0.3,na,"['gradual', 'sudden', 'sudden']",3,4,2,1,gradual_end,[1965],[],6316,0.1,631,0,0,1
13120,log_3518_1708943387.xes,0.0,na,"['sudden', 'sudden']",2,2,2,0,no_drift,[],[],5193,0.1,519,0,0,0
13121,log_3518_1708943387.xes,0.0,na,"['sudden', 'sudden']",2,2,2,0,sudden,"[1542, 3235]","[3201, 1526]",5193,0.1,519,2,0,2
13122,log_3518_1708943387.xes,0.0,na,"['sudden', 'sudden']",2,2,2,0,gradual_start,[],[],5193,0.1,519,0,0,0
13123,log_3518_1708943387.xes,0.0,na,"['sudden', 'sudden']",2,2,2,0,gradual_end,[],[],5193,0.1,519,0,0,0
13124,log_2994_1708943379.xes,0.6,na,"['sudden', 'sudden', 'sudden']",3,3,3,0,no_drift,[],[],6381,0.1,638,0,0,0
13125,log_2994_1708943379.xes,0.6,na,"['sudden', 'sudden', 'sudden']",3,3,3,0,sudden,"[1999, 3530, 4582]","[4558, 1954, 3535]",6381,0.1,638,3,0,3
13126,log_2994_1708943379.xes,0.6,na,"['sudden', 'sudden', 'sudden']",3,3,3,0,gradual_start,[],[],6381,0.1,638,0,0,0
13127,log_2994_1708943379.xes,0.6,na,"['sudden', 'sudden', 'sudden']",3,3,3,0,gradual_end,[],[],6381,0.1,638,0,0,0
13128,log_3629_1708943384.xes,0.6,na,"['sudden', 'gradual', 'gradual']",3,5,1,2,no_drift,[],[],7572,0.1,757,0,0,0
13129,log_3629_1708943384.xes,0.6,na,"['sudden', 'gradual', 'gradual']",3,5,1,2,sudden,[1951],[],7572,0.1,757,0,0,1
13130,log_3629_1708943384.xes,0.6,na,"['sudden', 'gradual', 'gradual']",3,5,1,2,gradual_start,"[3790, 6072]","[6032, 3775]",7572,0.1,757,2,0,2
13131,log_3629_1708943384.xes,0.6,na,"['sudden', 'gradual', 'gradual']",3,5,1,2,gradual_end,"[4280, 6468]","[6439, 4256]",7572,0.1,757,2,0,2
13132,log_3291_1708943384.xes,0.3,na,"['sudden', 'sudden']",2,2,2,0,no_drift,[],[],4617,0.1,461,0,0,0
13133,log_3291_1708943384.xes,0.3,na,"['sudden', 'sudden']",2,2,2,0,sudden,"[1445, 2914]","[2922, 1404]",4617,0.1,461,2,0,2
13134,log_3291_1708943384.xes,0.3,na,"['sudden', 'sudden']",2,2,2,0,gradual_start,[],[],4617,0.1,461,0,0,0
13135,log_3291_1708943384.xes,0.3,na,"['sudden', 'sudden']",2,2,2,0,gradual_end,[],[],4617,0.1,461,0,0,0
13136,log_2957_1708943383.xes,0.0,na,[],0,0,0,0,no_drift,[0],[0],4096,0.1,409,1,0,1
13137,log_2957_1708943383.xes,0.0,na,[],0,0,0,0,sudden,[],[],4096,0.1,409,0,0,0
13138,log_2957_1708943383.xes,0.0,na,[],0,0,0,0,gradual_start,[],[],4096,0.1,409,0,0,0
13139,log_2957_1708943383.xes,0.0,na,[],0,0,0,0,gradual_end,[],[],4096,0.1,409,0,0,0
13140,log_3031_1708943360.xes,0.0,na,"['gradual', 'gradual', 'sudden']",3,5,1,2,no_drift,[],[],7090,0.1,709,0,0,0
13141,log_3031_1708943360.xes,0.0,na,"['gradual', 'gradual', 'sudden']",3,5,1,2,sudden,[5469],[5461],7090,0.1,709,1,0,1
13142,log_3031_1708943360.xes,0.0,na,"['gradual', 'gradual', 'sudden']",3,5,1,2,gradual_start,"[1252, 3168]","[3151, 1261]",7090,0.1,709,2,0,2
13143,log_3031_1708943360.xes,0.0,na,"['gradual', 'gradual', 'sudden']",3,5,1,2,gradual_end,"[1742, 3617]","[3606, 1716]",7090,0.1,709,2,0,2
13144,log_3623_1708943358.xes,0.6,na,"['sudden', 'gradual', 'sudden']",3,4,2,1,no_drift,[],[],5547,0.1,554,0,0,0
13145,log_3623_1708943358.xes,0.6,na,"['sudden', 'gradual', 'sudden']",3,4,2,1,sudden,"[1292, 4303]","[1270, 4267]",5547,0.1,554,2,0,2
13146,log_3623_1708943358.xes,0.6,na,"['sudden', 'gradual', 'sudden']",3,4,2,1,gradual_start,[2733],[],5547,0.1,554,0,0,1
13147,log_3623_1708943358.xes,0.6,na,"['sudden', 'gradual', 'sudden']",3,4,2,1,gradual_end,[3213],[],5547,0.1,554,0,0,1
13148,log_3173_1708943363.xes,0.0,na,['sudden'],1,1,1,0,no_drift,[],[],2087,0.1,208,0,0,0
13149,log_3173_1708943363.xes,0.0,na,['sudden'],1,1,1,0,sudden,[1061],[1041],2087,0.1,208,1,0,1
13150,log_3173_1708943363.xes,0.0,na,['sudden'],1,1,1,0,gradual_start,[],[],2087,0.1,208,0,0,0
13151,log_3173_1708943363.xes,0.0,na,['sudden'],1,1,1,0,gradual_end,[],[],2087,0.1,208,0,0,0
13152,log_3172_1708943358.xes,0.6,na,['gradual'],1,2,0,1,no_drift,[],[],4230,0.1,423,0,0,0
13153,log_3172_1708943358.xes,0.6,na,['gradual'],1,2,0,1,sudden,[],[],4230,0.1,423,0,0,0
13154,log_3172_1708943358.xes,0.6,na,['gradual'],1,2,0,1,gradual_start,[1886],[1870],4230,0.1,423,1,0,1
13155,log_3172_1708943358.xes,0.6,na,['gradual'],1,2,0,1,gradual_end,[2471],[2458],4230,0.1,423,1,0,1
13156,log_3544_1708943362.xes,0.6,na,['gradual'],1,2,0,1,no_drift,[],[],3594,0.1,359,0,0,0
13157,log_3544_1708943362.xes,0.6,na,['gradual'],1,2,0,1,sudden,[],[],3594,0.1,359,0,0,0
13158,log_3544_1708943362.xes,0.6,na,['gradual'],1,2,0,1,gradual_start,[1902],[1820],3594,0.1,359,1,0,1
13159,log_3544_1708943362.xes,0.6,na,['gradual'],1,2,0,1,gradual_end,[2240],[2245],3594,0.1,359,1,0,1
13160,log_3285_1708943358.xes,0.0,na,"['sudden', 'gradual', 'gradual']",3,5,1,2,no_drift,[],[],6434,0.1,643,0,0,0
13161,log_3285_1708943358.xes,0.0,na,"['sudden', 'gradual', 'gradual']",3,5,1,2,sudden,[1570],[1537],6434,0.1,643,1,0,1
13162,log_3285_1708943358.xes,0.0,na,"['sudden', 'gradual', 'gradual']",3,5,1,2,gradual_start,"[2822, 4260]",[4257],6434,0.1,643,1,0,2
13163,log_3285_1708943358.xes,0.0,na,"['sudden', 'gradual', 'gradual']",3,5,1,2,gradual_end,"[3249, 4735]",[4673],6434,0.1,643,1,0,2
13164,log_3399_1708943359.xes,0.3,na,"['gradual', 'gradual']",2,4,0,2,no_drift,[],[],5151,0.1,515,0,0,0
13165,log_3399_1708943359.xes,0.3,na,"['gradual', 'gradual']",2,4,0,2,sudden,[],[],5151,0.1,515,0,0,0
13166,log_3399_1708943359.xes,0.3,na,"['gradual', 'gradual']",2,4,0,2,gradual_start,"[1922, 3696]",[1901],5151,0.1,515,1,0,2
13167,log_3399_1708943359.xes,0.3,na,"['gradual', 'gradual']",2,4,0,2,gradual_end,"[2372, 4100]",[2376],5151,0.1,515,1,0,2
13168,log_3734_1708943360.xes,0.3,na,['gradual'],1,2,0,1,no_drift,[],[],3557,0.1,355,0,0,0
13169,log_3734_1708943360.xes,0.3,na,['gradual'],1,2,0,1,sudden,[],[],3557,0.1,355,0,0,0
13170,log_3734_1708943360.xes,0.3,na,['gradual'],1,2,0,1,gradual_start,[1720],[1701],3557,0.1,355,1,0,1
13171,log_3734_1708943360.xes,0.3,na,['gradual'],1,2,0,1,gradual_end,[2292],[2296],3557,0.1,355,1,0,1
13172,log_3321_1708943363.xes,0.0,na,['sudden'],1,1,1,0,no_drift,[],[],3128,0.1,312,0,0,0
13173,log_3321_1708943363.xes,0.0,na,['sudden'],1,1,1,0,sudden,[1181],[1171],3128,0.1,312,1,0,1
13174,log_3321_1708943363.xes,0.0,na,['sudden'],1,1,1,0,gradual_start,[],[],3128,0.1,312,0,0,0
13175,log_3321_1708943363.xes,0.0,na,['sudden'],1,1,1,0,gradual_end,[],[],3128,0.1,312,0,0,0
13176,log_3136_1708943355.xes,0.0,na,"['sudden', 'gradual', 'sudden']",3,4,2,1,no_drift,[],[],6454,0.1,645,0,0,0
13177,log_3136_1708943355.xes,0.0,na,"['sudden', 'gradual', 'sudden']",3,4,2,1,sudden,"[1515, 5035]","[4993, 1505]",6454,0.1,645,2,0,2
13178,log_3136_1708943355.xes,0.0,na,"['sudden', 'gradual', 'sudden']",3,4,2,1,gradual_start,[2814],[],6454,0.1,645,0,0,1
13179,log_3136_1708943355.xes,0.0,na,"['sudden', 'gradual', 'sudden']",3,4,2,1,gradual_end,[3148],[],6454,0.1,645,0,0,1
13180,log_3512_1708943365.xes,0.3,na,[],0,0,0,0,no_drift,[0],[0],3886,0.1,388,1,0,1
13181,log_3512_1708943365.xes,0.3,na,[],0,0,0,0,sudden,[],[],3886,0.1,388,0,0,0
13182,log_3512_1708943365.xes,0.3,na,[],0,0,0,0,gradual_start,[],[],3886,0.1,388,0,0,0
13183,log_3512_1708943365.xes,0.3,na,[],0,0,0,0,gradual_end,[],[],3886,0.1,388,0,0,0
13184,log_3624_1708943363.xes,0.0,na,"['gradual', 'gradual']",2,4,0,2,no_drift,[],[],5985,0.1,598,0,0,0
13185,log_3624_1708943363.xes,0.0,na,"['gradual', 'gradual']",2,4,0,2,sudden,[],[],5985,0.1,598,0,0,0
13186,log_3624_1708943363.xes,0.0,na,"['gradual', 'gradual']",2,4,0,2,gradual_start,"[1237, 3496]","[1219, 3481]",5985,0.1,598,2,0,2
13187,log_3624_1708943363.xes,0.0,na,"['gradual', 'gradual']",2,4,0,2,gradual_end,"[1812, 4086]","[1828, 4090]",5985,0.1,598,2,0,2
13188,log_3545_1708943364.xes,0.3,na,[],0,0,0,0,no_drift,[0],[0],3096,0.1,309,1,0,1
13189,log_3545_1708943364.xes,0.3,na,[],0,0,0,0,sudden,[],[],3096,0.1,309,0,0,0
13190,log_3545_1708943364.xes,0.3,na,[],0,0,0,0,gradual_start,[],[],3096,0.1,309,0,0,0
13191,log_3545_1708943364.xes,0.3,na,[],0,0,0,0,gradual_end,[],[],3096,0.1,309,0,0,0
13192,log_3511_1708943355.xes,0.0,na,"['gradual', 'sudden', 'gradual']",3,5,1,2,no_drift,[],[],6318,0.1,631,0,0,0
13193,log_3511_1708943355.xes,0.0,na,"['gradual', 'sudden', 'gradual']",3,5,1,2,sudden,[3277],[3256],6318,0.1,631,1,0,1
13194,log_3511_1708943355.xes,0.0,na,"['gradual', 'sudden', 'gradual']",3,5,1,2,gradual_start,"[1695, 4370]",[4372],6318,0.1,631,1,0,2
13195,log_3511_1708943355.xes,0.0,na,"['gradual', 'sudden', 'gradual']",3,5,1,2,gradual_end,"[1995, 4842]",[4837],6318,0.1,631,1,0,2
13196,log_3625_1708943366.xes,0.0,na,[],0,0,0,0,no_drift,[0],[0],1082,0.1,108,1,0,1
13197,log_3625_1708943366.xes,0.0,na,[],0,0,0,0,sudden,[],[],1082,0.1,108,0,0,0
13198,log_3625_1708943366.xes,0.0,na,[],0,0,0,0,gradual_start,[],[],1082,0.1,108,0,0,0
13199,log_3625_1708943366.xes,0.0,na,[],0,0,0,0,gradual_end,[],[],1082,0.1,108,0,0,0
13200,log_3475_1708943362.xes,0.6,na,"['gradual', 'gradual']",2,4,0,2,no_drift,[],[],5737,0.1,573,0,0,0
13201,log_3475_1708943362.xes,0.6,na,"['gradual', 'gradual']",2,4,0,2,sudden,[],[],5737,0.1,573,0,0,0
13202,log_3475_1708943362.xes,0.6,na,"['gradual', 'gradual']",2,4,0,2,gradual_start,"[1158, 3549]","[3529, 1093]",5737,0.1,573,2,0,2
13203,log_3475_1708943362.xes,0.6,na,"['gradual', 'gradual']",2,4,0,2,gradual_end,"[1622, 4115]","[4117, 1625]",5737,0.1,573,2,0,2
13204,log_3098_1708943360.xes,0.3,na,"['gradual', 'gradual', 'gradual']",3,6,0,3,no_drift,[],[],6971,0.1,697,0,0,0
13205,log_3098_1708943360.xes,0.3,na,"['gradual', 'gradual', 'gradual']",3,6,0,3,sudden,[],[],6971,0.1,697,0,0,0
13206,log_3098_1708943360.xes,0.3,na,"['gradual', 'gradual', 'gradual']",3,6,0,3,gradual_start,"[1263, 3024, 5454]",[5407],6971,0.1,697,1,0,3
13207,log_3098_1708943360.xes,0.3,na,"['gradual', 'gradual', 'gradual']",3,6,0,3,gradual_end,"[1784, 3480, 5805]",[5815],6971,0.1,697,1,0,3
13208,log_3032_1708943363.xes,0.3,na,"['sudden', 'gradual']",2,3,1,1,no_drift,[],[],4718,0.1,471,0,0,0
13209,log_3032_1708943363.xes,0.3,na,"['sudden', 'gradual']",2,3,1,1,sudden,[1486],[],4718,0.1,471,0,0,1
13210,log_3032_1708943363.xes,0.3,na,"['sudden', 'gradual']",2,3,1,1,gradual_start,[2812],[2807],4718,0.1,471,1,0,1
13211,log_3032_1708943363.xes,0.3,na,"['sudden', 'gradual']",2,3,1,1,gradual_end,[3278],[3290],4718,0.1,471,1,0,1
13212,log_3435_1708943362.xes,0.3,na,[],0,0,0,0,no_drift,[0],[0],6532,0.1,653,1,0,1
13213,log_3435_1708943362.xes,0.3,na,[],0,0,0,0,sudden,[],[],6532,0.1,653,0,0,0
13214,log_3435_1708943362.xes,0.3,na,[],0,0,0,0,gradual_start,[],[],6532,0.1,653,0,0,0
13215,log_3435_1708943362.xes,0.3,na,[],0,0,0,0,gradual_end,[],[],6532,0.1,653,0,0,0
13216,log_3286_1708943364.xes,0.0,na,[],0,0,0,0,no_drift,[0],[0],4580,0.1,458,1,0,1
13217,log_3286_1708943364.xes,0.0,na,[],0,0,0,0,sudden,[],[],4580,0.1,458,0,0,0
13218,log_3286_1708943364.xes,0.0,na,[],0,0,0,0,gradual_start,[],[],4580,0.1,458,0,0,0
13219,log_3286_1708943364.xes,0.0,na,[],0,0,0,0,gradual_end,[],[],4580,0.1,458,0,0,0
13220,log_3584_1708943364.xes,0.0,na,"['sudden', 'gradual']",2,3,1,1,no_drift,[],[],5700,0.1,570,0,0,0
13221,log_3584_1708943364.xes,0.0,na,"['sudden', 'gradual']",2,3,1,1,sudden,[1726],[1681],5700,0.1,570,1,0,1
13222,log_3584_1708943364.xes,0.0,na,"['sudden', 'gradual']",2,3,1,1,gradual_start,[3443],[3417],5700,0.1,570,1,0,1
13223,log_3584_1708943364.xes,0.0,na,"['sudden', 'gradual']",2,3,1,1,gradual_end,[3975],[3949],5700,0.1,570,1,0,1
13224,log_3099_1708943367.xes,0.0,na,[],0,0,0,0,no_drift,[0],[0],1782,0.1,178,1,0,1
13225,log_3099_1708943367.xes,0.0,na,[],0,0,0,0,sudden,[],[],1782,0.1,178,0,0,0
13226,log_3099_1708943367.xes,0.0,na,[],0,0,0,0,gradual_start,[],[],1782,0.1,178,0,0,0
13227,log_3099_1708943367.xes,0.0,na,[],0,0,0,0,gradual_end,[],[],1782,0.1,178,0,0,0
13228,log_3695_1708943363.xes,0.3,na,['gradual'],1,2,0,1,no_drift,[],[],3367,0.1,336,0,0,0
13229,log_3695_1708943363.xes,0.3,na,['gradual'],1,2,0,1,sudden,[],[],3367,0.1,336,0,0,0
13230,log_3695_1708943363.xes,0.3,na,['gradual'],1,2,0,1,gradual_start,[1892],[1905],3367,0.1,336,1,0,1
13231,log_3695_1708943363.xes,0.3,na,['gradual'],1,2,0,1,gradual_end,[2260],[2257],3367,0.1,336,1,0,1
13232,log_3400_1708943364.xes,0.0,na,"['gradual', 'sudden']",2,3,1,1,no_drift,[],[],4766,0.1,476,0,0,0
13233,log_3400_1708943364.xes,0.0,na,"['gradual', 'sudden']",2,3,1,1,sudden,[3609],[3589],4766,0.1,476,1,0,1
13234,log_3400_1708943364.xes,0.0,na,"['gradual', 'sudden']",2,3,1,1,gradual_start,[1746],[1703],4766,0.1,476,1,0,1
13235,log_3400_1708943364.xes,0.0,na,"['gradual', 'sudden']",2,3,1,1,gradual_end,[2244],[2209],4766,0.1,476,1,0,1
13236,log_2881_1708943363.xes,0.6,na,"['sudden', 'sudden']",2,2,2,0,no_drift,[],[],4495,0.1,449,0,0,0
13237,log_2881_1708943363.xes,0.6,na,"['sudden', 'sudden']",2,2,2,0,sudden,"[1118, 2655]",[2619],4495,0.1,449,1,0,2
13238,log_2881_1708943363.xes,0.6,na,"['sudden', 'sudden']",2,2,2,0,gradual_start,[],[],4495,0.1,449,0,0,0
13239,log_2881_1708943363.xes,0.6,na,"['sudden', 'sudden']",2,2,2,0,gradual_end,[],[],4495,0.1,449,0,0,0
13240,log_2954_1708943363.xes,0.0,na,"['sudden', 'gradual']",2,3,1,1,no_drift,[],[],4092,0.1,409,0,0,0
13241,log_2954_1708943363.xes,0.0,na,"['sudden', 'gradual']",2,3,1,1,sudden,[1282],[1261],4092,0.1,409,1,0,1
13242,log_2954_1708943363.xes,0.0,na,"['sudden', 'gradual']",2,3,1,1,gradual_start,[2480],[],4092,0.1,409,0,0,1
13243,log_2954_1708943363.xes,0.0,na,"['sudden', 'gradual']",2,3,1,1,gradual_end,[2800],[],4092,0.1,409,0,0,1
13244,log_3626_1708943367.xes,0.3,na,['gradual'],1,2,0,1,no_drift,[],[0],4026,0.1,402,0,1,0
13245,log_3626_1708943367.xes,0.3,na,['gradual'],1,2,0,1,sudden,[],[],4026,0.1,402,0,0,0
13246,log_3626_1708943367.xes,0.3,na,['gradual'],1,2,0,1,gradual_start,[1806],[],4026,0.1,402,0,0,1
13247,log_3626_1708943367.xes,0.3,na,['gradual'],1,2,0,1,gradual_end,[2164],[],4026,0.1,402,0,0,1
13248,log_3174_1708943366.xes,0.3,na,"['sudden', 'sudden']",2,2,2,0,no_drift,[],[],4411,0.1,441,0,0,0
13249,log_3174_1708943366.xes,0.3,na,"['sudden', 'sudden']",2,2,2,0,sudden,"[1756, 3047]","[1739, 3015]",4411,0.1,441,2,0,2
13250,log_3174_1708943366.xes,0.3,na,"['sudden', 'sudden']",2,2,2,0,gradual_start,[],[],4411,0.1,441,0,0,0
13251,log_3174_1708943366.xes,0.3,na,"['sudden', 'sudden']",2,2,2,0,gradual_end,[],[],4411,0.1,441,0,0,0
13252,log_3401_1708943367.xes,0.0,na,[],0,0,0,0,no_drift,[0],[0],5096,0.1,509,1,0,1
13253,log_3401_1708943367.xes,0.0,na,[],0,0,0,0,sudden,[],[],5096,0.1,509,0,0,0
13254,log_3401_1708943367.xes,0.0,na,[],0,0,0,0,gradual_start,[],[],5096,0.1,509,0,0,0
13255,log_3401_1708943367.xes,0.0,na,[],0,0,0,0,gradual_end,[],[],5096,0.1,509,0,0,0
13256,log_3658_1708943363.xes,0.3,na,"['sudden', 'gradual']",2,3,1,1,no_drift,[],[],5020,0.1,502,0,0,0
13257,log_3658_1708943363.xes,0.3,na,"['sudden', 'gradual']",2,3,1,1,sudden,[1071],[],5020,0.1,502,0,0,1
13258,log_3658_1708943363.xes,0.3,na,"['sudden', 'gradual']",2,3,1,1,gradual_start,[3030],[3026],5020,0.1,502,1,0,1
13259,log_3658_1708943363.xes,0.3,na,"['sudden', 'gradual']",2,3,1,1,gradual_end,[3559],[3551],5020,0.1,502,1,0,1
13260,log_3546_1708943366.xes,0.6,na,['gradual'],1,2,0,1,no_drift,[],[],3307,0.1,330,0,0,0
13261,log_3546_1708943366.xes,0.6,na,['gradual'],1,2,0,1,sudden,[],[],3307,0.1,330,0,0,0
13262,log_3546_1708943366.xes,0.6,na,['gradual'],1,2,0,1,gradual_start,[1403],[1377],3307,0.1,330,1,0,1
13263,log_3546_1708943366.xes,0.6,na,['gradual'],1,2,0,1,gradual_end,[1705],[1729],3307,0.1,330,1,0,1
13264,log_3659_1708943369.xes,0.6,na,[],0,0,0,0,no_drift,[0],[0],1276,0.1,127,1,0,1
13265,log_3659_1708943369.xes,0.6,na,[],0,0,0,0,sudden,[],[],1276,0.1,127,0,0,0
13266,log_3659_1708943369.xes,0.6,na,[],0,0,0,0,gradual_start,[],[],1276,0.1,127,0,0,0
13267,log_3659_1708943369.xes,0.6,na,[],0,0,0,0,gradual_end,[],[],1276,0.1,127,0,0,0
13268,log_3322_1708943365.xes,0.3,na,"['gradual', 'gradual']",2,4,0,2,no_drift,[],[],5326,0.1,532,0,0,0
13269,log_3322_1708943365.xes,0.3,na,"['gradual', 'gradual']",2,4,0,2,sudden,[],[],5326,0.1,532,0,0,0
13270,log_3322_1708943365.xes,0.3,na,"['gradual', 'gradual']",2,4,0,2,gradual_start,"[1692, 3602]","[1691, 3589]",5326,0.1,532,2,0,2
13271,log_3322_1708943365.xes,0.3,na,"['gradual', 'gradual']",2,4,0,2,gradual_end,"[2174, 3933]","[2159, 3953]",5326,0.1,532,2,0,2
13272,log_3513_1708943367.xes,0.0,na,"['gradual', 'gradual']",2,4,0,2,no_drift,[],[0],5249,0.1,524,0,1,0
13273,log_3513_1708943367.xes,0.0,na,"['gradual', 'gradual']",2,4,0,2,sudden,[],[],5249,0.1,524,0,0,0
13274,log_3513_1708943367.xes,0.0,na,"['gradual', 'gradual']",2,4,0,2,gradual_start,"[1065, 2900]",[],5249,0.1,524,0,0,2
13275,log_3513_1708943367.xes,0.0,na,"['gradual', 'gradual']",2,4,0,2,gradual_end,"[1379, 3283]",[],5249,0.1,524,0,0,2
13276,log_3402_1708943369.xes,0.3,na,[],0,0,0,0,no_drift,[0],[0],1266,0.1,126,1,0,1
13277,log_3402_1708943369.xes,0.3,na,[],0,0,0,0,sudden,[],[],1266,0.1,126,0,0,0
13278,log_3402_1708943369.xes,0.3,na,[],0,0,0,0,gradual_start,[],[],1266,0.1,126,0,0,0
13279,log_3402_1708943369.xes,0.3,na,[],0,0,0,0,gradual_end,[],[],1266,0.1,126,0,0,0
13280,log_3055_1708943362.xes,0.0,na,"['gradual', 'sudden', 'gradual']",3,5,1,2,no_drift,[],[],7573,0.1,757,0,0,0
13281,log_3055_1708943362.xes,0.0,na,"['gradual', 'sudden', 'gradual']",3,5,1,2,sudden,[3489],[3479],7573,0.1,757,1,0,1
13282,log_3055_1708943362.xes,0.0,na,"['gradual', 'sudden', 'gradual']",3,5,1,2,gradual_start,"[1887, 5446]",[1851],7573,0.1,757,1,0,2
13283,log_3055_1708943362.xes,0.0,na,"['gradual', 'sudden', 'gradual']",3,5,1,2,gradual_end,"[2339, 5854]",[2332],7573,0.1,757,1,0,2
13284,log_3056_1708943370.xes,0.0,na,['sudden'],1,1,1,0,no_drift,[],[],2661,0.1,266,0,0,0
13285,log_3056_1708943370.xes,0.0,na,['sudden'],1,1,1,0,sudden,[1660],[1652],2661,0.1,266,1,0,1
13286,log_3056_1708943370.xes,0.0,na,['sudden'],1,1,1,0,gradual_start,[],[],2661,0.1,266,0,0,0
13287,log_3056_1708943370.xes,0.0,na,['sudden'],1,1,1,0,gradual_end,[],[],2661,0.1,266,0,0,0
13288,log_3476_1708943366.xes,0.0,na,"['gradual', 'gradual']",2,4,0,2,no_drift,[],[],5351,0.1,535,0,0,0
13289,log_3476_1708943366.xes,0.0,na,"['gradual', 'gradual']",2,4,0,2,sudden,[],[],5351,0.1,535,0,0,0
13290,log_3476_1708943366.xes,0.0,na,"['gradual', 'gradual']",2,4,0,2,gradual_start,"[1182, 3034]","[1197, 3017]",5351,0.1,535,2,0,2
13291,log_3476_1708943366.xes,0.0,na,"['gradual', 'gradual']",2,4,0,2,gradual_end,"[1695, 3383]","[1691, 3407]",5351,0.1,535,2,0,2
13292,log_3585_1708943369.xes,0.0,na,['gradual'],1,2,0,1,no_drift,[],[],3984,0.1,398,0,0,0
13293,log_3585_1708943369.xes,0.0,na,['gradual'],1,2,0,1,sudden,[],[],3984,0.1,398,0,0,0
13294,log_3585_1708943369.xes,0.0,na,['gradual'],1,2,0,1,gradual_start,[1697],[1711],3984,0.1,398,1,0,1
13295,log_3585_1708943369.xes,0.0,na,['gradual'],1,2,0,1,gradual_end,[2184],[2186],3984,0.1,398,1,0,1
13296,log_3735_1708943364.xes,0.0,na,"['gradual', 'gradual']",2,4,0,2,no_drift,[],[0],4818,0.1,481,0,1,0
13297,log_3735_1708943364.xes,0.0,na,"['gradual', 'gradual']",2,4,0,2,sudden,[],[],4818,0.1,481,0,0,0
13298,log_3735_1708943364.xes,0.0,na,"['gradual', 'gradual']",2,4,0,2,gradual_start,"[1778, 3303]",[],4818,0.1,481,0,0,2
13299,log_3735_1708943364.xes,0.0,na,"['gradual', 'gradual']",2,4,0,2,gradual_end,"[2138, 3613]",[],4818,0.1,481,0,0,2
13300,log_3436_1708943367.xes,0.0,na,['gradual'],1,2,0,1,no_drift,[],[],2743,0.1,274,0,0,0
13301,log_3436_1708943367.xes,0.0,na,['gradual'],1,2,0,1,sudden,[],[],2743,0.1,274,0,0,0
13302,log_3436_1708943367.xes,0.0,na,['gradual'],1,2,0,1,gradual_start,[1229],[1236],2743,0.1,274,1,0,1
13303,log_3436_1708943367.xes,0.0,na,['gradual'],1,2,0,1,gradual_end,[1620],[1613],2743,0.1,274,1,0,1
13304,log_3361_1708943362.xes,0.0,na,"['gradual', 'gradual']",2,4,0,2,no_drift,[],[],5038,0.1,503,0,0,0
13305,log_3361_1708943362.xes,0.0,na,"['gradual', 'gradual']",2,4,0,2,sudden,[],[],5038,0.1,503,0,0,0
13306,log_3361_1708943362.xes,0.0,na,"['gradual', 'gradual']",2,4,0,2,gradual_start,"[1525, 3307]",[3276],5038,0.1,503,1,0,2
13307,log_3361_1708943362.xes,0.0,na,"['gradual', 'gradual']",2,4,0,2,gradual_end,"[1913, 3863]",[3801],5038,0.1,503,1,0,2
13308,log_3137_1708943368.xes,0.3,na,"['gradual', 'gradual']",2,4,0,2,no_drift,[],[0],4807,0.1,480,0,1,0
13309,log_3137_1708943368.xes,0.3,na,"['gradual', 'gradual']",2,4,0,2,sudden,[],[],4807,0.1,480,0,0,0
13310,log_3137_1708943368.xes,0.3,na,"['gradual', 'gradual']",2,4,0,2,gradual_start,"[1349, 3262]",[],4807,0.1,480,0,0,2
13311,log_3137_1708943368.xes,0.3,na,"['gradual', 'gradual']",2,4,0,2,gradual_end,"[1834, 3657]",[],4807,0.1,480,0,0,2
13312,log_3100_1708943368.xes,0.6,na,"['sudden', 'sudden', 'sudden']",3,3,3,0,no_drift,[],[],6003,0.1,600,0,0,0
13313,log_3100_1708943368.xes,0.6,na,"['sudden', 'sudden', 'sudden']",3,3,3,0,sudden,"[1619, 2824, 4704]","[2791, 4681]",6003,0.1,600,2,0,3
13314,log_3100_1708943368.xes,0.6,na,"['sudden', 'sudden', 'sudden']",3,3,3,0,gradual_start,[],[],6003,0.1,600,0,0,0
13315,log_3100_1708943368.xes,0.6,na,"['sudden', 'sudden', 'sudden']",3,3,3,0,gradual_end,[],[],6003,0.1,600,0,0,0
13316,log_3243_1708943354.xes,0.3,na,"['sudden', 'gradual', 'gradual']",3,5,1,2,no_drift,[],[0],6674,0.1,667,0,1,0
13317,log_3243_1708943354.xes,0.3,na,"['sudden', 'gradual', 'gradual']",3,5,1,2,sudden,[1390],[],6674,0.1,667,0,0,1
13318,log_3243_1708943354.xes,0.3,na,"['sudden', 'gradual', 'gradual']",3,5,1,2,gradual_start,"[3083, 4719]",[],6674,0.1,667,0,0,2
13319,log_3243_1708943354.xes,0.3,na,"['sudden', 'gradual', 'gradual']",3,5,1,2,gradual_end,"[3537, 5304]",[],6674,0.1,667,0,0,2
13320,log_3514_1708943370.xes,0.0,na,['sudden'],1,1,1,0,no_drift,[],[],2864,0.1,286,0,0,0
13321,log_3514_1708943370.xes,0.0,na,['sudden'],1,1,1,0,sudden,[1675],[1667],2864,0.1,286,1,0,1
13322,log_3514_1708943370.xes,0.0,na,['sudden'],1,1,1,0,gradual_start,[],[],2864,0.1,286,0,0,0
13323,log_3514_1708943370.xes,0.0,na,['sudden'],1,1,1,0,gradual_end,[],[],2864,0.1,286,0,0,0
13324,log_2992_1708943356.xes,0.6,na,[],0,0,0,0,no_drift,[0],[0],6324,0.1,632,1,0,1
13325,log_2992_1708943356.xes,0.6,na,[],0,0,0,0,sudden,[],[],6324,0.1,632,0,0,0
13326,log_2992_1708943356.xes,0.6,na,[],0,0,0,0,gradual_start,[],[],6324,0.1,632,0,0,0
13327,log_2992_1708943356.xes,0.6,na,[],0,0,0,0,gradual_end,[],[],6324,0.1,632,0,0,0
13328,log_3627_1708943369.xes,0.0,na,"['gradual', 'sudden', 'gradual']",3,5,1,2,no_drift,[],[0],7208,0.1,720,0,1,0
13329,log_3627_1708943369.xes,0.0,na,"['gradual', 'sudden', 'gradual']",3,5,1,2,sudden,[3597],[],7208,0.1,720,0,0,1
13330,log_3627_1708943369.xes,0.0,na,"['gradual', 'sudden', 'gradual']",3,5,1,2,gradual_start,"[1879, 5203]",[],7208,0.1,720,0,0,2
13331,log_3627_1708943369.xes,0.0,na,"['gradual', 'sudden', 'gradual']",3,5,1,2,gradual_end,"[2319, 5742]",[],7208,0.1,720,0,0,2
13332,log_3403_1708943370.xes,0.6,na,['sudden'],1,1,1,0,no_drift,[],[],3078,0.1,307,0,0,0
13333,log_3403_1708943370.xes,0.6,na,['sudden'],1,1,1,0,sudden,[1822],[1816],3078,0.1,307,1,0,1
13334,log_3403_1708943370.xes,0.6,na,['sudden'],1,1,1,0,gradual_start,[],[],3078,0.1,307,0,0,0
13335,log_3403_1708943370.xes,0.6,na,['sudden'],1,1,1,0,gradual_end,[],[],3078,0.1,307,0,0,0
13336,log_3363_1708943375.xes,0.0,na,[],0,0,0,0,no_drift,[0],[0],1379,0.1,137,1,0,1
13337,log_3363_1708943375.xes,0.0,na,[],0,0,0,0,sudden,[],[],1379,0.1,137,0,0,0
13338,log_3363_1708943375.xes,0.0,na,[],0,0,0,0,gradual_start,[],[],1379,0.1,137,0,0,0
13339,log_3363_1708943375.xes,0.0,na,[],0,0,0,0,gradual_end,[],[],1379,0.1,137,0,0,0
13340,log_3034_1708943374.xes,0.0,na,[],0,0,0,0,no_drift,[0],[0],1497,0.1,149,1,0,1
13341,log_3034_1708943374.xes,0.0,na,[],0,0,0,0,sudden,[],[],1497,0.1,149,0,0,0
13342,log_3034_1708943374.xes,0.0,na,[],0,0,0,0,gradual_start,[],[],1497,0.1,149,0,0,0
13343,log_3034_1708943374.xes,0.0,na,[],0,0,0,0,gradual_end,[],[],1497,0.1,149,0,0,0
13344,log_3057_1708943372.xes,0.6,na,[],0,0,0,0,no_drift,[0],[0],3476,0.1,347,1,0,1
13345,log_3057_1708943372.xes,0.6,na,[],0,0,0,0,sudden,[],[],3476,0.1,347,0,0,0
13346,log_3057_1708943372.xes,0.6,na,[],0,0,0,0,gradual_start,[],[],3476,0.1,347,0,0,0
13347,log_3057_1708943372.xes,0.6,na,[],0,0,0,0,gradual_end,[],[],3476,0.1,347,0,0,0
13348,log_3547_1708943369.xes,0.0,na,"['sudden', 'gradual']",2,3,1,1,no_drift,[],[],5190,0.1,519,0,0,0
13349,log_3547_1708943369.xes,0.0,na,"['sudden', 'gradual']",2,3,1,1,sudden,[1335],[],5190,0.1,519,0,0,1
13350,log_3547_1708943369.xes,0.0,na,"['sudden', 'gradual']",2,3,1,1,gradual_start,[3059],[3051],5190,0.1,519,1,0,1
13351,log_3547_1708943369.xes,0.0,na,"['sudden', 'gradual']",2,3,1,1,gradual_end,[3630],[3626],5190,0.1,519,1,0,1
13352,log_3660_1708943370.xes,0.6,na,"['gradual', 'sudden']",2,3,1,1,no_drift,[],[],5497,0.1,549,0,0,0
13353,log_3660_1708943370.xes,0.6,na,"['gradual', 'sudden']",2,3,1,1,sudden,[3740],[3727],5497,0.1,549,1,0,1
13354,log_3660_1708943370.xes,0.6,na,"['gradual', 'sudden']",2,3,1,1,gradual_start,[1571],[1567],5497,0.1,549,1,0,1
13355,log_3660_1708943370.xes,0.6,na,"['gradual', 'sudden']",2,3,1,1,gradual_end,[2073],[2080],5497,0.1,549,1,0,1
13356,log_3696_1708943367.xes,0.0,na,"['gradual', 'gradual', 'sudden']",3,5,1,2,no_drift,[],[],7716,0.1,771,0,0,0
13357,log_3696_1708943367.xes,0.0,na,"['gradual', 'gradual', 'sudden']",3,5,1,2,sudden,[6366],[6309],7716,0.1,771,1,0,1
13358,log_3696_1708943367.xes,0.0,na,"['gradual', 'gradual', 'sudden']",3,5,1,2,gradual_start,"[1856, 4147]",[4143],7716,0.1,771,1,0,2
13359,log_3696_1708943367.xes,0.0,na,"['gradual', 'gradual', 'sudden']",3,5,1,2,gradual_end,"[2448, 4694]",[4637],7716,0.1,771,1,0,2
13360,log_3362_1708943371.xes,0.0,na,[],0,0,0,0,no_drift,[0],[0],5332,0.1,533,1,0,1
13361,log_3362_1708943371.xes,0.0,na,[],0,0,0,0,sudden,[],[],5332,0.1,533,0,0,0
13362,log_3362_1708943371.xes,0.0,na,[],0,0,0,0,gradual_start,[],[],5332,0.1,533,0,0,0
13363,log_3362_1708943371.xes,0.0,na,[],0,0,0,0,gradual_end,[],[],5332,0.1,533,0,0,0
13364,log_3033_1708943367.xes,0.6,na,"['gradual', 'gradual', 'sudden']",3,5,1,2,no_drift,[],[],7027,0.1,702,0,0,0
13365,log_3033_1708943367.xes,0.6,na,"['gradual', 'gradual', 'sudden']",3,5,1,2,sudden,[5432],[5391],7027,0.1,702,1,0,1
13366,log_3033_1708943367.xes,0.6,na,"['gradual', 'gradual', 'sudden']",3,5,1,2,gradual_start,"[1973, 3838]",[],7027,0.1,702,0,0,2
13367,log_3033_1708943367.xes,0.6,na,"['gradual', 'gradual', 'sudden']",3,5,1,2,gradual_end,"[2381, 4352]",[],7027,0.1,702,0,0,2
13368,log_3323_1708943370.xes,0.0,na,"['gradual', 'gradual']",2,4,0,2,no_drift,[],[],5451,0.1,545,0,0,0
13369,log_3323_1708943370.xes,0.0,na,"['gradual', 'gradual']",2,4,0,2,sudden,[],[],5451,0.1,545,0,0,0
13370,log_3323_1708943370.xes,0.0,na,"['gradual', 'gradual']",2,4,0,2,gradual_start,"[1178, 3289]",[3268],5451,0.1,545,1,0,2
13371,log_3323_1708943370.xes,0.0,na,"['gradual', 'gradual']",2,4,0,2,gradual_end,"[1533, 3876]",[3835],5451,0.1,545,1,0,2
13372,log_3287_1708943366.xes,0.6,na,"['sudden', 'gradual', 'gradual']",3,5,1,2,no_drift,[],[],6113,0.1,611,0,0,0
13373,log_3287_1708943366.xes,0.6,na,"['sudden', 'gradual', 'gradual']",3,5,1,2,sudden,[1551],[1531],6113,0.1,611,1,0,1
13374,log_3287_1708943366.xes,0.6,na,"['sudden', 'gradual', 'gradual']",3,5,1,2,gradual_start,"[2767, 4513]",[2761],6113,0.1,611,1,0,2
13375,log_3287_1708943366.xes,0.6,na,"['sudden', 'gradual', 'gradual']",3,5,1,2,gradual_end,"[3232, 4907]",[3211],6113,0.1,611,1,0,2
13376,log_3139_1708943375.xes,0.0,na,"['sudden', 'sudden']",2,2,2,0,no_drift,[],[0],4340,0.1,434,0,1,0
13377,log_3139_1708943375.xes,0.0,na,"['sudden', 'sudden']",2,2,2,0,sudden,"[1091, 2501]",[],4340,0.1,434,0,0,2
13378,log_3139_1708943375.xes,0.0,na,"['sudden', 'sudden']",2,2,2,0,gradual_start,[],[],4340,0.1,434,0,0,0
13379,log_3139_1708943375.xes,0.0,na,"['sudden', 'sudden']",2,2,2,0,gradual_end,[],[],4340,0.1,434,0,0,0
13380,log_3138_1708943372.xes,0.6,na,"['gradual', 'sudden', 'sudden']",3,4,2,1,no_drift,[],[],5718,0.1,571,0,0,0
13381,log_3138_1708943372.xes,0.6,na,"['gradual', 'sudden', 'sudden']",3,4,2,1,sudden,"[2700, 4040]","[4033, 2689]",5718,0.1,571,2,0,2
13382,log_3138_1708943372.xes,0.6,na,"['gradual', 'sudden', 'sudden']",3,4,2,1,gradual_start,[1077],[1065],5718,0.1,571,1,0,1
13383,log_3138_1708943372.xes,0.6,na,"['gradual', 'sudden', 'sudden']",3,4,2,1,gradual_end,[1604],[1569],5718,0.1,571,1,0,1
13384,log_3548_1708943374.xes,0.3,na,['sudden'],1,1,1,0,no_drift,[],[],2346,0.1,234,0,0,0
13385,log_3548_1708943374.xes,0.3,na,['sudden'],1,1,1,0,sudden,[1002],[991],2346,0.1,234,1,0,1
13386,log_3548_1708943374.xes,0.3,na,['sudden'],1,1,1,0,gradual_start,[],[],2346,0.1,234,0,0,0
13387,log_3548_1708943374.xes,0.3,na,['sudden'],1,1,1,0,gradual_end,[],[],2346,0.1,234,0,0,0
13388,log_3404_1708943374.xes,0.3,na,[],0,0,0,0,no_drift,[0],[0],2966,0.1,296,1,0,1
13389,log_3404_1708943374.xes,0.3,na,[],0,0,0,0,sudden,[],[],2966,0.1,296,0,0,0
13390,log_3404_1708943374.xes,0.3,na,[],0,0,0,0,gradual_start,[],[],2966,0.1,296,0,0,0
13391,log_3404_1708943374.xes,0.3,na,[],0,0,0,0,gradual_end,[],[],2966,0.1,296,0,0,0
13392,log_2993_1708943374.xes,0.0,na,"['gradual', 'gradual', 'sudden']",3,5,1,2,no_drift,[],[],7782,0.1,778,0,0,0
13393,log_2993_1708943374.xes,0.0,na,"['gradual', 'gradual', 'sudden']",3,5,1,2,sudden,[5913],[5853],7782,0.1,778,1,0,1
13394,log_2993_1708943374.xes,0.0,na,"['gradual', 'gradual', 'sudden']",3,5,1,2,gradual_start,"[1553, 3692]",[],7782,0.1,778,0,0,2
13395,log_2993_1708943374.xes,0.0,na,"['gradual', 'gradual', 'sudden']",3,5,1,2,gradual_end,"[2083, 4226]",[],7782,0.1,778,0,0,2
13396,log_3244_1708943369.xes,0.0,na,"['gradual', 'sudden', 'sudden']",3,4,2,1,no_drift,[],[],6279,0.1,627,0,0,0
13397,log_3244_1708943369.xes,0.0,na,"['gradual', 'sudden', 'sudden']",3,4,2,1,sudden,"[3029, 4666]","[2977, 4651]",6279,0.1,627,2,0,2
13398,log_3244_1708943369.xes,0.0,na,"['gradual', 'sudden', 'sudden']",3,4,2,1,gradual_start,[1121],[1086],6279,0.1,627,1,0,1
13399,log_3244_1708943369.xes,0.0,na,"['gradual', 'sudden', 'sudden']",3,4,2,1,gradual_end,[1618],[1551],6279,0.1,627,1,0,1
13400,log_3288_1708943375.xes,0.6,na,[],0,0,0,0,no_drift,[0],[0],1731,0.1,173,1,0,1
13401,log_3288_1708943375.xes,0.6,na,[],0,0,0,0,sudden,[],[],1731,0.1,173,0,0,0
13402,log_3288_1708943375.xes,0.6,na,[],0,0,0,0,gradual_start,[],[],1731,0.1,173,0,0,0
13403,log_3288_1708943375.xes,0.6,na,[],0,0,0,0,gradual_end,[],[],1731,0.1,173,0,0,0
13404,log_3101_1708943371.xes,0.0,na,"['gradual', 'sudden', 'gradual']",3,5,1,2,no_drift,[],[0],8003,0.1,800,0,1,0
13405,log_3101_1708943371.xes,0.0,na,"['gradual', 'sudden', 'gradual']",3,5,1,2,sudden,[4253],[],8003,0.1,800,0,0,1
13406,log_3101_1708943371.xes,0.0,na,"['gradual', 'sudden', 'gradual']",3,5,1,2,gradual_start,"[1980, 6064]",[],8003,0.1,800,0,0,2
13407,log_3101_1708943371.xes,0.0,na,"['gradual', 'sudden', 'gradual']",3,5,1,2,gradual_end,"[2330, 6533]",[],8003,0.1,800,0,0,2
13408,log_3035_1708943374.xes,0.0,na,['gradual'],1,2,0,1,no_drift,[],[],3479,0.1,347,0,0,0
13409,log_3035_1708943374.xes,0.0,na,['gradual'],1,2,0,1,sudden,[],[],3479,0.1,347,0,0,0
13410,log_3035_1708943374.xes,0.0,na,['gradual'],1,2,0,1,gradual_start,[1228],[1208],3479,0.1,347,1,0,1
13411,log_3035_1708943374.xes,0.0,na,['gradual'],1,2,0,1,gradual_end,[1549],[1531],3479,0.1,347,1,0,1
13412,log_3209_1708943348.xes,0.0,na,['gradual'],1,2,0,1,no_drift,[],[],4089,0.1,408,0,0,0
13413,log_3209_1708943348.xes,0.0,na,['gradual'],1,2,0,1,sudden,[],[],4089,0.1,408,0,0,0
13414,log_3209_1708943348.xes,0.0,na,['gradual'],1,2,0,1,gradual_start,[1873],[1861],4089,0.1,408,1,0,1
13415,log_3209_1708943348.xes,0.0,na,['gradual'],1,2,0,1,gradual_end,[2446],[2441],4089,0.1,408,1,0,1
13416,log_3102_1708943378.xes,0.6,na,[],0,0,0,0,no_drift,[0],[0],1889,0.1,188,1,0,1
13417,log_3102_1708943378.xes,0.6,na,[],0,0,0,0,sudden,[],[],1889,0.1,188,0,0,0
13418,log_3102_1708943378.xes,0.6,na,[],0,0,0,0,gradual_start,[],[],1889,0.1,188,0,0,0
13419,log_3102_1708943378.xes,0.6,na,[],0,0,0,0,gradual_end,[],[],1889,0.1,188,0,0,0
13420,log_3586_1708943373.xes,0.6,na,[],0,0,0,0,no_drift,[0],[0],3345,0.1,334,1,0,1
13421,log_3586_1708943373.xes,0.6,na,[],0,0,0,0,sudden,[],[],3345,0.1,334,0,0,0
13422,log_3586_1708943373.xes,0.6,na,[],0,0,0,0,gradual_start,[],[],3345,0.1,334,0,0,0
13423,log_3586_1708943373.xes,0.6,na,[],0,0,0,0,gradual_end,[],[],3345,0.1,334,0,0,0
13424,log_3587_1708943377.xes,0.6,na,"['sudden', 'sudden']",2,2,2,0,no_drift,[],[0],4056,0.1,405,0,1,0
13425,log_3587_1708943377.xes,0.6,na,"['sudden', 'sudden']",2,2,2,0,sudden,"[1040, 2797]",[],4056,0.1,405,0,0,2
13426,log_3587_1708943377.xes,0.6,na,"['sudden', 'sudden']",2,2,2,0,gradual_start,[],[],4056,0.1,405,0,0,0
13427,log_3587_1708943377.xes,0.6,na,"['sudden', 'sudden']",2,2,2,0,gradual_end,[],[],4056,0.1,405,0,0,0
13428,log_2955_1708943367.xes,0.3,na,"['gradual', 'sudden', 'gradual']",3,5,1,2,no_drift,[],[],6077,0.1,607,0,0,0
13429,log_2955_1708943367.xes,0.3,na,"['gradual', 'sudden', 'gradual']",3,5,1,2,sudden,[2954],[2941],6077,0.1,607,1,0,1
13430,log_2955_1708943367.xes,0.3,na,"['gradual', 'sudden', 'gradual']",3,5,1,2,gradual_start,"[1314, 4130]","[4111, 1291]",6077,0.1,607,2,0,2
13431,log_2955_1708943367.xes,0.3,na,"['gradual', 'sudden', 'gradual']",3,5,1,2,gradual_end,"[1896, 4712]","[4711, 1861]",6077,0.1,607,2,0,2
13432,log_3289_1708943378.xes,0.3,na,[],0,0,0,0,no_drift,[0],[0],1208,0.1,120,1,0,1
13433,log_3289_1708943378.xes,0.3,na,[],0,0,0,0,sudden,[],[],1208,0.1,120,0,0,0
13434,log_3289_1708943378.xes,0.3,na,[],0,0,0,0,gradual_start,[],[],1208,0.1,120,0,0,0
13435,log_3289_1708943378.xes,0.3,na,[],0,0,0,0,gradual_end,[],[],1208,0.1,120,0,0,0
13436,log_3324_1708943375.xes,0.0,na,['gradual'],1,2,0,1,no_drift,[],[],4207,0.1,420,0,0,0
13437,log_3324_1708943375.xes,0.0,na,['gradual'],1,2,0,1,sudden,[],[],4207,0.1,420,0,0,0
13438,log_3324_1708943375.xes,0.0,na,['gradual'],1,2,0,1,gradual_start,[1790],[1765],4207,0.1,420,1,0,1
13439,log_3324_1708943375.xes,0.0,na,['gradual'],1,2,0,1,gradual_end,[2223],[2185],4207,0.1,420,1,0,1
13440,log_3515_1708943372.xes,0.0,na,['gradual'],1,2,0,1,no_drift,[],[],3191,0.1,319,0,0,0
13441,log_3515_1708943372.xes,0.0,na,['gradual'],1,2,0,1,sudden,[],[],3191,0.1,319,0,0,0
13442,log_3515_1708943372.xes,0.0,na,['gradual'],1,2,0,1,gradual_start,[1102],[1111],3191,0.1,319,1,0,1
13443,log_3515_1708943372.xes,0.0,na,['gradual'],1,2,0,1,gradual_end,[1472],[1426],3191,0.1,319,1,0,1
13444,log_3437_1708943371.xes,0.3,na,['gradual'],1,2,0,1,no_drift,[],[],3896,0.1,389,0,0,0
13445,log_3437_1708943371.xes,0.3,na,['gradual'],1,2,0,1,sudden,[],[],3896,0.1,389,0,0,0
13446,log_3437_1708943371.xes,0.3,na,['gradual'],1,2,0,1,gradual_start,[1601],[1597],3896,0.1,389,1,0,1
13447,log_3437_1708943371.xes,0.3,na,['gradual'],1,2,0,1,gradual_end,[2084],[2072],3896,0.1,389,1,0,1
13448,log_3175_1708943370.xes,0.6,na,"['gradual', 'gradual']",2,4,0,2,no_drift,[],[],4731,0.1,473,0,0,0
13449,log_3175_1708943370.xes,0.6,na,"['gradual', 'gradual']",2,4,0,2,sudden,[],[],4731,0.1,473,0,0,0
13450,log_3175_1708943370.xes,0.6,na,"['gradual', 'gradual']",2,4,0,2,gradual_start,"[1246, 3327]",[1243],4731,0.1,473,1,0,2
13451,log_3175_1708943370.xes,0.6,na,"['gradual', 'gradual']",2,4,0,2,gradual_end,"[1791, 3654]",[1818],4731,0.1,473,1,0,2
13452,log_3058_1708943374.xes,0.0,na,['gradual'],1,2,0,1,no_drift,[],[],2789,0.1,278,0,0,0
13453,log_3058_1708943374.xes,0.0,na,['gradual'],1,2,0,1,sudden,[],[],2789,0.1,278,0,0,0
13454,log_3058_1708943374.xes,0.0,na,['gradual'],1,2,0,1,gradual_start,[1218],[1210],2789,0.1,278,1,0,1
13455,log_3058_1708943374.xes,0.0,na,['gradual'],1,2,0,1,gradual_end,[1558],[1561],2789,0.1,278,1,0,1
13456,log_3245_1708943377.xes,0.0,na,['sudden'],1,1,1,0,no_drift,[],[0],2051,0.1,205,0,1,0
13457,log_3245_1708943377.xes,0.0,na,['sudden'],1,1,1,0,sudden,[1032],[],2051,0.1,205,0,0,1
13458,log_3245_1708943377.xes,0.0,na,['sudden'],1,1,1,0,gradual_start,[],[],2051,0.1,205,0,0,0
13459,log_3245_1708943377.xes,0.0,na,['sudden'],1,1,1,0,gradual_end,[],[],2051,0.1,205,0,0,0
13460,log_3364_1708943376.xes,0.0,na,"['gradual', 'sudden']",2,3,1,1,no_drift,[],[],6009,0.1,600,0,0,0
13461,log_3364_1708943376.xes,0.0,na,"['gradual', 'sudden']",2,3,1,1,sudden,[4038],[4021],6009,0.1,600,1,0,1
13462,log_3364_1708943376.xes,0.0,na,"['gradual', 'sudden']",2,3,1,1,gradual_start,[1804],[],6009,0.1,600,0,0,1
13463,log_3364_1708943376.xes,0.0,na,"['gradual', 'sudden']",2,3,1,1,gradual_end,[2336],[],6009,0.1,600,0,0,1
13464,log_2882_1708943368.xes,0.0,na,[],0,0,0,0,no_drift,[0],[0],7652,0.1,765,1,0,1
13465,log_2882_1708943368.xes,0.0,na,[],0,0,0,0,sudden,[],[],7652,0.1,765,0,0,0
13466,log_2882_1708943368.xes,0.0,na,[],0,0,0,0,gradual_start,[],[],7652,0.1,765,0,0,0
13467,log_2882_1708943368.xes,0.0,na,[],0,0,0,0,gradual_end,[],[],7652,0.1,765,0,0,0
13468,log_3210_1708943370.xes,0.6,na,"['gradual', 'gradual']",2,4,0,2,no_drift,[],[],5534,0.1,553,0,0,0
13469,log_3210_1708943370.xes,0.6,na,"['gradual', 'gradual']",2,4,0,2,sudden,[],[],5534,0.1,553,0,0,0
13470,log_3210_1708943370.xes,0.6,na,"['gradual', 'gradual']",2,4,0,2,gradual_start,"[1544, 3046]",[3025],5534,0.1,553,1,0,2
13471,log_3210_1708943370.xes,0.6,na,"['gradual', 'gradual']",2,4,0,2,gradual_end,"[1941, 3633]",[3565],5534,0.1,553,1,0,2
13472,log_3140_1708943376.xes,0.0,na,"['gradual', 'sudden', 'sudden']",3,4,2,1,no_drift,[],[],7357,0.1,735,0,0,0
13473,log_3140_1708943376.xes,0.0,na,"['gradual', 'sudden', 'sudden']",3,4,2,1,sudden,"[3990, 5792]","[5725, 3961]",7357,0.1,735,2,0,2
13474,log_3140_1708943376.xes,0.0,na,"['gradual', 'sudden', 'sudden']",3,4,2,1,gradual_start,[1696],[],7357,0.1,735,0,0,1
13475,log_3140_1708943376.xes,0.0,na,"['gradual', 'sudden', 'sudden']",3,4,2,1,gradual_end,[2204],[],7357,0.1,735,0,0,1
13476,log_3103_1708943379.xes,0.0,na,"['sudden', 'sudden', 'gradual']",3,4,2,1,no_drift,[],[0],7108,0.1,710,0,1,0
13477,log_3103_1708943379.xes,0.0,na,"['sudden', 'sudden', 'gradual']",3,4,2,1,sudden,"[1640, 3381]",[],7108,0.1,710,0,0,2
13478,log_3103_1708943379.xes,0.0,na,"['sudden', 'sudden', 'gradual']",3,4,2,1,gradual_start,[4914],[],7108,0.1,710,0,0,1
13479,log_3103_1708943379.xes,0.0,na,"['sudden', 'sudden', 'gradual']",3,4,2,1,gradual_end,[5222],[],7108,0.1,710,0,0,1
13480,log_3176_1708943380.xes,0.0,na,"['gradual', 'sudden']",2,3,1,1,no_drift,[],[0],5678,0.1,567,0,1,0
13481,log_3176_1708943380.xes,0.0,na,"['gradual', 'sudden']",2,3,1,1,sudden,[4258],[],5678,0.1,567,0,0,1
13482,log_3176_1708943380.xes,0.0,na,"['gradual', 'sudden']",2,3,1,1,gradual_start,[1912],[],5678,0.1,567,0,0,1
13483,log_3176_1708943380.xes,0.0,na,"['gradual', 'sudden']",2,3,1,1,gradual_end,[2359],[],5678,0.1,567,0,0,1
13484,log_3367_1708943390.xes,0.0,na,['sudden'],1,1,1,0,no_drift,[],[],3338,0.1,333,0,0,0
13485,log_3367_1708943390.xes,0.0,na,['sudden'],1,1,1,0,sudden,[1363],[1361],3338,0.1,333,1,0,1
13486,log_3367_1708943390.xes,0.0,na,['sudden'],1,1,1,0,gradual_start,[],[],3338,0.1,333,0,0,0
13487,log_3367_1708943390.xes,0.0,na,['sudden'],1,1,1,0,gradual_end,[],[],3338,0.1,333,0,0,0
13488,log_3697_1708943375.xes,0.6,na,"['sudden', 'sudden', 'gradual']",3,4,2,1,no_drift,[],[],6087,0.1,608,0,0,0
13489,log_3697_1708943375.xes,0.6,na,"['sudden', 'sudden', 'gradual']",3,4,2,1,sudden,"[1349, 2715]","[2731, 1321]",6087,0.1,608,2,0,2
13490,log_3697_1708943375.xes,0.6,na,"['sudden', 'sudden', 'gradual']",3,4,2,1,gradual_start,[3940],[],6087,0.1,608,0,0,1
13491,log_3697_1708943375.xes,0.6,na,"['sudden', 'sudden', 'gradual']",3,4,2,1,gradual_end,[4297],[],6087,0.1,608,0,0,1
13492,log_3249_1708943389.xes,0.6,na,['gradual'],1,2,0,1,no_drift,[],[],3113,0.1,311,0,0,0
13493,log_3249_1708943389.xes,0.6,na,['gradual'],1,2,0,1,sudden,[],[],3113,0.1,311,0,0,0
13494,log_3249_1708943389.xes,0.6,na,['gradual'],1,2,0,1,gradual_start,[1562],[1561],3113,0.1,311,1,0,1
13495,log_3249_1708943389.xes,0.6,na,['gradual'],1,2,0,1,gradual_end,[2098],[2101],3113,0.1,311,1,0,1
13496,log_3438_1708943379.xes,0.6,na,"['gradual', 'sudden']",2,3,1,1,no_drift,[],[],4924,0.1,492,0,0,0
13497,log_3438_1708943379.xes,0.6,na,"['gradual', 'sudden']",2,3,1,1,sudden,[3710],[3673],4924,0.1,492,1,0,1
13498,log_3438_1708943379.xes,0.6,na,"['gradual', 'sudden']",2,3,1,1,gradual_start,[1525],[],4924,0.1,492,0,0,1
13499,log_3438_1708943379.xes,0.6,na,"['gradual', 'sudden']",2,3,1,1,gradual_end,[1876],[],4924,0.1,492,0,0,1
13500,log_3661_1708943375.xes,0.3,na,"['sudden', 'gradual', 'sudden']",3,4,2,1,no_drift,[],[],6013,0.1,601,0,0,0
13501,log_3661_1708943375.xes,0.3,na,"['sudden', 'gradual', 'sudden']",3,4,2,1,sudden,"[1208, 4786]","[4771, 1171]",6013,0.1,601,2,0,2
13502,log_3661_1708943375.xes,0.3,na,"['sudden', 'gradual', 'sudden']",3,4,2,1,gradual_start,[2628],[],6013,0.1,601,0,0,1
13503,log_3661_1708943375.xes,0.3,na,"['sudden', 'gradual', 'sudden']",3,4,2,1,gradual_end,[3025],[],6013,0.1,601,0,0,1
13504,log_3290_1708943380.xes,0.3,na,"['sudden', 'sudden']",2,2,2,0,no_drift,[],[],4154,0.1,415,0,0,0
13505,log_3290_1708943380.xes,0.3,na,"['sudden', 'sudden']",2,2,2,0,sudden,"[1013, 2887]","[1001, 2881]",4154,0.1,415,2,0,2
13506,log_3290_1708943380.xes,0.3,na,"['sudden', 'sudden']",2,2,2,0,gradual_start,[],[],4154,0.1,415,0,0,0
13507,log_3290_1708943380.xes,0.3,na,"['sudden', 'sudden']",2,2,2,0,gradual_end,[],[],4154,0.1,415,0,0,0
13508,log_2995_1708943390.xes,0.3,na,['sudden'],1,1,1,0,no_drift,[],[],2475,0.1,247,0,0,0
13509,log_2995_1708943390.xes,0.3,na,['sudden'],1,1,1,0,sudden,[1282],[1273],2475,0.1,247,1,0,1
13510,log_2995_1708943390.xes,0.3,na,['sudden'],1,1,1,0,gradual_start,[],[],2475,0.1,247,0,0,0
13511,log_2995_1708943390.xes,0.3,na,['sudden'],1,1,1,0,gradual_end,[],[],2475,0.1,247,0,0,0
13512,log_3628_1708943373.xes,0.0,na,"['sudden', 'sudden']",2,2,2,0,no_drift,[],[],5221,0.1,522,0,0,0
13513,log_3628_1708943373.xes,0.0,na,"['sudden', 'sudden']",2,2,2,0,sudden,"[1994, 3565]","[1951, 3563]",5221,0.1,522,2,0,2
13514,log_3628_1708943373.xes,0.0,na,"['sudden', 'sudden']",2,2,2,0,gradual_start,[],[],5221,0.1,522,0,0,0
13515,log_3628_1708943373.xes,0.0,na,"['sudden', 'sudden']",2,2,2,0,gradual_end,[],[],5221,0.1,522,0,0,0
13516,log_3738_1708943389.xes,0.6,na,['sudden'],1,1,1,0,no_drift,[],[],3348,0.1,334,0,0,0
13517,log_3738_1708943389.xes,0.6,na,['sudden'],1,1,1,0,sudden,[1947],[1937],3348,0.1,334,1,0,1
13518,log_3738_1708943389.xes,0.6,na,['sudden'],1,1,1,0,gradual_start,[],[],3348,0.1,334,0,0,0
13519,log_3738_1708943389.xes,0.6,na,['sudden'],1,1,1,0,gradual_end,[],[],3348,0.1,334,0,0,0
13520,log_3590_1708943387.xes,0.6,na,['gradual'],1,2,0,1,no_drift,[],[],3173,0.1,317,0,0,0
13521,log_3590_1708943387.xes,0.6,na,['gradual'],1,2,0,1,sudden,[],[],3173,0.1,317,0,0,0
13522,log_3590_1708943387.xes,0.6,na,['gradual'],1,2,0,1,gradual_start,[1455],[1486],3173,0.1,317,1,0,1
13523,log_3590_1708943387.xes,0.6,na,['gradual'],1,2,0,1,gradual_end,[1979],[1936],3173,0.1,317,1,0,1
13524,log_3250_1708943392.xes,0.0,na,['gradual'],1,2,0,1,no_drift,[],[],2775,0.1,277,0,0,0
13525,log_3250_1708943392.xes,0.0,na,['gradual'],1,2,0,1,sudden,[],[],2775,0.1,277,0,0,0
13526,log_3250_1708943392.xes,0.0,na,['gradual'],1,2,0,1,gradual_start,[1222],[1197],2775,0.1,277,1,0,1
13527,log_3250_1708943392.xes,0.0,na,['gradual'],1,2,0,1,gradual_end,[1716],[1691],2775,0.1,277,1,0,1
13528,log_3516_1708943379.xes,0.0,na,"['sudden', 'sudden']",2,2,2,0,no_drift,[],[],5108,0.1,510,0,0,0
13529,log_3516_1708943379.xes,0.0,na,"['sudden', 'sudden']",2,2,2,0,sudden,"[1923, 3321]","[1901, 3326]",5108,0.1,510,2,0,2
13530,log_3516_1708943379.xes,0.0,na,"['sudden', 'sudden']",2,2,2,0,gradual_start,[],[],5108,0.1,510,0,0,0
13531,log_3516_1708943379.xes,0.0,na,"['sudden', 'sudden']",2,2,2,0,gradual_end,[],[],5108,0.1,510,0,0,0
13532,log_3037_1708943388.xes,0.0,na,"['sudden', 'sudden', 'gradual']",3,4,2,1,no_drift,[],[],6942,0.1,694,0,0,0
13533,log_3037_1708943388.xes,0.0,na,"['sudden', 'sudden', 'gradual']",3,4,2,1,sudden,"[1917, 3606]","[1871, 3605]",6942,0.1,694,2,0,2
13534,log_3037_1708943388.xes,0.0,na,"['sudden', 'sudden', 'gradual']",3,4,2,1,gradual_start,[5271],[5271],6942,0.1,694,1,0,1
13535,log_3037_1708943388.xes,0.0,na,"['sudden', 'sudden', 'gradual']",3,4,2,1,gradual_end,[5593],[5611],6942,0.1,694,1,0,1
13536,log_2956_1708943377.xes,0.0,na,"['sudden', 'gradual', 'sudden']",3,4,2,1,no_drift,[],[0],7100,0.1,710,0,1,0
13537,log_2956_1708943377.xes,0.0,na,"['sudden', 'gradual', 'sudden']",3,4,2,1,sudden,"[1755, 5661]",[],7100,0.1,710,0,0,2
13538,log_2956_1708943377.xes,0.0,na,"['sudden', 'gradual', 'sudden']",3,4,2,1,gradual_start,[3713],[],7100,0.1,710,0,0,1
13539,log_2956_1708943377.xes,0.0,na,"['sudden', 'gradual', 'sudden']",3,4,2,1,gradual_end,[4130],[],7100,0.1,710,0,0,1
13540,log_3550_1708943392.xes,0.0,na,[],0,0,0,0,no_drift,[0],[0],2244,0.1,224,1,0,1
13541,log_3550_1708943392.xes,0.0,na,[],0,0,0,0,sudden,[],[],2244,0.1,224,0,0,0
13542,log_3550_1708943392.xes,0.0,na,[],0,0,0,0,gradual_start,[],[],2244,0.1,224,0,0,0
13543,log_3550_1708943392.xes,0.0,na,[],0,0,0,0,gradual_end,[],[],2244,0.1,224,0,0,0
13544,log_3478_1708943388.xes,0.0,na,['gradual'],1,2,0,1,no_drift,[],[],2791,0.1,279,0,0,0
13545,log_3478_1708943388.xes,0.0,na,['gradual'],1,2,0,1,sudden,[],[],2791,0.1,279,0,0,0
13546,log_3478_1708943388.xes,0.0,na,['gradual'],1,2,0,1,gradual_start,[1324],[1327],2791,0.1,279,1,0,1
13547,log_3478_1708943388.xes,0.0,na,['gradual'],1,2,0,1,gradual_end,[1670],[1678],2791,0.1,279,1,0,1
13548,log_3408_1708943390.xes,0.6,na,"['sudden', 'sudden']",2,2,2,0,no_drift,[],[],4382,0.1,438,0,0,0
13549,log_3408_1708943390.xes,0.6,na,"['sudden', 'sudden']",2,2,2,0,sudden,"[1022, 2790]",[2773],4382,0.1,438,1,0,2
13550,log_3408_1708943390.xes,0.6,na,"['sudden', 'sudden']",2,2,2,0,gradual_start,[],[],4382,0.1,438,0,0,0
13551,log_3408_1708943390.xes,0.6,na,"['sudden', 'sudden']",2,2,2,0,gradual_end,[],[],4382,0.1,438,0,0,0
13552,log_3630_1708943391.xes,0.0,na,['sudden'],1,1,1,0,no_drift,[],[],3860,0.1,386,0,0,0
13553,log_3630_1708943391.xes,0.0,na,['sudden'],1,1,1,0,sudden,[1996],[1977],3860,0.1,386,1,0,1
13554,log_3630_1708943391.xes,0.0,na,['sudden'],1,1,1,0,gradual_start,[],[],3860,0.1,386,0,0,0
13555,log_3630_1708943391.xes,0.0,na,['sudden'],1,1,1,0,gradual_end,[],[],3860,0.1,386,0,0,0
13556,log_3441_1708943389.xes,0.3,na,"['gradual', 'sudden']",2,3,1,1,no_drift,[],[],4159,0.1,415,0,0,0
13557,log_3441_1708943389.xes,0.3,na,"['gradual', 'sudden']",2,3,1,1,sudden,[2798],[],4159,0.1,415,0,0,1
13558,log_3441_1708943389.xes,0.3,na,"['gradual', 'sudden']",2,3,1,1,gradual_start,[1280],[1261],4159,0.1,415,1,0,1
13559,log_3441_1708943389.xes,0.3,na,"['gradual', 'sudden']",2,3,1,1,gradual_end,[1604],[1621],4159,0.1,415,1,0,1
13560,log_3405_1708943376.xes,0.6,na,"['gradual', 'sudden', 'sudden']",3,4,2,1,no_drift,[],[],6492,0.1,649,0,0,0
13561,log_3405_1708943376.xes,0.6,na,"['gradual', 'sudden', 'sudden']",3,4,2,1,sudden,"[3595, 5492]",[5473],6492,0.1,649,1,0,2
13562,log_3405_1708943376.xes,0.6,na,"['gradual', 'sudden', 'sudden']",3,4,2,1,gradual_start,[1601],[],6492,0.1,649,0,0,1
13563,log_3405_1708943376.xes,0.6,na,"['gradual', 'sudden', 'sudden']",3,4,2,1,gradual_end,[2175],[],6492,0.1,649,0,0,1
13564,log_3736_1708943371.xes,0.3,na,"['sudden', 'sudden', 'gradual']",3,4,2,1,no_drift,[],[],6709,0.1,670,0,0,0
13565,log_3736_1708943371.xes,0.3,na,"['sudden', 'sudden', 'gradual']",3,4,2,1,sudden,"[1642, 3601]",[],6709,0.1,670,0,0,2
13566,log_3736_1708943371.xes,0.3,na,"['sudden', 'sudden', 'gradual']",3,4,2,1,gradual_start,[5329],[5347],6709,0.1,670,1,0,1
13567,log_3736_1708943371.xes,0.3,na,"['sudden', 'sudden', 'gradual']",3,4,2,1,gradual_end,[5675],[5677],6709,0.1,670,1,0,1
13568,log_3409_1708943393.xes,0.3,na,[],0,0,0,0,no_drift,[0],[0],1363,0.1,136,1,0,1
13569,log_3409_1708943393.xes,0.3,na,[],0,0,0,0,sudden,[],[],1363,0.1,136,0,0,0
13570,log_3409_1708943393.xes,0.3,na,[],0,0,0,0,gradual_start,[],[],1363,0.1,136,0,0,0
13571,log_3409_1708943393.xes,0.3,na,[],0,0,0,0,gradual_end,[],[],1363,0.1,136,0,0,0
13572,log_3477_1708943370.xes,0.0,na,"['gradual', 'sudden']",2,3,1,1,no_drift,[],[],5342,0.1,534,0,0,0
13573,log_3477_1708943370.xes,0.0,na,"['gradual', 'sudden']",2,3,1,1,sudden,[3448],[3433],5342,0.1,534,1,0,1
13574,log_3477_1708943370.xes,0.0,na,"['gradual', 'sudden']",2,3,1,1,gradual_start,[1258],[1249],5342,0.1,534,1,0,1
13575,log_3477_1708943370.xes,0.0,na,"['gradual', 'sudden']",2,3,1,1,gradual_end,[1843],[1821],5342,0.1,534,1,0,1
13576,log_2916_1708943360.xes,0.0,na,[],0,0,0,0,no_drift,[0],[0],7832,0.1,783,1,0,1
13577,log_2916_1708943360.xes,0.0,na,[],0,0,0,0,sudden,[],[],7832,0.1,783,0,0,0
13578,log_2916_1708943360.xes,0.0,na,[],0,0,0,0,gradual_start,[],[],7832,0.1,783,0,0,0
13579,log_2916_1708943360.xes,0.0,na,[],0,0,0,0,gradual_end,[],[],7832,0.1,783,0,0,0
13580,log_2918_1708943387.xes,0.6,na,"['sudden', 'gradual']",2,3,1,1,no_drift,[],[],4883,0.1,488,0,0,0
13581,log_2918_1708943387.xes,0.6,na,"['sudden', 'gradual']",2,3,1,1,sudden,[1547],[1537],4883,0.1,488,1,0,1
13582,log_2918_1708943387.xes,0.6,na,"['sudden', 'gradual']",2,3,1,1,gradual_start,[3268],[],4883,0.1,488,0,0,1
13583,log_2918_1708943387.xes,0.6,na,"['sudden', 'gradual']",2,3,1,1,gradual_end,[3696],[],4883,0.1,488,0,0,1
13584,log_3519_1708943391.xes,0.6,na,[],0,0,0,0,no_drift,[0],[0],5922,0.1,592,1,0,1
13585,log_3519_1708943391.xes,0.6,na,[],0,0,0,0,sudden,[],[],5922,0.1,592,0,0,0
13586,log_3519_1708943391.xes,0.6,na,[],0,0,0,0,gradual_start,[],[],5922,0.1,592,0,0,0
13587,log_3519_1708943391.xes,0.6,na,[],0,0,0,0,gradual_end,[],[],5922,0.1,592,0,0,0
13588,log_3700_1708943390.xes,0.0,na,"['gradual', 'sudden', 'gradual']",3,5,1,2,no_drift,[],[],7153,0.1,715,0,0,0
13589,log_3700_1708943390.xes,0.0,na,"['gradual', 'sudden', 'gradual']",3,5,1,2,sudden,[3226],[3186],7153,0.1,715,1,0,1
13590,log_3700_1708943390.xes,0.0,na,"['gradual', 'sudden', 'gradual']",3,5,1,2,gradual_start,"[1716, 5172]","[1681, 5181]",7153,0.1,715,2,0,2
13591,log_3700_1708943390.xes,0.0,na,"['gradual', 'sudden', 'gradual']",3,5,1,2,gradual_end,"[2142, 5483]","[2101, 5566]",7153,0.1,715,2,0,2
13592,log_3368_1708943393.xes,0.0,na,[],0,0,0,0,no_drift,[0],[0],2210,0.1,221,1,0,1
13593,log_3368_1708943393.xes,0.0,na,[],0,0,0,0,sudden,[],[],2210,0.1,221,0,0,0
13594,log_3368_1708943393.xes,0.0,na,[],0,0,0,0,gradual_start,[],[],2210,0.1,221,0,0,0
13595,log_3368_1708943393.xes,0.0,na,[],0,0,0,0,gradual_end,[],[],2210,0.1,221,0,0,0
13596,log_3213_1708943390.xes,0.0,na,"['sudden', 'gradual', 'sudden']",3,4,2,1,no_drift,[],[],6535,0.1,653,0,0,0
13597,log_3213_1708943390.xes,0.0,na,"['sudden', 'gradual', 'sudden']",3,4,2,1,sudden,"[1597, 4656]","[4641, 1569]",6535,0.1,653,2,0,2
13598,log_3213_1708943390.xes,0.0,na,"['sudden', 'gradual', 'sudden']",3,4,2,1,gradual_start,[2757],[],6535,0.1,653,0,0,1
13599,log_3213_1708943390.xes,0.0,na,"['sudden', 'gradual', 'sudden']",3,4,2,1,gradual_end,[3261],[],6535,0.1,653,0,0,1
13600,log_2919_1708943394.xes,0.6,na,[],0,0,0,0,no_drift,[0],[0],1839,0.1,183,1,0,1
13601,log_2919_1708943394.xes,0.6,na,[],0,0,0,0,sudden,[],[],1839,0.1,183,0,0,0
13602,log_2919_1708943394.xes,0.6,na,[],0,0,0,0,gradual_start,[],[],1839,0.1,183,0,0,0
13603,log_2919_1708943394.xes,0.6,na,[],0,0,0,0,gradual_end,[],[],1839,0.1,183,0,0,0
13604,log_3251_1708943392.xes,0.0,na,['sudden'],1,1,1,0,no_drift,[],[],3315,0.1,331,0,0,0
13605,log_3251_1708943392.xes,0.0,na,['sudden'],1,1,1,0,sudden,[1967],[1937],3315,0.1,331,1,0,1
13606,log_3251_1708943392.xes,0.0,na,['sudden'],1,1,1,0,gradual_start,[],[],3315,0.1,331,0,0,0
13607,log_3251_1708943392.xes,0.0,na,['sudden'],1,1,1,0,gradual_end,[],[],3315,0.1,331,0,0,0
13608,log_3591_1708943392.xes,0.0,na,"['sudden', 'sudden']",2,2,2,0,no_drift,[],[],4422,0.1,442,0,0,0
13609,log_3591_1708943392.xes,0.0,na,"['sudden', 'sudden']",2,2,2,0,sudden,"[1877, 2899]","[1849, 2883]",4422,0.1,442,2,0,2
13610,log_3591_1708943392.xes,0.0,na,"['sudden', 'sudden']",2,2,2,0,gradual_start,[],[],4422,0.1,442,0,0,0
13611,log_3591_1708943392.xes,0.0,na,"['sudden', 'sudden']",2,2,2,0,gradual_end,[],[],4422,0.1,442,0,0,0
13612,log_3038_1708943393.xes,0.6,na,['gradual'],1,2,0,1,no_drift,[],[],3633,0.1,363,0,0,0
13613,log_3038_1708943393.xes,0.6,na,['gradual'],1,2,0,1,sudden,[],[],3633,0.1,363,0,0,0
13614,log_3038_1708943393.xes,0.6,na,['gradual'],1,2,0,1,gradual_start,[1948],[1927],3633,0.1,363,1,0,1
13615,log_3038_1708943393.xes,0.6,na,['gradual'],1,2,0,1,gradual_end,[2341],[2341],3633,0.1,363,1,0,1
13616,log_2996_1708943392.xes,0.0,na,"['sudden', 'sudden']",2,2,2,0,no_drift,[],[],3948,0.1,394,0,0,0
13617,log_2996_1708943392.xes,0.0,na,"['sudden', 'sudden']",2,2,2,0,sudden,"[1286, 2387]","[1274, 2376]",3948,0.1,394,2,0,2
13618,log_2996_1708943392.xes,0.0,na,"['sudden', 'sudden']",2,2,2,0,gradual_start,[],[],3948,0.1,394,0,0,0
13619,log_2996_1708943392.xes,0.0,na,"['sudden', 'sudden']",2,2,2,0,gradual_end,[],[],3948,0.1,394,0,0,0
13620,log_3105_1708943388.xes,0.3,na,"['sudden', 'gradual', 'sudden']",3,4,2,1,no_drift,[],[],6953,0.1,695,0,0,0
13621,log_3105_1708943388.xes,0.3,na,"['sudden', 'gradual', 'sudden']",3,4,2,1,sudden,"[1837, 5497]","[1803, 5475]",6953,0.1,695,2,0,2
13622,log_3105_1708943388.xes,0.3,na,"['sudden', 'gradual', 'sudden']",3,4,2,1,gradual_start,[3117],[3095],6953,0.1,695,1,0,1
13623,log_3105_1708943388.xes,0.3,na,"['sudden', 'gradual', 'sudden']",3,4,2,1,gradual_end,[3634],[3639],6953,0.1,695,1,0,1
13624,log_2920_1708943395.xes,0.0,na,['sudden'],1,1,1,0,no_drift,[],[0],2829,0.1,282,0,1,0
13625,log_2920_1708943395.xes,0.0,na,['sudden'],1,1,1,0,sudden,[1303],[],2829,0.1,282,0,0,1
13626,log_2920_1708943395.xes,0.0,na,['sudden'],1,1,1,0,gradual_start,[],[],2829,0.1,282,0,0,0
13627,log_2920_1708943395.xes,0.0,na,['sudden'],1,1,1,0,gradual_end,[],[],2829,0.1,282,0,0,0
13628,log_2884_1708943388.xes,0.0,na,"['sudden', 'gradual', 'sudden']",3,4,2,1,no_drift,[],[],7089,0.1,708,0,0,0
13629,log_2884_1708943388.xes,0.0,na,"['sudden', 'gradual', 'sudden']",3,4,2,1,sudden,"[1653, 5680]",[1611],7089,0.1,708,1,0,2
13630,log_2884_1708943388.xes,0.0,na,"['sudden', 'gradual', 'sudden']",3,4,2,1,gradual_start,[3250],[3256],7089,0.1,708,1,0,1
13631,log_2884_1708943388.xes,0.0,na,"['sudden', 'gradual', 'sudden']",3,4,2,1,gradual_end,[3790],[3746],7089,0.1,708,1,0,1
13632,log_3292_1708943392.xes,0.0,na,"['sudden', 'gradual']",2,3,1,1,no_drift,[],[],4517,0.1,451,0,0,0
13633,log_3292_1708943392.xes,0.0,na,"['sudden', 'gradual']",2,3,1,1,sudden,[1866],[1827],4517,0.1,451,1,0,1
13634,log_3292_1708943392.xes,0.0,na,"['sudden', 'gradual']",2,3,1,1,gradual_start,[3010],[2993],4517,0.1,451,1,0,1
13635,log_3292_1708943392.xes,0.0,na,"['sudden', 'gradual']",2,3,1,1,gradual_end,[3484],[3455],4517,0.1,451,1,0,1
13636,log_3551_1708943392.xes,0.0,na,['sudden'],1,1,1,0,no_drift,[],[],3450,0.1,345,0,0,0
13637,log_3551_1708943392.xes,0.0,na,['sudden'],1,1,1,0,sudden,[1804],[1786],3450,0.1,345,1,0,1
13638,log_3551_1708943392.xes,0.0,na,['sudden'],1,1,1,0,gradual_start,[],[],3450,0.1,345,0,0,0
13639,log_3551_1708943392.xes,0.0,na,['sudden'],1,1,1,0,gradual_end,[],[],3450,0.1,345,0,0,0
13640,log_3739_1708943393.xes,0.0,na,"['gradual', 'gradual']",2,4,0,2,no_drift,[],[0],5788,0.1,578,0,1,0
13641,log_3739_1708943393.xes,0.0,na,"['gradual', 'gradual']",2,4,0,2,sudden,[],[],5788,0.1,578,0,0,0
13642,log_3739_1708943393.xes,0.0,na,"['gradual', 'gradual']",2,4,0,2,gradual_start,"[1423, 3802]",[],5788,0.1,578,0,0,2
13643,log_3739_1708943393.xes,0.0,na,"['gradual', 'gradual']",2,4,0,2,gradual_end,"[1819, 4234]",[],5788,0.1,578,0,0,2
13644,log_3144_1708943396.xes,0.6,na,['gradual'],1,2,0,1,no_drift,[],[],3028,0.1,302,0,0,0
13645,log_3144_1708943396.xes,0.6,na,['gradual'],1,2,0,1,sudden,[],[],3028,0.1,302,0,0,0
13646,log_3144_1708943396.xes,0.6,na,['gradual'],1,2,0,1,gradual_start,[1220],[1201],3028,0.1,302,1,0,1
13647,log_3144_1708943396.xes,0.6,na,['gradual'],1,2,0,1,gradual_end,[1668],[1591],3028,0.1,302,1,0,1
13648,log_3143_1708943388.xes,0.0,na,"['gradual', 'gradual', 'gradual']",3,6,0,3,no_drift,[],[],7785,0.1,778,0,0,0
13649,log_3143_1708943388.xes,0.0,na,"['gradual', 'gradual', 'gradual']",3,6,0,3,sudden,[],[],7785,0.1,778,0,0,0
13650,log_3143_1708943388.xes,0.0,na,"['gradual', 'gradual', 'gradual']",3,6,0,3,gradual_start,"[1315, 3193, 5678]",[1255],7785,0.1,778,1,0,3
13651,log_3143_1708943388.xes,0.0,na,"['gradual', 'gradual', 'gradual']",3,6,0,3,gradual_end,"[1644, 3760, 6276]",[1635],7785,0.1,778,1,0,3
13652,log_3663_1708943388.xes,0.6,na,"['gradual', 'gradual', 'sudden']",3,5,1,2,no_drift,[],[],7855,0.1,785,0,0,0
13653,log_3663_1708943388.xes,0.6,na,"['gradual', 'gradual', 'sudden']",3,5,1,2,sudden,[6347],[],7855,0.1,785,0,0,1
13654,log_3663_1708943388.xes,0.6,na,"['gradual', 'gradual', 'sudden']",3,5,1,2,gradual_start,"[1881, 4282]",[1834],7855,0.1,785,1,0,2
13655,log_3663_1708943388.xes,0.6,na,"['gradual', 'gradual', 'sudden']",3,5,1,2,gradual_end,"[2408, 4809]",[2302],7855,0.1,785,1,0,2
13656,log_3552_1708943397.xes,0.0,na,[],0,0,0,0,no_drift,[0],[0],2400,0.1,240,1,0,1
13657,log_3552_1708943397.xes,0.0,na,[],0,0,0,0,sudden,[],[],2400,0.1,240,0,0,0
13658,log_3552_1708943397.xes,0.0,na,[],0,0,0,0,gradual_start,[],[],2400,0.1,240,0,0,0
13659,log_3552_1708943397.xes,0.0,na,[],0,0,0,0,gradual_end,[],[],2400,0.1,240,0,0,0
13660,log_2958_1708943391.xes,0.6,na,"['gradual', 'gradual', 'sudden']",3,5,1,2,no_drift,[],[],7345,0.1,734,0,0,0
13661,log_2958_1708943391.xes,0.6,na,"['gradual', 'gradual', 'sudden']",3,5,1,2,sudden,[5509],[5473],7345,0.1,734,1,0,1
13662,log_2958_1708943391.xes,0.6,na,"['gradual', 'gradual', 'sudden']",3,5,1,2,gradual_start,"[1014, 2994]","[2989, 973]",7345,0.1,734,2,0,2
13663,log_2958_1708943391.xes,0.6,na,"['gradual', 'gradual', 'sudden']",3,5,1,2,gradual_end,"[1338, 3558]","[3637, 1369]",7345,0.1,734,2,0,2
13664,log_3369_1708943395.xes,0.0,na,"['sudden', 'gradual', 'gradual']",3,5,1,2,no_drift,[],[],6682,0.1,668,0,0,0
13665,log_3369_1708943395.xes,0.0,na,"['sudden', 'gradual', 'gradual']",3,5,1,2,sudden,[1483],[],6682,0.1,668,0,0,1
13666,log_3369_1708943395.xes,0.0,na,"['sudden', 'gradual', 'gradual']",3,5,1,2,gradual_start,"[2749, 5068]",[2740],6682,0.1,668,1,0,2
13667,log_3369_1708943395.xes,0.0,na,"['sudden', 'gradual', 'gradual']",3,5,1,2,gradual_end,"[3338, 5566]",[3334],6682,0.1,668,1,0,2
13668,log_2997_1708943395.xes,0.3,na,['gradual'],1,2,0,1,no_drift,[],[],2893,0.1,289,0,0,0
13669,log_2997_1708943395.xes,0.3,na,['gradual'],1,2,0,1,sudden,[],[],2893,0.1,289,0,0,0
13670,log_2997_1708943395.xes,0.3,na,['gradual'],1,2,0,1,gradual_start,[1022],[1009],2893,0.1,289,1,0,1
13671,log_2997_1708943395.xes,0.3,na,['gradual'],1,2,0,1,gradual_end,[1580],[1569],2893,0.1,289,1,0,1
13672,log_3179_1708943391.xes,0.0,na,"['gradual', 'gradual', 'sudden']",3,5,1,2,no_drift,[],[],6442,0.1,644,0,0,0
13673,log_3179_1708943391.xes,0.0,na,"['gradual', 'gradual', 'sudden']",3,5,1,2,sudden,[5062],[5025],6442,0.1,644,1,0,1
13674,log_3179_1708943391.xes,0.0,na,"['gradual', 'gradual', 'sudden']",3,5,1,2,gradual_start,"[1947, 3432]",[],6442,0.1,644,0,0,2
13675,log_3179_1708943391.xes,0.0,na,"['gradual', 'gradual', 'sudden']",3,5,1,2,gradual_end,"[2424, 4002]",[],6442,0.1,644,0,0,2
13676,log_3631_1708943393.xes,0.6,na,['sudden'],1,1,1,0,no_drift,[],[],3031,0.1,303,0,0,0
13677,log_3631_1708943393.xes,0.6,na,['sudden'],1,1,1,0,sudden,[1804],[1801],3031,0.1,303,1,0,1
13678,log_3631_1708943393.xes,0.6,na,['sudden'],1,1,1,0,gradual_start,[],[],3031,0.1,303,0,0,0
13679,log_3631_1708943393.xes,0.6,na,['sudden'],1,1,1,0,gradual_end,[],[],3031,0.1,303,0,0,0
13680,log_3479_1708943395.xes,0.6,na,['gradual'],1,2,0,1,no_drift,[],[],3606,0.1,360,0,0,0
13681,log_3479_1708943395.xes,0.6,na,['gradual'],1,2,0,1,sudden,[],[],3606,0.1,360,0,0,0
13682,log_3479_1708943395.xes,0.6,na,['gradual'],1,2,0,1,gradual_start,[1926],[1927],3606,0.1,360,1,0,1
13683,log_3479_1708943395.xes,0.6,na,['gradual'],1,2,0,1,gradual_end,[2351],[2323],3606,0.1,360,1,0,1
13684,log_3327_1708943391.xes,0.6,na,['gradual'],1,2,0,1,no_drift,[],[],3371,0.1,337,0,0,0
13685,log_3327_1708943391.xes,0.6,na,['gradual'],1,2,0,1,sudden,[],[],3371,0.1,337,0,0,0
13686,log_3327_1708943391.xes,0.6,na,['gradual'],1,2,0,1,gradual_start,[1273],[1249],3371,0.1,337,1,0,1
13687,log_3327_1708943391.xes,0.6,na,['gradual'],1,2,0,1,gradual_end,[1683],[1697],3371,0.1,337,1,0,1
13688,log_3252_1708943395.xes,0.0,na,"['sudden', 'gradual']",2,3,1,1,no_drift,[],[],5223,0.1,522,0,0,0
13689,log_3252_1708943395.xes,0.0,na,"['sudden', 'gradual']",2,3,1,1,sudden,[1364],[],5223,0.1,522,0,0,1
13690,log_3252_1708943395.xes,0.0,na,"['sudden', 'gradual']",2,3,1,1,gradual_start,[3310],[3303],5223,0.1,522,1,0,1
13691,log_3252_1708943395.xes,0.0,na,"['sudden', 'gradual']",2,3,1,1,gradual_end,[3834],[3797],5223,0.1,522,1,0,1
13692,log_3344_1708943480.xes,0.3,na,[],0,0,0,0,no_drift,[0],[0],1909,0.1,190,1,0,1
13693,log_3344_1708943480.xes,0.3,na,[],0,0,0,0,sudden,[],[],1909,0.1,190,0,0,0
13694,log_3344_1708943480.xes,0.3,na,[],0,0,0,0,gradual_start,[],[],1909,0.1,190,0,0,0
13695,log_3344_1708943480.xes,0.3,na,[],0,0,0,0,gradual_end,[],[],1909,0.1,190,0,0,0
13696,log_2998_1708943398.xes,0.0,na,"['gradual', 'gradual', 'sudden']",3,5,1,2,no_drift,[],[],6694,0.1,669,0,0,0
13697,log_2998_1708943398.xes,0.0,na,"['gradual', 'gradual', 'sudden']",3,5,1,2,sudden,[5557],[5545],6694,0.1,669,1,0,1
13698,log_2998_1708943398.xes,0.0,na,"['gradual', 'gradual', 'sudden']",3,5,1,2,gradual_start,"[1191, 3290]",[],6694,0.1,669,0,0,2
13699,log_2998_1708943398.xes,0.0,na,"['gradual', 'gradual', 'sudden']",3,5,1,2,gradual_end,"[1702, 3825]",[],6694,0.1,669,0,0,2
13700,log_3740_1708943397.xes,0.0,na,['sudden'],1,1,1,0,no_drift,[],[],3319,0.1,331,0,0,0
13701,log_3740_1708943397.xes,0.0,na,['sudden'],1,1,1,0,sudden,[1378],[1377],3319,0.1,331,1,0,1
13702,log_3740_1708943397.xes,0.0,na,['sudden'],1,1,1,0,gradual_start,[],[],3319,0.1,331,0,0,0
13703,log_3740_1708943397.xes,0.0,na,['sudden'],1,1,1,0,gradual_end,[],[],3319,0.1,331,0,0,0
13704,log_3592_1708943396.xes,0.3,na,['gradual'],1,2,0,1,no_drift,[],[],2902,0.1,290,0,0,0
13705,log_3592_1708943396.xes,0.3,na,['gradual'],1,2,0,1,sudden,[],[],2902,0.1,290,0,0,0
13706,log_3592_1708943396.xes,0.3,na,['gradual'],1,2,0,1,gradual_start,[1189],[1191],2902,0.1,290,1,0,1
13707,log_3592_1708943396.xes,0.3,na,['gradual'],1,2,0,1,gradual_end,[1681],[1681],2902,0.1,290,1,0,1
13708,log_3410_1708943394.xes,0.0,na,['sudden'],1,1,1,0,no_drift,[],[],3086,0.1,308,0,0,0
13709,log_3410_1708943394.xes,0.0,na,['sudden'],1,1,1,0,sudden,[1370],[1351],3086,0.1,308,1,0,1
13710,log_3410_1708943394.xes,0.0,na,['sudden'],1,1,1,0,gradual_start,[],[],3086,0.1,308,0,0,0
13711,log_3410_1708943394.xes,0.0,na,['sudden'],1,1,1,0,gradual_end,[],[],3086,0.1,308,0,0,0
13712,log_3106_1708943395.xes,0.3,na,"['gradual', 'sudden', 'gradual']",3,5,1,2,no_drift,[],[0],6820,0.1,682,0,1,0
13713,log_3106_1708943395.xes,0.3,na,"['gradual', 'sudden', 'gradual']",3,5,1,2,sudden,[3679],[],6820,0.1,682,0,0,1
13714,log_3106_1708943395.xes,0.3,na,"['gradual', 'sudden', 'gradual']",3,5,1,2,gradual_start,"[1537, 5250]",[],6820,0.1,682,0,0,2
13715,log_3106_1708943395.xes,0.3,na,"['gradual', 'sudden', 'gradual']",3,5,1,2,gradual_end,"[2010, 5629]",[],6820,0.1,682,0,0,2
13716,log_3039_1708943397.xes,0.0,na,['gradual'],1,2,0,1,no_drift,[],[],2567,0.1,256,0,0,0
13717,log_3039_1708943397.xes,0.0,na,['gradual'],1,2,0,1,sudden,[],[],2567,0.1,256,0,0,0
13718,log_3039_1708943397.xes,0.0,na,['gradual'],1,2,0,1,gradual_start,[1076],[1069],2567,0.1,256,1,0,1
13719,log_3039_1708943397.xes,0.0,na,['gradual'],1,2,0,1,gradual_end,[1431],[1417],2567,0.1,256,1,0,1
13720,log_2921_1708943397.xes,0.0,na,['gradual'],1,2,0,1,no_drift,[],[],3781,0.1,378,0,0,0
13721,log_2921_1708943397.xes,0.0,na,['gradual'],1,2,0,1,sudden,[],[],3781,0.1,378,0,0,0
13722,log_2921_1708943397.xes,0.0,na,['gradual'],1,2,0,1,gradual_start,[1333],[1279],3781,0.1,378,1,0,1
13723,log_2921_1708943397.xes,0.0,na,['gradual'],1,2,0,1,gradual_end,[1897],[1891],3781,0.1,378,1,0,1
13724,log_2959_1708943397.xes,0.3,na,"['sudden', 'sudden']",2,2,2,0,no_drift,[],[],4434,0.1,443,0,0,0
13725,log_2959_1708943397.xes,0.3,na,"['sudden', 'sudden']",2,2,2,0,sudden,"[1425, 3247]",[3235],4434,0.1,443,1,0,2
13726,log_2959_1708943397.xes,0.3,na,"['sudden', 'sudden']",2,2,2,0,gradual_start,[],[],4434,0.1,443,0,0,0
13727,log_2959_1708943397.xes,0.3,na,"['sudden', 'sudden']",2,2,2,0,gradual_end,[],[],4434,0.1,443,0,0,0
13728,log_3214_1708943396.xes,0.3,na,"['sudden', 'sudden', 'gradual']",3,4,2,1,no_drift,[],[],6641,0.1,664,0,0,0
13729,log_3214_1708943396.xes,0.3,na,"['sudden', 'sudden', 'gradual']",3,4,2,1,sudden,"[1509, 2893]",[2872],6641,0.1,664,1,0,2
13730,log_3214_1708943396.xes,0.3,na,"['sudden', 'sudden', 'gradual']",3,4,2,1,gradual_start,[4112],[4093],6641,0.1,664,1,0,1
13731,log_3214_1708943396.xes,0.3,na,"['sudden', 'sudden', 'gradual']",3,4,2,1,gradual_end,[4657],[4654],6641,0.1,664,1,0,1
13732,log_3442_1708943393.xes,0.6,na,"['gradual', 'gradual', 'gradual']",3,6,0,3,no_drift,[],[0],8547,0.1,854,0,1,0
13733,log_3442_1708943393.xes,0.6,na,"['gradual', 'gradual', 'gradual']",3,6,0,3,sudden,[],[],8547,0.1,854,0,0,0
13734,log_3442_1708943393.xes,0.6,na,"['gradual', 'gradual', 'gradual']",3,6,0,3,gradual_start,"[1823, 4048, 5994]",[],8547,0.1,854,0,0,3
13735,log_3442_1708943393.xes,0.6,na,"['gradual', 'gradual', 'gradual']",3,6,0,3,gradual_end,"[2304, 4433, 6588]",[],8547,0.1,854,0,0,3
13736,log_3701_1708943395.xes,0.6,na,"['sudden', 'gradual', 'gradual']",3,5,1,2,no_drift,[],[],7308,0.1,730,0,0,0
13737,log_3701_1708943395.xes,0.6,na,"['sudden', 'gradual', 'gradual']",3,5,1,2,sudden,[1070],[1045],7308,0.1,730,1,0,1
13738,log_3701_1708943395.xes,0.6,na,"['sudden', 'gradual', 'gradual']",3,5,1,2,gradual_start,"[3068, 5142]",[],7308,0.1,730,0,0,2
13739,log_3701_1708943395.xes,0.6,na,"['sudden', 'gradual', 'gradual']",3,5,1,2,gradual_end,"[3555, 5543]",[],7308,0.1,730,0,0,2
13740,log_2885_1708943397.xes,0.3,na,['sudden'],1,1,1,0,no_drift,[],[],3910,0.1,391,0,0,0
13741,log_2885_1708943397.xes,0.3,na,['sudden'],1,1,1,0,sudden,[1933],[1920],3910,0.1,391,1,0,1
13742,log_2885_1708943397.xes,0.3,na,['sudden'],1,1,1,0,gradual_start,[],[],3910,0.1,391,0,0,0
13743,log_2885_1708943397.xes,0.3,na,['sudden'],1,1,1,0,gradual_end,[],[],3910,0.1,391,0,0,0
13744,log_3607_1708943483.xes,0.6,na,"['gradual', 'gradual']",2,4,0,2,no_drift,[],[],4604,0.1,460,0,0,0
13745,log_3607_1708943483.xes,0.6,na,"['gradual', 'gradual']",2,4,0,2,sudden,[],[],4604,0.1,460,0,0,0
13746,log_3607_1708943483.xes,0.6,na,"['gradual', 'gradual']",2,4,0,2,gradual_start,"[1283, 2936]",[1174],4604,0.1,460,1,0,2
13747,log_3607_1708943483.xes,0.6,na,"['gradual', 'gradual']",2,4,0,2,gradual_end,"[1660, 3263]",[1634],4604,0.1,460,1,0,2
13748,log_2922_1708943400.xes,0.0,na,['gradual'],1,2,0,1,no_drift,[],[],2801,0.1,280,0,0,0
13749,log_2922_1708943400.xes,0.0,na,['gradual'],1,2,0,1,sudden,[],[],2801,0.1,280,0,0,0
13750,log_2922_1708943400.xes,0.0,na,['gradual'],1,2,0,1,gradual_start,[1011],[1051],2801,0.1,280,1,0,1
13751,log_2922_1708943400.xes,0.0,na,['gradual'],1,2,0,1,gradual_end,[1593],[1513],2801,0.1,280,1,0,1
13752,log_3370_1708943398.xes,0.0,na,"['sudden', 'gradual', 'sudden']",3,4,2,1,no_drift,[],[],5985,0.1,598,0,0,0
13753,log_3370_1708943398.xes,0.0,na,"['sudden', 'gradual', 'sudden']",3,4,2,1,sudden,"[1791, 4871]","[1770, 4844]",5985,0.1,598,2,0,2
13754,log_3370_1708943398.xes,0.0,na,"['sudden', 'gradual', 'sudden']",3,4,2,1,gradual_start,[2799],[],5985,0.1,598,0,0,1
13755,log_3370_1708943398.xes,0.0,na,"['sudden', 'gradual', 'sudden']",3,4,2,1,gradual_end,[3175],[],5985,0.1,598,0,0,1
13756,log_3686_1708943478.xes,0.6,na,"['sudden', 'sudden', 'gradual']",3,4,2,1,no_drift,[],[],6777,0.1,677,0,0,0
13757,log_3686_1708943478.xes,0.6,na,"['sudden', 'sudden', 'gradual']",3,4,2,1,sudden,"[1639, 3561]",[3532],6777,0.1,677,1,0,2
13758,log_3686_1708943478.xes,0.6,na,"['sudden', 'sudden', 'gradual']",3,4,2,1,gradual_start,[5104],[5050],6777,0.1,677,1,0,1
13759,log_3686_1708943478.xes,0.6,na,"['sudden', 'sudden', 'gradual']",3,4,2,1,gradual_end,[5443],[5446],6777,0.1,677,1,0,1
13760,log_3608_1708943484.xes,0.6,na,[],0,0,0,0,no_drift,[0],[0],6120,0.1,612,1,0,1
13761,log_3608_1708943484.xes,0.6,na,[],0,0,0,0,sudden,[],[],6120,0.1,612,0,0,0
13762,log_3608_1708943484.xes,0.6,na,[],0,0,0,0,gradual_start,[],[],6120,0.1,612,0,0,0
13763,log_3608_1708943484.xes,0.6,na,[],0,0,0,0,gradual_end,[],[],6120,0.1,612,0,0,0
13764,log_3632_1708943398.xes,0.0,na,"['sudden', 'sudden']",2,2,2,0,no_drift,[],[],4469,0.1,446,0,0,0
13765,log_3632_1708943398.xes,0.0,na,"['sudden', 'sudden']",2,2,2,0,sudden,"[1406, 2990]","[2971, 1387]",4469,0.1,446,2,0,2
13766,log_3632_1708943398.xes,0.0,na,"['sudden', 'sudden']",2,2,2,0,gradual_start,[],[],4469,0.1,446,0,0,0
13767,log_3632_1708943398.xes,0.0,na,"['sudden', 'sudden']",2,2,2,0,gradual_end,[],[],4469,0.1,446,0,0,0
13768,log_3724_1708943484.xes,0.3,na,['sudden'],1,1,1,0,no_drift,[],[],2348,0.1,234,0,0,0
13769,log_3724_1708943484.xes,0.3,na,['sudden'],1,1,1,0,sudden,[1248],[1244],2348,0.1,234,1,0,1
13770,log_3724_1708943484.xes,0.3,na,['sudden'],1,1,1,0,gradual_start,[],[],2348,0.1,234,0,0,0
13771,log_3724_1708943484.xes,0.3,na,['sudden'],1,1,1,0,gradual_end,[],[],2348,0.1,234,0,0,0
13772,log_3609_1708943487.xes,0.0,na,"['gradual', 'gradual', 'sudden']",3,5,1,2,no_drift,[],[],6207,0.1,620,0,0,0
13773,log_3609_1708943487.xes,0.0,na,"['gradual', 'gradual', 'sudden']",3,5,1,2,sudden,[4738],[4713],6207,0.1,620,1,0,1
13774,log_3609_1708943487.xes,0.0,na,"['gradual', 'gradual', 'sudden']",3,5,1,2,gradual_start,"[1362, 3135]",[],6207,0.1,620,0,0,2
13775,log_3609_1708943487.xes,0.0,na,"['gradual', 'gradual', 'sudden']",3,5,1,2,gradual_end,"[1831, 3584]",[],6207,0.1,620,0,0,2
13776,log_3610_1708943489.xes,0.0,na,"['sudden', 'gradual']",2,3,1,1,no_drift,[],[],4512,0.1,451,0,0,0
13777,log_3610_1708943489.xes,0.0,na,"['sudden', 'gradual']",2,3,1,1,sudden,[1096],[1079],4512,0.1,451,1,0,1
13778,log_3610_1708943489.xes,0.0,na,"['sudden', 'gradual']",2,3,1,1,gradual_start,[3027],[],4512,0.1,451,0,0,1
13779,log_3610_1708943489.xes,0.0,na,"['sudden', 'gradual']",2,3,1,1,gradual_end,[3378],[],4512,0.1,451,0,0,1
13780,log_3060_1708943387.xes,0.3,na,"['gradual', 'sudden']",2,3,1,1,no_drift,[],[],5346,0.1,534,0,0,0
13781,log_3060_1708943387.xes,0.3,na,"['gradual', 'sudden']",2,3,1,1,sudden,[3360],[3355],5346,0.1,534,1,0,1
13782,log_3060_1708943387.xes,0.3,na,"['gradual', 'sudden']",2,3,1,1,gradual_start,[1266],[],5346,0.1,534,0,0,1
13783,log_3060_1708943387.xes,0.3,na,"['gradual', 'sudden']",2,3,1,1,gradual_end,[1604],[],5346,0.1,534,0,0,1
13784,log_3553_1708943398.xes,0.0,na,['sudden'],1,1,1,0,no_drift,[],[],3901,0.1,390,0,0,0
13785,log_3553_1708943398.xes,0.0,na,['sudden'],1,1,1,0,sudden,[1988],[1977],3901,0.1,390,1,0,1
13786,log_3553_1708943398.xes,0.0,na,['sudden'],1,1,1,0,gradual_start,[],[],3901,0.1,390,0,0,0
13787,log_3553_1708943398.xes,0.0,na,['sudden'],1,1,1,0,gradual_end,[],[],3901,0.1,390,0,0,0
13788,log_3741_1708943399.xes,0.0,na,[],0,0,0,0,no_drift,[0],[0],4557,0.1,455,1,0,1
13789,log_3741_1708943399.xes,0.0,na,[],0,0,0,0,sudden,[],[],4557,0.1,455,0,0,0
13790,log_3741_1708943399.xes,0.0,na,[],0,0,0,0,gradual_start,[],[],4557,0.1,455,0,0,0
13791,log_3741_1708943399.xes,0.0,na,[],0,0,0,0,gradual_end,[],[],4557,0.1,455,0,0,0
13792,log_3107_1708943401.xes,0.6,na,"['sudden', 'sudden']",2,2,2,0,no_drift,[],[],4361,0.1,436,0,0,0
13793,log_3107_1708943401.xes,0.6,na,"['sudden', 'sudden']",2,2,2,0,sudden,"[1407, 2758]","[1387, 2752]",4361,0.1,436,2,0,2
13794,log_3107_1708943401.xes,0.6,na,"['sudden', 'sudden']",2,2,2,0,gradual_start,[],[],4361,0.1,436,0,0,0
13795,log_3107_1708943401.xes,0.6,na,"['sudden', 'sudden']",2,2,2,0,gradual_end,[],[],4361,0.1,436,0,0,0
13796,log_3293_1708943396.xes,0.0,na,"['gradual', 'gradual']",2,4,0,2,no_drift,[],[],5236,0.1,523,0,0,0
13797,log_3293_1708943396.xes,0.0,na,"['gradual', 'gradual']",2,4,0,2,sudden,[],[],5236,0.1,523,0,0,0
13798,log_3293_1708943396.xes,0.0,na,"['gradual', 'gradual']",2,4,0,2,gradual_start,"[1875, 3768]",[1795],5236,0.1,523,1,0,2
13799,log_3293_1708943396.xes,0.0,na,"['gradual', 'gradual']",2,4,0,2,gradual_end,"[2427, 4080]",[2497],5236,0.1,523,1,0,2
13800,log_3040_1708943399.xes,0.0,na,[],0,0,0,0,no_drift,[0],[0],5196,0.1,519,1,0,1
13801,log_3040_1708943399.xes,0.0,na,[],0,0,0,0,sudden,[],[],5196,0.1,519,0,0,0
13802,log_3040_1708943399.xes,0.0,na,[],0,0,0,0,gradual_start,[],[],5196,0.1,519,0,0,0
13803,log_3040_1708943399.xes,0.0,na,[],0,0,0,0,gradual_end,[],[],5196,0.1,519,0,0,0
13804,log_3664_1708943398.xes,0.0,na,[],0,0,0,0,no_drift,[0],[0],5264,0.1,526,1,0,1
13805,log_3664_1708943398.xes,0.0,na,[],0,0,0,0,sudden,[],[],5264,0.1,526,0,0,0
13806,log_3664_1708943398.xes,0.0,na,[],0,0,0,0,gradual_start,[],[],5264,0.1,526,0,0,0
13807,log_3664_1708943398.xes,0.0,na,[],0,0,0,0,gradual_end,[],[],5264,0.1,526,0,0,0
13808,log_2923_1708943402.xes,0.0,na,['gradual'],1,2,0,1,no_drift,[],[],3724,0.1,372,0,0,0
13809,log_2923_1708943402.xes,0.0,na,['gradual'],1,2,0,1,sudden,[],[],3724,0.1,372,0,0,0
13810,log_2923_1708943402.xes,0.0,na,['gradual'],1,2,0,1,gradual_start,[1851],[1837],3724,0.1,372,1,0,1
13811,log_2923_1708943402.xes,0.0,na,['gradual'],1,2,0,1,gradual_end,[2315],[2323],3724,0.1,372,1,0,1
13812,log_3443_1708943400.xes,0.0,na,['sudden'],1,1,1,0,no_drift,[],[],2933,0.1,293,0,0,0
13813,log_3443_1708943400.xes,0.0,na,['sudden'],1,1,1,0,sudden,[1058],[1037],2933,0.1,293,1,0,1
13814,log_3443_1708943400.xes,0.0,na,['sudden'],1,1,1,0,gradual_start,[],[],2933,0.1,293,0,0,0
13815,log_3443_1708943400.xes,0.0,na,['sudden'],1,1,1,0,gradual_end,[],[],2933,0.1,293,0,0,0
13816,log_3633_1708943401.xes,0.0,na,['sudden'],1,1,1,0,no_drift,[],[],2879,0.1,287,0,0,0
13817,log_3633_1708943401.xes,0.0,na,['sudden'],1,1,1,0,sudden,[1229],[1233],2879,0.1,287,1,0,1
13818,log_3633_1708943401.xes,0.0,na,['sudden'],1,1,1,0,gradual_start,[],[],2879,0.1,287,0,0,0
13819,log_3633_1708943401.xes,0.0,na,['sudden'],1,1,1,0,gradual_end,[],[],2879,0.1,287,0,0,0
13820,log_3145_1708943398.xes,0.3,na,"['sudden', 'sudden', 'sudden']",3,3,3,0,no_drift,[],[],4901,0.1,490,0,0,0
13821,log_3145_1708943398.xes,0.3,na,"['sudden', 'sudden', 'sudden']",3,3,3,0,sudden,"[1238, 2269, 3708]","[3697, 1225, 2257]",4901,0.1,490,3,0,3
13822,log_3145_1708943398.xes,0.3,na,"['sudden', 'sudden', 'sudden']",3,3,3,0,gradual_start,[],[],4901,0.1,490,0,0,0
13823,log_3145_1708943398.xes,0.3,na,"['sudden', 'sudden', 'sudden']",3,3,3,0,gradual_end,[],[],4901,0.1,490,0,0,0
13824,log_2960_1708943400.xes,0.0,na,"['gradual', 'sudden']",2,3,1,1,no_drift,[],[],4613,0.1,461,0,0,0
13825,log_2960_1708943400.xes,0.0,na,"['gradual', 'sudden']",2,3,1,1,sudden,[2769],[2761],4613,0.1,461,1,0,1
13826,log_2960_1708943400.xes,0.0,na,"['gradual', 'sudden']",2,3,1,1,gradual_start,[1085],[1059],4613,0.1,461,1,0,1
13827,log_2960_1708943400.xes,0.0,na,"['gradual', 'sudden']",2,3,1,1,gradual_end,[1434],[1427],4613,0.1,461,1,0,1
13828,log_3215_1708943399.xes,0.0,na,"['gradual', 'gradual', 'gradual']",3,6,0,3,no_drift,[],[],7243,0.1,724,0,0,0
13829,log_3215_1708943399.xes,0.0,na,"['gradual', 'gradual', 'gradual']",3,6,0,3,sudden,[],[],7243,0.1,724,0,0,0
13830,log_3215_1708943399.xes,0.0,na,"['gradual', 'gradual', 'gradual']",3,6,0,3,gradual_start,"[1672, 3528, 5598]",[5545],7243,0.1,724,1,0,3
13831,log_3215_1708943399.xes,0.0,na,"['gradual', 'gradual', 'gradual']",3,6,0,3,gradual_end,"[2244, 4004, 5946]",[5905],7243,0.1,724,1,0,3
13832,log_3328_1708943399.xes,0.0,na,"['sudden', 'gradual']",2,3,1,1,no_drift,[],[],4725,0.1,472,0,0,0
13833,log_3328_1708943399.xes,0.0,na,"['sudden', 'gradual']",2,3,1,1,sudden,[1132],[1105],4725,0.1,472,1,0,1
13834,log_3328_1708943399.xes,0.0,na,"['sudden', 'gradual']",2,3,1,1,gradual_start,[2322],[2301],4725,0.1,472,1,0,1
13835,log_3328_1708943399.xes,0.0,na,"['sudden', 'gradual']",2,3,1,1,gradual_end,[2799],[2784],4725,0.1,472,1,0,1
13836,log_3742_1708943403.xes,0.0,na,[],0,0,0,0,no_drift,[0],[0],1393,0.1,139,1,0,1
13837,log_3742_1708943403.xes,0.0,na,[],0,0,0,0,sudden,[],[],1393,0.1,139,0,0,0
13838,log_3742_1708943403.xes,0.0,na,[],0,0,0,0,gradual_start,[],[],1393,0.1,139,0,0,0
13839,log_3742_1708943403.xes,0.0,na,[],0,0,0,0,gradual_end,[],[],1393,0.1,139,0,0,0
13840,log_2999_1708943400.xes,0.0,na,['sudden'],1,1,1,0,no_drift,[],[],3373,0.1,337,0,0,0
13841,log_2999_1708943400.xes,0.0,na,['sudden'],1,1,1,0,sudden,[1656],[1649],3373,0.1,337,1,0,1
13842,log_2999_1708943400.xes,0.0,na,['sudden'],1,1,1,0,gradual_start,[],[],3373,0.1,337,0,0,0
13843,log_2999_1708943400.xes,0.0,na,['sudden'],1,1,1,0,gradual_end,[],[],3373,0.1,337,0,0,0
13844,log_3723_1708943477.xes,0.0,na,"['sudden', 'gradual']",2,3,1,1,no_drift,[],[],5579,0.1,557,0,0,0
13845,log_3723_1708943477.xes,0.0,na,"['sudden', 'gradual']",2,3,1,1,sudden,[1921],[],5579,0.1,557,0,0,1
13846,log_3723_1708943477.xes,0.0,na,"['sudden', 'gradual']",2,3,1,1,gradual_start,[3086],[3079],5579,0.1,557,1,0,1
13847,log_3723_1708943477.xes,0.0,na,"['sudden', 'gradual']",2,3,1,1,gradual_end,[3649],[3619],5579,0.1,557,1,0,1
13848,log_3702_1708943401.xes,0.0,na,"['sudden', 'gradual']",2,3,1,1,no_drift,[],[],4985,0.1,498,0,0,0
13849,log_3702_1708943401.xes,0.0,na,"['sudden', 'gradual']",2,3,1,1,sudden,[1277],[],4985,0.1,498,0,0,1
13850,log_3702_1708943401.xes,0.0,na,"['sudden', 'gradual']",2,3,1,1,gradual_start,[2648],[2641],4985,0.1,498,1,0,1
13851,log_3702_1708943401.xes,0.0,na,"['sudden', 'gradual']",2,3,1,1,gradual_end,[3242],[3169],4985,0.1,498,1,0,1
13852,log_3371_1708943403.xes,0.6,na,[],0,0,0,0,no_drift,[0],[0],2984,0.1,298,1,0,1
13853,log_3371_1708943403.xes,0.6,na,[],0,0,0,0,sudden,[],[],2984,0.1,298,0,0,0
13854,log_3371_1708943403.xes,0.6,na,[],0,0,0,0,gradual_start,[],[],2984,0.1,298,0,0,0
13855,log_3371_1708943403.xes,0.6,na,[],0,0,0,0,gradual_end,[],[],2984,0.1,298,0,0,0
13856,log_3634_1708943403.xes,0.3,na,['gradual'],1,2,0,1,no_drift,[],[],3881,0.1,388,0,0,0
13857,log_3634_1708943403.xes,0.3,na,['gradual'],1,2,0,1,sudden,[],[],3881,0.1,388,0,0,0
13858,log_3634_1708943403.xes,0.3,na,['gradual'],1,2,0,1,gradual_start,[1700],[1635],3881,0.1,388,1,0,1
13859,log_3634_1708943403.xes,0.3,na,['gradual'],1,2,0,1,gradual_end,[2075],[2072],3881,0.1,388,1,0,1
13860,log_3294_1708943403.xes,0.3,na,['gradual'],1,2,0,1,no_drift,[],[],3919,0.1,391,0,0,0
13861,log_3294_1708943403.xes,0.3,na,['gradual'],1,2,0,1,sudden,[],[],3919,0.1,391,0,0,0
13862,log_3294_1708943403.xes,0.3,na,['gradual'],1,2,0,1,gradual_start,[1660],[1654],3919,0.1,391,1,0,1
13863,log_3294_1708943403.xes,0.3,na,['gradual'],1,2,0,1,gradual_end,[2037],[2053],3919,0.1,391,1,0,1
13864,log_3253_1708943399.xes,0.0,na,"['sudden', 'gradual', 'gradual']",3,5,1,2,no_drift,[],[],6114,0.1,611,0,0,0
13865,log_3253_1708943399.xes,0.0,na,"['sudden', 'gradual', 'gradual']",3,5,1,2,sudden,[1383],[1351],6114,0.1,611,1,0,1
13866,log_3253_1708943399.xes,0.0,na,"['sudden', 'gradual', 'gradual']",3,5,1,2,gradual_start,"[2593, 4517]","[2581, 4501]",6114,0.1,611,2,0,2
13867,log_3253_1708943399.xes,0.0,na,"['sudden', 'gradual', 'gradual']",3,5,1,2,gradual_end,"[3038, 5055]","[3001, 5041]",6114,0.1,611,2,0,2
13868,log_3180_1708943397.xes,0.3,na,"['sudden', 'sudden', 'gradual']",3,4,2,1,no_drift,[],[],7165,0.1,716,0,0,0
13869,log_3180_1708943397.xes,0.3,na,"['sudden', 'sudden', 'gradual']",3,4,2,1,sudden,"[1625, 3110]","[3081, 1576]",7165,0.1,716,2,0,2
13870,log_3180_1708943397.xes,0.3,na,"['sudden', 'sudden', 'gradual']",3,4,2,1,gradual_start,[4830],[],7165,0.1,716,0,0,1
13871,log_3180_1708943397.xes,0.3,na,"['sudden', 'sudden', 'gradual']",3,4,2,1,gradual_end,[5199],[],7165,0.1,716,0,0,1
13872,log_2961_1708943404.xes,0.3,na,['sudden'],1,1,1,0,no_drift,[],[0],3061,0.1,306,0,1,0
13873,log_2961_1708943404.xes,0.3,na,['sudden'],1,1,1,0,sudden,[1076],[],3061,0.1,306,0,0,1
13874,log_2961_1708943404.xes,0.3,na,['sudden'],1,1,1,0,gradual_start,[],[],3061,0.1,306,0,0,0
13875,log_2961_1708943404.xes,0.3,na,['sudden'],1,1,1,0,gradual_end,[],[],3061,0.1,306,0,0,0
13876,log_3000_1708943404.xes,0.0,na,"['sudden', 'sudden']",2,2,2,0,no_drift,[],[],5264,0.1,526,0,0,0
13877,log_3000_1708943404.xes,0.0,na,"['sudden', 'sudden']",2,2,2,0,sudden,"[1948, 3653]","[3641, 1899]",5264,0.1,526,2,0,2
13878,log_3000_1708943404.xes,0.0,na,"['sudden', 'sudden']",2,2,2,0,gradual_start,[],[],5264,0.1,526,0,0,0
13879,log_3000_1708943404.xes,0.0,na,"['sudden', 'sudden']",2,2,2,0,gradual_end,[],[],5264,0.1,526,0,0,0
13880,log_3108_1708943405.xes,0.6,na,[],0,0,0,0,no_drift,[0],[0],3303,0.1,330,1,0,1
13881,log_3108_1708943405.xes,0.6,na,[],0,0,0,0,sudden,[],[],3303,0.1,330,0,0,0
13882,log_3108_1708943405.xes,0.6,na,[],0,0,0,0,gradual_start,[],[],3303,0.1,330,0,0,0
13883,log_3108_1708943405.xes,0.6,na,[],0,0,0,0,gradual_end,[],[],3303,0.1,330,0,0,0
13884,log_3444_1708943404.xes,0.6,na,['sudden'],1,1,1,0,no_drift,[],[0],3244,0.1,324,0,1,0
13885,log_3444_1708943404.xes,0.6,na,['sudden'],1,1,1,0,sudden,[1397],[],3244,0.1,324,0,0,1
13886,log_3444_1708943404.xes,0.6,na,['sudden'],1,1,1,0,gradual_start,[],[],3244,0.1,324,0,0,0
13887,log_3444_1708943404.xes,0.6,na,['sudden'],1,1,1,0,gradual_end,[],[],3244,0.1,324,0,0,0
13888,log_3522_1708943408.xes,0.0,na,[],0,0,0,0,no_drift,[0],[0],1949,0.1,194,1,0,1
13889,log_3522_1708943408.xes,0.0,na,[],0,0,0,0,sudden,[],[],1949,0.1,194,0,0,0
13890,log_3522_1708943408.xes,0.0,na,[],0,0,0,0,gradual_start,[],[],1949,0.1,194,0,0,0
13891,log_3522_1708943408.xes,0.0,na,[],0,0,0,0,gradual_end,[],[],1949,0.1,194,0,0,0
13892,log_3411_1708943400.xes,0.0,na,[],0,0,0,0,no_drift,[0],[0],5550,0.1,555,1,0,1
13893,log_3411_1708943400.xes,0.0,na,[],0,0,0,0,sudden,[],[],5550,0.1,555,0,0,0
13894,log_3411_1708943400.xes,0.0,na,[],0,0,0,0,gradual_start,[],[],5550,0.1,555,0,0,0
13895,log_3411_1708943400.xes,0.0,na,[],0,0,0,0,gradual_end,[],[],5550,0.1,555,0,0,0
13896,log_3146_1708943404.xes,0.6,na,"['gradual', 'sudden']",2,3,1,1,no_drift,[],[],4757,0.1,475,0,0,0
13897,log_3146_1708943404.xes,0.6,na,"['gradual', 'sudden']",2,3,1,1,sudden,[3339],[3313],4757,0.1,475,1,0,1
13898,log_3146_1708943404.xes,0.6,na,"['gradual', 'sudden']",2,3,1,1,gradual_start,[1729],[1703],4757,0.1,475,1,0,1
13899,log_3146_1708943404.xes,0.6,na,"['gradual', 'sudden']",2,3,1,1,gradual_end,[2197],[2209],4757,0.1,475,1,0,1
13900,log_3521_1708943405.xes,0.6,na,['sudden'],1,1,1,0,no_drift,[],[0],2728,0.1,272,0,1,0
13901,log_3521_1708943405.xes,0.6,na,['sudden'],1,1,1,0,sudden,[1108],[],2728,0.1,272,0,0,1
13902,log_3521_1708943405.xes,0.6,na,['sudden'],1,1,1,0,gradual_start,[],[],2728,0.1,272,0,0,0
13903,log_3521_1708943405.xes,0.6,na,['sudden'],1,1,1,0,gradual_end,[],[],2728,0.1,272,0,0,0
13904,log_3001_1708943408.xes,0.0,na,[],0,0,0,0,no_drift,[0],[0],3150,0.1,315,1,0,1
13905,log_3001_1708943408.xes,0.0,na,[],0,0,0,0,sudden,[],[],3150,0.1,315,0,0,0
13906,log_3001_1708943408.xes,0.0,na,[],0,0,0,0,gradual_start,[],[],3150,0.1,315,0,0,0
13907,log_3001_1708943408.xes,0.0,na,[],0,0,0,0,gradual_end,[],[],3150,0.1,315,0,0,0
13908,log_3743_1708943406.xes,0.3,na,"['gradual', 'sudden']",2,3,1,1,no_drift,[],[],5368,0.1,536,0,0,0
13909,log_3743_1708943406.xes,0.3,na,"['gradual', 'sudden']",2,3,1,1,sudden,[3468],[3459],5368,0.1,536,1,0,1
13910,log_3743_1708943406.xes,0.3,na,"['gradual', 'sudden']",2,3,1,1,gradual_start,[1382],[1353],5368,0.1,536,1,0,1
13911,log_3743_1708943406.xes,0.3,na,"['gradual', 'sudden']",2,3,1,1,gradual_end,[1732],[1717],5368,0.1,536,1,0,1
13912,log_2886_1708943400.xes,0.6,na,"['gradual', 'gradual']",2,4,0,2,no_drift,[],[],5939,0.1,593,0,0,0
13913,log_2886_1708943400.xes,0.6,na,"['gradual', 'gradual']",2,4,0,2,sudden,[],[],5939,0.1,593,0,0,0
13914,log_2886_1708943400.xes,0.6,na,"['gradual', 'gradual']",2,4,0,2,gradual_start,"[1293, 3851]","[3829, 1306]",5939,0.1,593,2,0,2
13915,log_2886_1708943400.xes,0.6,na,"['gradual', 'gradual']",2,4,0,2,gradual_end,"[1854, 4411]","[4467, 1857]",5939,0.1,593,2,0,2
13916,log_3372_1708943406.xes,0.0,na,['gradual'],1,2,0,1,no_drift,[],[],3535,0.1,353,0,0,0
13917,log_3372_1708943406.xes,0.0,na,['gradual'],1,2,0,1,sudden,[],[],3535,0.1,353,0,0,0
13918,log_3372_1708943406.xes,0.0,na,['gradual'],1,2,0,1,gradual_start,[1953],[1939],3535,0.1,353,1,0,1
13919,log_3372_1708943406.xes,0.0,na,['gradual'],1,2,0,1,gradual_end,[2512],[2517],3535,0.1,353,1,0,1
13920,log_3635_1708943406.xes,0.0,na,"['sudden', 'gradual']",2,3,1,1,no_drift,[],[],4772,0.1,477,0,0,0
13921,log_3635_1708943406.xes,0.0,na,"['sudden', 'gradual']",2,3,1,1,sudden,[1573],[1565],4772,0.1,477,1,0,1
13922,log_3635_1708943406.xes,0.0,na,"['sudden', 'gradual']",2,3,1,1,gradual_start,[2719],[2715],4772,0.1,477,1,0,1
13923,log_3635_1708943406.xes,0.0,na,"['sudden', 'gradual']",2,3,1,1,gradual_end,[3120],[3152],4772,0.1,477,1,0,1
13924,log_3523_1708943408.xes,0.6,na,"['sudden', 'sudden', 'sudden']",3,3,3,0,no_drift,[],[],5758,0.1,575,0,0,0
13925,log_3523_1708943408.xes,0.6,na,"['sudden', 'sudden', 'sudden']",3,3,3,0,sudden,"[1417, 3106, 4559]","[3109, 4537, 1401]",5758,0.1,575,3,0,3
13926,log_3523_1708943408.xes,0.6,na,"['sudden', 'sudden', 'sudden']",3,3,3,0,gradual_start,[],[],5758,0.1,575,0,0,0
13927,log_3523_1708943408.xes,0.6,na,"['sudden', 'sudden', 'sudden']",3,3,3,0,gradual_end,[],[],5758,0.1,575,0,0,0
13928,log_3703_1708943405.xes,0.0,na,[],0,0,0,0,no_drift,[0],[0],1881,0.1,188,1,0,1
13929,log_3703_1708943405.xes,0.0,na,[],0,0,0,0,sudden,[],[],1881,0.1,188,0,0,0
13930,log_3703_1708943405.xes,0.0,na,[],0,0,0,0,gradual_start,[],[],1881,0.1,188,0,0,0
13931,log_3703_1708943405.xes,0.0,na,[],0,0,0,0,gradual_end,[],[],1881,0.1,188,0,0,0
13932,log_3061_1708943402.xes,0.6,na,[],0,0,0,0,no_drift,[0],[0],5421,0.1,542,1,0,1
13933,log_3061_1708943402.xes,0.6,na,[],0,0,0,0,sudden,[],[],5421,0.1,542,0,0,0
13934,log_3061_1708943402.xes,0.6,na,[],0,0,0,0,gradual_start,[],[],5421,0.1,542,0,0,0
13935,log_3061_1708943402.xes,0.6,na,[],0,0,0,0,gradual_end,[],[],5421,0.1,542,0,0,0
13936,log_3520_1708943395.xes,0.0,na,[],0,0,0,0,no_drift,[0],[0],5352,0.1,535,1,0,1
13937,log_3520_1708943395.xes,0.0,na,[],0,0,0,0,sudden,[],[],5352,0.1,535,0,0,0
13938,log_3520_1708943395.xes,0.0,na,[],0,0,0,0,gradual_start,[],[],5352,0.1,535,0,0,0
13939,log_3520_1708943395.xes,0.0,na,[],0,0,0,0,gradual_end,[],[],5352,0.1,535,0,0,0
13940,log_3593_1708943399.xes,0.0,na,"['sudden', 'gradual']",2,3,1,1,no_drift,[],[],4900,0.1,490,0,0,0
13941,log_3593_1708943399.xes,0.0,na,"['sudden', 'gradual']",2,3,1,1,sudden,[1437],[1417],4900,0.1,490,1,0,1
13942,log_3593_1708943399.xes,0.0,na,"['sudden', 'gradual']",2,3,1,1,gradual_start,[3149],[],4900,0.1,490,0,0,1
13943,log_3593_1708943399.xes,0.0,na,"['sudden', 'gradual']",2,3,1,1,gradual_end,[3596],[],4900,0.1,490,0,0,1
13944,log_3329_1708943406.xes,0.0,na,"['sudden', 'sudden']",2,2,2,0,no_drift,[],[],4965,0.1,496,0,0,0
13945,log_3329_1708943406.xes,0.0,na,"['sudden', 'sudden']",2,2,2,0,sudden,"[1388, 3382]","[3361, 1369]",4965,0.1,496,2,0,2
13946,log_3329_1708943406.xes,0.0,na,"['sudden', 'sudden']",2,2,2,0,gradual_start,[],[],4965,0.1,496,0,0,0
13947,log_3329_1708943406.xes,0.0,na,"['sudden', 'sudden']",2,2,2,0,gradual_end,[],[],4965,0.1,496,0,0,0
13948,log_3704_1708943408.xes,0.6,na,['sudden'],1,1,1,0,no_drift,[],[],3453,0.1,345,0,0,0
13949,log_3704_1708943408.xes,0.6,na,['sudden'],1,1,1,0,sudden,[1770],[1769],3453,0.1,345,1,0,1
13950,log_3704_1708943408.xes,0.6,na,['sudden'],1,1,1,0,gradual_start,[],[],3453,0.1,345,0,0,0
13951,log_3704_1708943408.xes,0.6,na,['sudden'],1,1,1,0,gradual_end,[],[],3453,0.1,345,0,0,0
13952,log_3665_1708943402.xes,0.6,na,[],0,0,0,0,no_drift,[0],[0],4000,0.1,400,1,0,1
13953,log_3665_1708943402.xes,0.6,na,[],0,0,0,0,sudden,[],[],4000,0.1,400,0,0,0
13954,log_3665_1708943402.xes,0.6,na,[],0,0,0,0,gradual_start,[],[],4000,0.1,400,0,0,0
13955,log_3665_1708943402.xes,0.6,na,[],0,0,0,0,gradual_end,[],[],4000,0.1,400,0,0,0
13956,log_3749_1708943434.xes,0.6,na,[],0,0,0,0,no_drift,[0],[0],4113,0.1,411,1,0,1
13957,log_3749_1708943434.xes,0.6,na,[],0,0,0,0,sudden,[],[],4113,0.1,411,0,0,0
13958,log_3749_1708943434.xes,0.6,na,[],0,0,0,0,gradual_start,[],[],4113,0.1,411,0,0,0
13959,log_3749_1708943434.xes,0.6,na,[],0,0,0,0,gradual_end,[],[],4113,0.1,411,0,0,0
13960,log_3672_1708943434.xes,0.6,na,"['gradual', 'gradual']",2,4,0,2,no_drift,[],[0],5892,0.1,589,0,1,0
13961,log_3672_1708943434.xes,0.6,na,"['gradual', 'gradual']",2,4,0,2,sudden,[],[],5892,0.1,589,0,0,0
13962,log_3672_1708943434.xes,0.6,na,"['gradual', 'gradual']",2,4,0,2,gradual_start,"[1970, 3682]",[],5892,0.1,589,0,0,2
13963,log_3672_1708943434.xes,0.6,na,"['gradual', 'gradual']",2,4,0,2,gradual_end,"[2274, 4275]",[],5892,0.1,589,0,0,2
13964,log_3373_1708943409.xes,0.0,na,['gradual'],1,2,0,1,no_drift,[],[],2801,0.1,280,0,0,0
13965,log_3373_1708943409.xes,0.0,na,['gradual'],1,2,0,1,sudden,[],[],2801,0.1,280,0,0,0
13966,log_3373_1708943409.xes,0.0,na,['gradual'],1,2,0,1,gradual_start,[1207],[1233],2801,0.1,280,1,0,1
13967,log_3373_1708943409.xes,0.0,na,['gradual'],1,2,0,1,gradual_end,[1695],[1667],2801,0.1,280,1,0,1
13968,log_3295_1708943405.xes,0.0,na,"['gradual', 'sudden']",2,3,1,1,no_drift,[],[0],4613,0.1,461,0,1,0
13969,log_3295_1708943405.xes,0.0,na,"['gradual', 'sudden']",2,3,1,1,sudden,[3290],[],4613,0.1,461,0,0,1
13970,log_3295_1708943405.xes,0.0,na,"['gradual', 'sudden']",2,3,1,1,gradual_start,[1425],[],4613,0.1,461,0,0,1
13971,log_3295_1708943405.xes,0.0,na,"['gradual', 'sudden']",2,3,1,1,gradual_end,[1812],[],4613,0.1,461,0,0,1
13972,log_3673_1708943435.xes,0.0,na,[],0,0,0,0,no_drift,[0],[0],1359,0.1,135,1,0,1
13973,log_3673_1708943435.xes,0.0,na,[],0,0,0,0,sudden,[],[],1359,0.1,135,0,0,0
13974,log_3673_1708943435.xes,0.0,na,[],0,0,0,0,gradual_start,[],[],1359,0.1,135,0,0,0
13975,log_3673_1708943435.xes,0.0,na,[],0,0,0,0,gradual_end,[],[],1359,0.1,135,0,0,0
13976,log_3262_1708943436.xes,0.0,na,[],0,0,0,0,no_drift,[0],[0],2104,0.1,210,1,0,1
13977,log_3262_1708943436.xes,0.0,na,[],0,0,0,0,sudden,[],[],2104,0.1,210,0,0,0
13978,log_3262_1708943436.xes,0.0,na,[],0,0,0,0,gradual_start,[],[],2104,0.1,210,0,0,0
13979,log_3262_1708943436.xes,0.0,na,[],0,0,0,0,gradual_end,[],[],2104,0.1,210,0,0,0
13980,log_3254_1708943406.xes,0.3,na,"['sudden', 'gradual', 'gradual']",3,5,1,2,no_drift,[],[0],6732,0.1,673,0,1,0
13981,log_3254_1708943406.xes,0.3,na,"['sudden', 'gradual', 'gradual']",3,5,1,2,sudden,[1746],[],6732,0.1,673,0,0,1
13982,log_3254_1708943406.xes,0.3,na,"['sudden', 'gradual', 'gradual']",3,5,1,2,gradual_start,"[3346, 5203]",[],6732,0.1,673,0,0,2
13983,log_3254_1708943406.xes,0.3,na,"['sudden', 'gradual', 'gradual']",3,5,1,2,gradual_end,"[3928, 5635]",[],6732,0.1,673,0,0,2
13984,log_2962_1708943407.xes,0.0,na,"['gradual', 'sudden', 'sudden']",3,4,2,1,no_drift,[],[],6066,0.1,606,0,0,0
13985,log_2962_1708943407.xes,0.0,na,"['gradual', 'sudden', 'sudden']",3,4,2,1,sudden,"[3097, 4846]","[3091, 4801]",6066,0.1,606,2,0,2
13986,log_2962_1708943407.xes,0.0,na,"['gradual', 'sudden', 'sudden']",3,4,2,1,gradual_start,[1106],[1111],6066,0.1,606,1,0,1
13987,log_2962_1708943407.xes,0.0,na,"['gradual', 'sudden', 'sudden']",3,4,2,1,gradual_end,[1697],[1711],6066,0.1,606,1,0,1
13988,log_3115_1708943436.xes,0.3,na,['gradual'],1,2,0,1,no_drift,[],[],3614,0.1,361,0,0,0
13989,log_3115_1708943436.xes,0.3,na,['gradual'],1,2,0,1,sudden,[],[],3614,0.1,361,0,0,0
13990,log_3115_1708943436.xes,0.3,na,['gradual'],1,2,0,1,gradual_start,[1503],[1495],3614,0.1,361,1,0,1
13991,log_3115_1708943436.xes,0.3,na,['gradual'],1,2,0,1,gradual_end,[2034],[1999],3614,0.1,361,1,0,1
13992,log_3554_1708943405.xes,0.0,na,"['sudden', 'sudden', 'gradual']",3,4,2,1,no_drift,[],[],7018,0.1,701,0,0,0
13993,log_3554_1708943405.xes,0.0,na,"['sudden', 'sudden', 'gradual']",3,4,2,1,sudden,"[1430, 3167]","[3116, 1401]",7018,0.1,701,2,0,2
13994,log_3554_1708943405.xes,0.0,na,"['sudden', 'sudden', 'gradual']",3,4,2,1,gradual_start,[4785],[4726],7018,0.1,701,1,0,1
13995,log_3554_1708943405.xes,0.0,na,"['sudden', 'sudden', 'gradual']",3,4,2,1,gradual_end,[5154],[5146],7018,0.1,701,1,0,1
13996,log_3154_1708943432.xes,0.0,na,['gradual'],1,2,0,1,no_drift,[],[],3119,0.1,311,0,0,0
13997,log_3154_1708943432.xes,0.0,na,['gradual'],1,2,0,1,sudden,[],[],3119,0.1,311,0,0,0
13998,log_3154_1708943432.xes,0.0,na,['gradual'],1,2,0,1,gradual_start,[1256],[1261],3119,0.1,311,1,0,1
13999,log_3154_1708943432.xes,0.0,na,['gradual'],1,2,0,1,gradual_end,[1743],[1711],3119,0.1,311,1,0,1
14000,log_3485_1708943433.xes,0.0,na,"['gradual', 'sudden', 'gradual']",3,5,1,2,no_drift,[],[],6647,0.1,664,0,0,0
14001,log_3485_1708943433.xes,0.0,na,"['gradual', 'sudden', 'gradual']",3,5,1,2,sudden,[3275],[3268],6647,0.1,664,1,0,1
14002,log_3485_1708943433.xes,0.0,na,"['gradual', 'sudden', 'gradual']",3,5,1,2,gradual_start,"[1406, 4470]",[4423],6647,0.1,664,1,0,2
14003,log_3485_1708943433.xes,0.0,na,"['gradual', 'sudden', 'gradual']",3,5,1,2,gradual_end,"[1914, 4842]",[4852],6647,0.1,664,1,0,2
14004,log_2924_1708943403.xes,0.3,na,"['sudden', 'gradual']",2,3,1,1,no_drift,[],[],6201,0.1,620,0,0,0
14005,log_2924_1708943403.xes,0.3,na,"['sudden', 'gradual']",2,3,1,1,sudden,[1894],[1861],6201,0.1,620,1,0,1
14006,log_2924_1708943403.xes,0.3,na,"['sudden', 'gradual']",2,3,1,1,gradual_start,[3826],[],6201,0.1,620,0,0,1
14007,log_2924_1708943403.xes,0.3,na,"['sudden', 'gradual']",2,3,1,1,gradual_end,[4224],[],6201,0.1,620,0,0,1
14008,log_3642_1708943431.xes,0.0,na,"['sudden', 'sudden', 'gradual']",3,4,2,1,no_drift,[],[],7067,0.1,706,0,0,0
14009,log_3642_1708943431.xes,0.0,na,"['sudden', 'sudden', 'gradual']",3,4,2,1,sudden,"[1608, 2749]","[2731, 1576]",7067,0.1,706,2,0,2
14010,log_3642_1708943431.xes,0.0,na,"['sudden', 'sudden', 'gradual']",3,4,2,1,gradual_start,[4676],[],7067,0.1,706,0,0,1
14011,log_3642_1708943431.xes,0.0,na,"['sudden', 'sudden', 'gradual']",3,4,2,1,gradual_end,[5237],[],7067,0.1,706,0,0,1
14012,log_3114_1708943433.xes,0.0,na,['gradual'],1,2,0,1,no_drift,[],[],3771,0.1,377,0,0,0
14013,log_3114_1708943433.xes,0.0,na,['gradual'],1,2,0,1,sudden,[],[],3771,0.1,377,0,0,0
14014,log_3114_1708943433.xes,0.0,na,['gradual'],1,2,0,1,gradual_start,[1729],[1729],3771,0.1,377,1,0,1
14015,log_3114_1708943433.xes,0.0,na,['gradual'],1,2,0,1,gradual_end,[2218],[2215],3771,0.1,377,1,0,1
14016,log_3445_1708943406.xes,0.0,na,"['sudden', 'gradual']",2,3,1,1,no_drift,[],[],4135,0.1,413,0,0,0
14017,log_3445_1708943406.xes,0.0,na,"['sudden', 'gradual']",2,3,1,1,sudden,[1019],[1001],4135,0.1,413,1,0,1
14018,log_3445_1708943406.xes,0.0,na,"['sudden', 'gradual']",2,3,1,1,gradual_start,[2683],[2661],4135,0.1,413,1,0,1
14019,log_3445_1708943406.xes,0.0,na,"['sudden', 'gradual']",2,3,1,1,gradual_end,[3101],[3081],4135,0.1,413,1,0,1
14020,log_3261_1708943432.xes,0.6,na,"['sudden', 'gradual', 'sudden']",3,4,2,1,no_drift,[],[],6232,0.1,623,0,0,0
14021,log_3261_1708943432.xes,0.6,na,"['sudden', 'gradual', 'sudden']",3,4,2,1,sudden,"[1062, 4933]","[1024, 4899]",6232,0.1,623,2,0,2
14022,log_3261_1708943432.xes,0.6,na,"['sudden', 'gradual', 'sudden']",3,4,2,1,gradual_start,[3018],[3039],6232,0.1,623,1,0,1
14023,log_3261_1708943432.xes,0.6,na,"['sudden', 'gradual', 'sudden']",3,4,2,1,gradual_end,[3532],[3473],6232,0.1,623,1,0,1
14024,log_3486_1708943436.xes,0.0,na,['sudden'],1,1,1,0,no_drift,[],[],3573,0.1,357,0,0,0
14025,log_3486_1708943436.xes,0.0,na,['sudden'],1,1,1,0,sudden,[1618],[1616],3573,0.1,357,1,0,1
14026,log_3486_1708943436.xes,0.0,na,['sudden'],1,1,1,0,gradual_start,[],[],3573,0.1,357,0,0,0
14027,log_3486_1708943436.xes,0.0,na,['sudden'],1,1,1,0,gradual_end,[],[],3573,0.1,357,0,0,0
14028,log_3377_1708943431.xes,0.3,na,"['sudden', 'gradual', 'gradual']",3,5,1,2,no_drift,[],[],8129,0.1,812,0,0,0
14029,log_3377_1708943431.xes,0.3,na,"['sudden', 'gradual', 'gradual']",3,5,1,2,sudden,[1497],[1481],8129,0.1,812,1,0,1
14030,log_3377_1708943431.xes,0.3,na,"['sudden', 'gradual', 'gradual']",3,5,1,2,gradual_start,"[3386, 5779]",[],8129,0.1,812,0,0,2
14031,log_3377_1708943431.xes,0.3,na,"['sudden', 'gradual', 'gradual']",3,5,1,2,gradual_end,"[3954, 6213]",[],8129,0.1,812,0,0,2
14032,log_3263_1708943437.xes,0.0,na,['gradual'],1,2,0,1,no_drift,[],[],3423,0.1,342,0,0,0
14033,log_3263_1708943437.xes,0.0,na,['gradual'],1,2,0,1,sudden,[],[],3423,0.1,342,0,0,0
14034,log_3263_1708943437.xes,0.0,na,['gradual'],1,2,0,1,gradual_start,[1505],[1497],3423,0.1,342,1,0,1
14035,log_3263_1708943437.xes,0.0,na,['gradual'],1,2,0,1,gradual_end,[2101],[2092],3423,0.1,342,1,0,1
14036,log_3417_1708943434.xes,0.6,na,"['gradual', 'gradual']",2,4,0,2,no_drift,[],[],5236,0.1,523,0,0,0
14037,log_3417_1708943434.xes,0.6,na,"['gradual', 'gradual']",2,4,0,2,sudden,[],[],5236,0.1,523,0,0,0
14038,log_3417_1708943434.xes,0.6,na,"['gradual', 'gradual']",2,4,0,2,gradual_start,"[1006, 3017]","[989, 2991]",5236,0.1,523,2,0,2
14039,log_3417_1708943434.xes,0.6,na,"['gradual', 'gradual']",2,4,0,2,gradual_end,"[1559, 3542]","[1561, 3433]",5236,0.1,523,2,0,2
14040,log_3571_1708943465.xes,0.3,na,[],0,0,0,0,no_drift,[0],[0],5560,0.1,556,1,0,1
14041,log_3571_1708943465.xes,0.3,na,[],0,0,0,0,sudden,[],[],5560,0.1,556,0,0,0
14042,log_3571_1708943465.xes,0.3,na,[],0,0,0,0,gradual_start,[],[],5560,0.1,556,0,0,0
14043,log_3571_1708943465.xes,0.3,na,[],0,0,0,0,gradual_end,[],[],5560,0.1,556,0,0,0
14044,log_3449_1708943432.xes,0.6,na,"['gradual', 'gradual', 'gradual']",3,6,0,3,no_drift,[],[],7744,0.1,774,0,0,0
14045,log_3449_1708943432.xes,0.6,na,"['gradual', 'gradual', 'gradual']",3,6,0,3,sudden,[],[],7744,0.1,774,0,0,0
14046,log_3449_1708943432.xes,0.6,na,"['gradual', 'gradual', 'gradual']",3,6,0,3,gradual_start,"[1234, 3449, 5271]",[3459],7744,0.1,774,1,0,3
14047,log_3449_1708943432.xes,0.6,na,"['gradual', 'gradual', 'gradual']",3,6,0,3,gradual_end,"[1792, 3938, 5817]",[3915],7744,0.1,774,1,0,3
14048,log_3494_1708943466.xes,0.0,na,[],0,0,0,0,no_drift,[0],[0],4872,0.1,487,1,0,1
14049,log_3494_1708943466.xes,0.0,na,[],0,0,0,0,sudden,[],[],4872,0.1,487,0,0,0
14050,log_3494_1708943466.xes,0.0,na,[],0,0,0,0,gradual_start,[],[],4872,0.1,487,0,0,0
14051,log_3494_1708943466.xes,0.0,na,[],0,0,0,0,gradual_end,[],[],4872,0.1,487,0,0,0
14052,log_3717_1708943463.xes,0.3,na,"['sudden', 'sudden', 'gradual']",3,4,2,1,no_drift,[],[],6302,0.1,630,0,0,0
14053,log_3717_1708943463.xes,0.3,na,"['sudden', 'sudden', 'gradual']",3,4,2,1,sudden,"[1446, 3315]",[3287],6302,0.1,630,1,0,2
14054,log_3717_1708943463.xes,0.3,na,"['sudden', 'sudden', 'gradual']",3,4,2,1,gradual_start,[4884],[4868],6302,0.1,630,1,0,1
14055,log_3717_1708943463.xes,0.3,na,"['sudden', 'sudden', 'gradual']",3,4,2,1,gradual_end,[5193],[5209],6302,0.1,630,1,0,1
14056,log_3493_1708943462.xes,0.0,na,"['gradual', 'sudden', 'gradual']",3,5,1,2,no_drift,[],[],6891,0.1,689,0,0,0
14057,log_3493_1708943462.xes,0.0,na,"['gradual', 'sudden', 'gradual']",3,5,1,2,sudden,[3987],[3945],6891,0.1,689,1,0,1
14058,log_3493_1708943462.xes,0.0,na,"['gradual', 'sudden', 'gradual']",3,5,1,2,gradual_start,"[1855, 5261]",[5237],6891,0.1,689,1,0,2
14059,log_3493_1708943462.xes,0.0,na,"['gradual', 'sudden', 'gradual']",3,5,1,2,gradual_end,"[2182, 5627]",[5611],6891,0.1,689,1,0,2
14060,log_3216_1708943404.xes,0.6,na,"['gradual', 'sudden']",2,3,1,1,no_drift,[],[],4844,0.1,484,0,0,0
14061,log_3216_1708943404.xes,0.6,na,"['gradual', 'sudden']",2,3,1,1,sudden,[3223],[3193],4844,0.1,484,1,0,1
14062,log_3216_1708943404.xes,0.6,na,"['gradual', 'sudden']",2,3,1,1,gradual_start,[1511],[],4844,0.1,484,0,0,1
14063,log_3216_1708943404.xes,0.6,na,"['gradual', 'sudden']",2,3,1,1,gradual_end,[1828],[],4844,0.1,484,0,0,1
14064,log_3192_1708943464.xes,0.0,na,"['gradual', 'sudden', 'gradual']",3,5,1,2,no_drift,[],[],6082,0.1,608,0,0,0
14065,log_3192_1708943464.xes,0.0,na,"['gradual', 'sudden', 'gradual']",3,5,1,2,sudden,[2997],[],6082,0.1,608,0,0,1
14066,log_3192_1708943464.xes,0.0,na,"['gradual', 'sudden', 'gradual']",3,5,1,2,gradual_start,"[1117, 4338]",[1021],6082,0.1,608,1,0,2
14067,log_3192_1708943464.xes,0.0,na,"['gradual', 'sudden', 'gradual']",3,5,1,2,gradual_end,"[1496, 4699]",[1501],6082,0.1,608,1,0,2
14068,log_3562_1708943435.xes,0.0,na,"['gradual', 'gradual', 'sudden']",3,5,1,2,no_drift,[],[],6386,0.1,638,0,0,0
14069,log_3562_1708943435.xes,0.0,na,"['gradual', 'gradual', 'sudden']",3,5,1,2,sudden,[5038],[5023],6386,0.1,638,1,0,1
14070,log_3562_1708943435.xes,0.0,na,"['gradual', 'gradual', 'sudden']",3,5,1,2,gradual_start,"[1789, 3194]",[1768],6386,0.1,638,1,0,2
14071,log_3562_1708943435.xes,0.0,na,"['gradual', 'gradual', 'sudden']",3,5,1,2,gradual_end,"[2114, 3545]",[2109],6386,0.1,638,1,0,2
14072,log_3572_1708943467.xes,0.0,na,['sudden'],1,1,1,0,no_drift,[],[0],2617,0.1,261,0,1,0
14073,log_3572_1708943467.xes,0.0,na,['sudden'],1,1,1,0,sudden,[1144],[],2617,0.1,261,0,0,1
14074,log_3572_1708943467.xes,0.0,na,['sudden'],1,1,1,0,gradual_start,[],[],2617,0.1,261,0,0,0
14075,log_3572_1708943467.xes,0.0,na,['sudden'],1,1,1,0,gradual_end,[],[],2617,0.1,261,0,0,0
14076,log_3495_1708943467.xes,0.0,na,[],0,0,0,0,no_drift,[0],[0],4628,0.1,462,1,0,1
14077,log_3495_1708943467.xes,0.0,na,[],0,0,0,0,sudden,[],[],4628,0.1,462,0,0,0
14078,log_3495_1708943467.xes,0.0,na,[],0,0,0,0,gradual_start,[],[],4628,0.1,462,0,0,0
14079,log_3495_1708943467.xes,0.0,na,[],0,0,0,0,gradual_end,[],[],4628,0.1,462,0,0,0
14080,log_3305_1708943466.xes,0.3,na,"['sudden', 'gradual', 'gradual']",3,5,1,2,no_drift,[],[0],7116,0.1,711,0,1,0
14081,log_3305_1708943466.xes,0.3,na,"['sudden', 'gradual', 'gradual']",3,5,1,2,sudden,[1428],[],7116,0.1,711,0,0,1
14082,log_3305_1708943466.xes,0.3,na,"['sudden', 'gradual', 'gradual']",3,5,1,2,gradual_start,"[3169, 4863]",[],7116,0.1,711,0,0,2
14083,log_3305_1708943466.xes,0.3,na,"['sudden', 'gradual', 'gradual']",3,5,1,2,gradual_end,"[3672, 5292]",[],7116,0.1,711,0,0,2
14084,log_3068_1708943433.xes,0.6,na,"['gradual', 'sudden', 'gradual']",3,5,1,2,no_drift,[],[],6947,0.1,694,0,0,0
14085,log_3068_1708943433.xes,0.6,na,"['gradual', 'sudden', 'gradual']",3,5,1,2,sudden,[2905],[2891],6947,0.1,694,1,0,1
14086,log_3068_1708943433.xes,0.6,na,"['gradual', 'sudden', 'gradual']",3,5,1,2,gradual_start,"[1111, 4797]","[4795, 1089]",6947,0.1,694,2,0,2
14087,log_3068_1708943433.xes,0.6,na,"['gradual', 'sudden', 'gradual']",3,5,1,2,gradual_end,"[1504, 5276]","[5305, 1463]",6947,0.1,694,2,0,2
14088,log_3531_1708943429.xes,0.0,na,"['gradual', 'sudden']",2,3,1,1,no_drift,[],[],5161,0.1,516,0,0,0
14089,log_3531_1708943429.xes,0.0,na,"['gradual', 'sudden']",2,3,1,1,sudden,[3778],[3751],5161,0.1,516,1,0,1
14090,log_3531_1708943429.xes,0.0,na,"['gradual', 'sudden']",2,3,1,1,gradual_start,[1424],[1426],5161,0.1,516,1,0,1
14091,log_3531_1708943429.xes,0.0,na,"['gradual', 'sudden']",2,3,1,1,gradual_end,[1884],[1901],5161,0.1,516,1,0,1
14092,log_3681_1708943463.xes,0.3,na,"['gradual', 'gradual']",2,4,0,2,no_drift,[],[],5011,0.1,501,0,0,0
14093,log_3681_1708943463.xes,0.3,na,"['gradual', 'gradual']",2,4,0,2,sudden,[],[],5011,0.1,501,0,0,0
14094,log_3681_1708943463.xes,0.3,na,"['gradual', 'gradual']",2,4,0,2,gradual_start,"[1629, 3281]",[1601],5011,0.1,501,1,0,2
14095,log_3681_1708943463.xes,0.3,na,"['gradual', 'gradual']",2,4,0,2,gradual_end,"[2220, 3613]",[2126],5011,0.1,501,1,0,2
14096,log_3718_1708943466.xes,0.3,na,[],0,0,0,0,no_drift,[0],[0],2878,0.1,287,1,0,1
14097,log_3718_1708943466.xes,0.3,na,[],0,0,0,0,sudden,[],[],2878,0.1,287,0,0,0
14098,log_3718_1708943466.xes,0.3,na,[],0,0,0,0,gradual_start,[],[],2878,0.1,287,0,0,0
14099,log_3718_1708943466.xes,0.3,na,[],0,0,0,0,gradual_end,[],[],2878,0.1,287,0,0,0
14100,log_3682_1708943467.xes,0.3,na,['gradual'],1,2,0,1,no_drift,[],[],3571,0.1,357,0,0,0
14101,log_3682_1708943467.xes,0.3,na,['gradual'],1,2,0,1,sudden,[],[],3571,0.1,357,0,0,0
14102,log_3682_1708943467.xes,0.3,na,['gradual'],1,2,0,1,gradual_start,[1967],[1956],3571,0.1,357,1,0,1
14103,log_3682_1708943467.xes,0.3,na,['gradual'],1,2,0,1,gradual_end,[2499],[2466],3571,0.1,357,1,0,1
14104,log_3076_1708943464.xes,0.0,na,"['gradual', 'gradual', 'sudden']",3,5,1,2,no_drift,[],[],8005,0.1,800,0,0,0
14105,log_3076_1708943464.xes,0.0,na,"['gradual', 'gradual', 'sudden']",3,5,1,2,sudden,[6113],[6081],8005,0.1,800,1,0,1
14106,log_3076_1708943464.xes,0.0,na,"['gradual', 'gradual', 'sudden']",3,5,1,2,gradual_start,"[1959, 3586]","[1921, 3561]",8005,0.1,800,2,0,2
14107,log_3076_1708943464.xes,0.0,na,"['gradual', 'gradual', 'sudden']",3,5,1,2,gradual_end,"[2431, 4119]","[2401, 4081]",8005,0.1,800,2,0,2
14108,log_3719_1708943468.xes,0.0,na,"['gradual', 'sudden', 'sudden']",3,4,2,1,no_drift,[],[],5915,0.1,591,0,0,0
14109,log_3719_1708943468.xes,0.0,na,"['gradual', 'sudden', 'sudden']",3,4,2,1,sudden,"[2552, 4286]","[4264, 2553]",5915,0.1,591,2,0,2
14110,log_3719_1708943468.xes,0.0,na,"['gradual', 'sudden', 'sudden']",3,4,2,1,gradual_start,[1028],[1016],5915,0.1,591,1,0,1
14111,log_3719_1708943468.xes,0.0,na,"['gradual', 'sudden', 'sudden']",3,4,2,1,gradual_end,[1471],[1480],5915,0.1,591,1,0,1
14112,log_3720_1708943470.xes,0.6,na,"['gradual', 'sudden', 'sudden']",3,4,2,1,no_drift,[],[],6325,0.1,632,0,0,0
14113,log_3720_1708943470.xes,0.6,na,"['gradual', 'sudden', 'sudden']",3,4,2,1,sudden,"[3985, 5049]",[3938],6325,0.1,632,1,0,2
14114,log_3720_1708943470.xes,0.6,na,"['gradual', 'sudden', 'sudden']",3,4,2,1,gradual_start,[1786],[],6325,0.1,632,0,0,1
14115,log_3720_1708943470.xes,0.6,na,"['gradual', 'sudden', 'sudden']",3,4,2,1,gradual_end,[2116],[],6325,0.1,632,0,0,1
14116,log_3496_1708943467.xes,0.3,na,"['sudden', 'sudden']",2,2,2,0,no_drift,[],[],4976,0.1,497,0,0,0
14117,log_3496_1708943467.xes,0.3,na,"['sudden', 'sudden']",2,2,2,0,sudden,"[2001, 3866]","[1969, 3841]",4976,0.1,497,2,0,2
14118,log_3496_1708943467.xes,0.3,na,"['sudden', 'sudden']",2,2,2,0,gradual_start,[],[],4976,0.1,497,0,0,0
14119,log_3496_1708943467.xes,0.3,na,"['sudden', 'sudden']",2,2,2,0,gradual_end,[],[],4976,0.1,497,0,0,0
14120,log_3077_1708943468.xes,0.0,na,"['gradual', 'sudden']",2,3,1,1,no_drift,[],[],4760,0.1,476,0,0,0
14121,log_3077_1708943468.xes,0.0,na,"['gradual', 'sudden']",2,3,1,1,sudden,[2972],[2945],4760,0.1,476,1,0,1
14122,log_3077_1708943468.xes,0.0,na,"['gradual', 'sudden']",2,3,1,1,gradual_start,[1448],[],4760,0.1,476,0,0,1
14123,log_3077_1708943468.xes,0.0,na,"['gradual', 'sudden']",2,3,1,1,gradual_end,[1754],[],4760,0.1,476,0,0,1
14124,log_3480_1708943399.xes,0.0,na,"['sudden', 'sudden']",2,2,2,0,no_drift,[],[],4722,0.1,472,0,0,0
14125,log_3480_1708943399.xes,0.0,na,"['sudden', 'sudden']",2,2,2,0,sudden,"[1628, 3001]","[2968, 1588]",4722,0.1,472,2,0,2
14126,log_3480_1708943399.xes,0.0,na,"['sudden', 'sudden']",2,2,2,0,gradual_start,[],[],4722,0.1,472,0,0,0
14127,log_3480_1708943399.xes,0.0,na,"['sudden', 'sudden']",2,2,2,0,gradual_end,[],[],4722,0.1,472,0,0,0
14128,log_3605_1708943470.xes,0.0,na,"['sudden', 'sudden']",2,2,2,0,no_drift,[],[],3885,0.1,388,0,0,0
14129,log_3605_1708943470.xes,0.0,na,"['sudden', 'sudden']",2,2,2,0,sudden,"[1227, 2665]",[2642],3885,0.1,388,1,0,2
14130,log_3605_1708943470.xes,0.0,na,"['sudden', 'sudden']",2,2,2,0,gradual_start,[],[],3885,0.1,388,0,0,0
14131,log_3605_1708943470.xes,0.0,na,"['sudden', 'sudden']",2,2,2,0,gradual_end,[],[],3885,0.1,388,0,0,0
14132,log_3722_1708943476.xes,0.0,na,[],0,0,0,0,no_drift,[0],[0],2746,0.1,274,1,0,1
14133,log_3722_1708943476.xes,0.0,na,[],0,0,0,0,sudden,[],[],2746,0.1,274,0,0,0
14134,log_3722_1708943476.xes,0.0,na,[],0,0,0,0,gradual_start,[],[],2746,0.1,274,0,0,0
14135,log_3722_1708943476.xes,0.0,na,[],0,0,0,0,gradual_end,[],[],2746,0.1,274,0,0,0
14136,log_3683_1708943468.xes,0.0,na,['gradual'],1,2,0,1,no_drift,[],[],4234,0.1,423,0,0,0
14137,log_3683_1708943468.xes,0.0,na,['gradual'],1,2,0,1,sudden,[],[],4234,0.1,423,0,0,0
14138,log_3683_1708943468.xes,0.0,na,['gradual'],1,2,0,1,gradual_start,[1903],[1870],4234,0.1,423,1,0,1
14139,log_3683_1708943468.xes,0.0,na,['gradual'],1,2,0,1,gradual_end,[2457],[2458],4234,0.1,423,1,0,1
14140,log_3342_1708943476.xes,0.3,na,"['sudden', 'sudden', 'gradual']",3,4,2,1,no_drift,[],[],7048,0.1,704,0,0,0
14141,log_3342_1708943476.xes,0.3,na,"['sudden', 'sudden', 'gradual']",3,4,2,1,sudden,"[1833, 3484]",[1821],7048,0.1,704,1,0,2
14142,log_3342_1708943476.xes,0.3,na,"['sudden', 'sudden', 'gradual']",3,4,2,1,gradual_start,[4908],[],7048,0.1,704,0,0,1
14143,log_3342_1708943476.xes,0.3,na,"['sudden', 'sudden', 'gradual']",3,4,2,1,gradual_end,[5470],[],7048,0.1,704,0,0,1
14144,log_3524_1708943410.xes,0.3,na,[],0,0,0,0,no_drift,[0],[0],1092,0.1,109,1,0,1
14145,log_3524_1708943410.xes,0.3,na,[],0,0,0,0,sudden,[],[],1092,0.1,109,0,0,0
14146,log_3524_1708943410.xes,0.3,na,[],0,0,0,0,gradual_start,[],[],1092,0.1,109,0,0,0
14147,log_3524_1708943410.xes,0.3,na,[],0,0,0,0,gradual_end,[],[],1092,0.1,109,0,0,0
14148,log_3078_1708943471.xes,0.6,na,"['sudden', 'sudden', 'sudden']",3,3,3,0,no_drift,[],[],5544,0.1,554,0,0,0
14149,log_3078_1708943471.xes,0.6,na,"['sudden', 'sudden', 'sudden']",3,3,3,0,sudden,"[1751, 3427, 4446]","[3376, 4402, 1729]",5544,0.1,554,3,0,3
14150,log_3078_1708943471.xes,0.6,na,"['sudden', 'sudden', 'sudden']",3,3,3,0,gradual_start,[],[],5544,0.1,554,0,0,0
14151,log_3078_1708943471.xes,0.6,na,"['sudden', 'sudden', 'sudden']",3,3,3,0,gradual_end,[],[],5544,0.1,554,0,0,0
14152,log_3306_1708943469.xes,0.0,na,[],0,0,0,0,no_drift,[0],[0],3462,0.1,346,1,0,1
14153,log_3306_1708943469.xes,0.0,na,[],0,0,0,0,sudden,[],[],3462,0.1,346,0,0,0
14154,log_3306_1708943469.xes,0.0,na,[],0,0,0,0,gradual_start,[],[],3462,0.1,346,0,0,0
14155,log_3306_1708943469.xes,0.0,na,[],0,0,0,0,gradual_end,[],[],3462,0.1,346,0,0,0
14156,log_3604_1708943466.xes,0.0,na,"['sudden', 'sudden', 'gradual']",3,4,2,1,no_drift,[],[],6597,0.1,659,0,0,0
14157,log_3604_1708943466.xes,0.0,na,"['sudden', 'sudden', 'gradual']",3,4,2,1,sudden,"[1200, 3122]","[3105, 1185]",6597,0.1,659,2,0,2
14158,log_3604_1708943466.xes,0.0,na,"['sudden', 'sudden', 'gradual']",3,4,2,1,gradual_start,[4892],[4865],6597,0.1,659,1,0,1
14159,log_3604_1708943466.xes,0.0,na,"['sudden', 'sudden', 'gradual']",3,4,2,1,gradual_end,[5473],[5441],6597,0.1,659,1,0,1
14160,log_3525_1708943412.xes,0.3,na,[],0,0,0,0,no_drift,[0],[0],3820,0.1,382,1,0,1
14161,log_3525_1708943412.xes,0.3,na,[],0,0,0,0,sudden,[],[],3820,0.1,382,0,0,0
14162,log_3525_1708943412.xes,0.3,na,[],0,0,0,0,gradual_start,[],[],3820,0.1,382,0,0,0
14163,log_3525_1708943412.xes,0.3,na,[],0,0,0,0,gradual_end,[],[],3820,0.1,382,0,0,0
14164,log_3685_1708943475.xes,0.6,na,"['sudden', 'gradual']",2,3,1,1,no_drift,[],[],4466,0.1,446,0,0,0
14165,log_3685_1708943475.xes,0.6,na,"['sudden', 'gradual']",2,3,1,1,sudden,[1648],[1607],4466,0.1,446,1,0,1
14166,log_3685_1708943475.xes,0.6,na,"['sudden', 'gradual']",2,3,1,1,gradual_start,[2954],[2949],4466,0.1,446,1,0,1
14167,log_3685_1708943475.xes,0.6,na,"['sudden', 'gradual']",2,3,1,1,gradual_end,[3444],[3411],4466,0.1,446,1,0,1
14168,log_3147_1708943408.xes,0.6,na,"['gradual', 'gradual']",2,4,0,2,no_drift,[],[],4782,0.1,478,0,0,0
14169,log_3147_1708943408.xes,0.6,na,"['gradual', 'gradual']",2,4,0,2,sudden,[],[],4782,0.1,478,0,0,0
14170,log_3147_1708943408.xes,0.6,na,"['gradual', 'gradual']",2,4,0,2,gradual_start,"[1764, 3095]",[3083],4782,0.1,478,1,0,2
14171,log_3147_1708943408.xes,0.6,na,"['gradual', 'gradual']",2,4,0,2,gradual_end,"[2069, 3455]",[3451],4782,0.1,478,1,0,2
14172,log_3666_1708943409.xes,0.0,na,"['sudden', 'gradual']",2,3,1,1,no_drift,[],[],4761,0.1,476,0,0,0
14173,log_3666_1708943409.xes,0.0,na,"['sudden', 'gradual']",2,3,1,1,sudden,[1403],[],4761,0.1,476,0,0,1
14174,log_3666_1708943409.xes,0.0,na,"['sudden', 'gradual']",2,3,1,1,gradual_start,[2960],[2922],4761,0.1,476,1,0,1
14175,log_3666_1708943409.xes,0.0,na,"['sudden', 'gradual']",2,3,1,1,gradual_end,[3424],[3474],4761,0.1,476,1,0,1
14176,log_3343_1708943478.xes,0.0,na,[],0,0,0,0,no_drift,[0],[0],2170,0.1,217,1,0,1
14177,log_3343_1708943478.xes,0.0,na,[],0,0,0,0,sudden,[],[],2170,0.1,217,0,0,0
14178,log_3343_1708943478.xes,0.0,na,[],0,0,0,0,gradual_start,[],[],2170,0.1,217,0,0,0
14179,log_3343_1708943478.xes,0.0,na,[],0,0,0,0,gradual_end,[],[],2170,0.1,217,0,0,0
14180,log_3721_1708943473.xes,0.3,na,"['gradual', 'sudden']",2,3,1,1,no_drift,[],[],5195,0.1,519,0,0,0
14181,log_3721_1708943473.xes,0.3,na,"['gradual', 'sudden']",2,3,1,1,sudden,[3513],[3501],5195,0.1,519,1,0,1
14182,log_3721_1708943473.xes,0.3,na,"['gradual', 'sudden']",2,3,1,1,gradual_start,[1786],[],5195,0.1,519,0,0,1
14183,log_3721_1708943473.xes,0.3,na,"['gradual', 'sudden']",2,3,1,1,gradual_end,[2127],[],5195,0.1,519,0,0,1
14184,log_3744_1708943409.xes,0.3,na,['gradual'],1,2,0,1,no_drift,[],[],3907,0.1,390,0,0,0
14185,log_3744_1708943409.xes,0.3,na,['gradual'],1,2,0,1,sudden,[],[],3907,0.1,390,0,0,0
14186,log_3744_1708943409.xes,0.3,na,['gradual'],1,2,0,1,gradual_start,[1610],[1597],3907,0.1,390,1,0,1
14187,log_3744_1708943409.xes,0.3,na,['gradual'],1,2,0,1,gradual_end,[2016],[1996],3907,0.1,390,1,0,1
14188,log_3341_1708943470.xes,0.0,na,[],0,0,0,0,no_drift,[0],[0],6568,0.1,656,1,0,1
14189,log_3341_1708943470.xes,0.0,na,[],0,0,0,0,sudden,[],[],6568,0.1,656,0,0,0
14190,log_3341_1708943470.xes,0.0,na,[],0,0,0,0,gradual_start,[],[],6568,0.1,656,0,0,0
14191,log_3341_1708943470.xes,0.0,na,[],0,0,0,0,gradual_end,[],[],6568,0.1,656,0,0,0
14192,log_3002_1708943410.xes,0.3,na,"['gradual', 'sudden']",2,3,1,1,no_drift,[],[],4975,0.1,497,0,0,0
14193,log_3002_1708943410.xes,0.3,na,"['gradual', 'sudden']",2,3,1,1,sudden,[3079],[3073],4975,0.1,497,1,0,1
14194,log_3002_1708943410.xes,0.3,na,"['gradual', 'sudden']",2,3,1,1,gradual_start,[1069],[1081],4975,0.1,497,1,0,1
14195,log_3002_1708943410.xes,0.3,na,"['gradual', 'sudden']",2,3,1,1,gradual_end,[1649],[1657],4975,0.1,497,1,0,1
14196,log_3109_1708943407.xes,0.6,na,"['gradual', 'sudden', 'sudden']",3,4,2,1,no_drift,[],[],6933,0.1,693,0,0,0
14197,log_3109_1708943407.xes,0.6,na,"['gradual', 'sudden', 'sudden']",3,4,2,1,sudden,"[3796, 5790]","[5781, 3741]",6933,0.1,693,2,0,2
14198,log_3109_1708943407.xes,0.6,na,"['gradual', 'sudden', 'sudden']",3,4,2,1,gradual_start,[1646],[],6933,0.1,693,0,0,1
14199,log_3109_1708943407.xes,0.6,na,"['gradual', 'sudden', 'sudden']",3,4,2,1,gradual_end,[2130],[],6933,0.1,693,0,0,1
14200,log_3684_1708943471.xes,0.0,na,"['gradual', 'gradual']",2,4,0,2,no_drift,[],[],6199,0.1,619,0,0,0
14201,log_3684_1708943471.xes,0.0,na,"['gradual', 'gradual']",2,4,0,2,sudden,[],[],6199,0.1,619,0,0,0
14202,log_3684_1708943471.xes,0.0,na,"['gradual', 'gradual']",2,4,0,2,gradual_start,"[1732, 4045]",[4021],6199,0.1,619,1,0,2
14203,log_3684_1708943471.xes,0.0,na,"['gradual', 'gradual']",2,4,0,2,gradual_end,"[2188, 4607]",[4591],6199,0.1,619,1,0,2
14204,log_3062_1708943407.xes,0.6,na,"['gradual', 'sudden']",2,3,1,1,no_drift,[],[],4980,0.1,498,0,0,0
14205,log_3062_1708943407.xes,0.6,na,"['gradual', 'sudden']",2,3,1,1,sudden,[3633],[3625],4980,0.1,498,1,0,1
14206,log_3062_1708943407.xes,0.6,na,"['gradual', 'sudden']",2,3,1,1,gradual_start,[1362],[],4980,0.1,498,0,0,1
14207,log_3062_1708943407.xes,0.6,na,"['gradual', 'sudden']",2,3,1,1,gradual_end,[1790],[],4980,0.1,498,0,0,1
14208,log_3340_1708943464.xes,0.0,na,"['sudden', 'sudden', 'gradual']",3,4,2,1,no_drift,[],[],5788,0.1,578,0,0,0
14209,log_3340_1708943464.xes,0.0,na,"['sudden', 'sudden', 'gradual']",3,4,2,1,sudden,"[1364, 2661]","[2605, 1345]",5788,0.1,578,2,0,2
14210,log_3340_1708943464.xes,0.0,na,"['sudden', 'sudden', 'gradual']",3,4,2,1,gradual_start,[4112],[4089],5788,0.1,578,1,0,1
14211,log_3340_1708943464.xes,0.0,na,"['sudden', 'sudden', 'gradual']",3,4,2,1,gradual_end,[4555],[4565],5788,0.1,578,1,0,1
14212,log_3110_1708943414.xes,0.6,na,[],0,0,0,0,no_drift,[0],[0],1096,0.1,109,1,0,1
14213,log_3110_1708943414.xes,0.6,na,[],0,0,0,0,sudden,[],[],1096,0.1,109,0,0,0
14214,log_3110_1708943414.xes,0.6,na,[],0,0,0,0,gradual_start,[],[],1096,0.1,109,0,0,0
14215,log_3110_1708943414.xes,0.6,na,[],0,0,0,0,gradual_end,[],[],1096,0.1,109,0,0,0
14216,log_3149_1708943414.xes,0.0,na,"['gradual', 'sudden']",2,3,1,1,no_drift,[],[],4816,0.1,481,0,0,0
14217,log_3149_1708943414.xes,0.0,na,"['gradual', 'sudden']",2,3,1,1,sudden,[2823],[2809],4816,0.1,481,1,0,1
14218,log_3149_1708943414.xes,0.0,na,"['gradual', 'sudden']",2,3,1,1,gradual_start,[1410],[1417],4816,0.1,481,1,0,1
14219,log_3149_1708943414.xes,0.0,na,"['gradual', 'sudden']",2,3,1,1,gradual_end,[1740],[1705],4816,0.1,481,1,0,1
14220,log_3148_1708943412.xes,0.0,na,['sudden'],1,1,1,0,no_drift,[],[],3529,0.1,352,0,0,0
14221,log_3148_1708943412.xes,0.0,na,['sudden'],1,1,1,0,sudden,[1756],[1752],3529,0.1,352,1,0,1
14222,log_3148_1708943412.xes,0.0,na,['sudden'],1,1,1,0,gradual_start,[],[],3529,0.1,352,0,0,0
14223,log_3148_1708943412.xes,0.0,na,['sudden'],1,1,1,0,gradual_end,[],[],3529,0.1,352,0,0,0
14224,log_3255_1708943411.xes,0.3,na,['gradual'],1,2,0,1,no_drift,[],[],3580,0.1,358,0,0,0
14225,log_3255_1708943411.xes,0.3,na,['gradual'],1,2,0,1,sudden,[],[],3580,0.1,358,0,0,0
14226,log_3255_1708943411.xes,0.3,na,['gradual'],1,2,0,1,gradual_start,[1721],[1701],3580,0.1,358,1,0,1
14227,log_3255_1708943411.xes,0.3,na,['gradual'],1,2,0,1,gradual_end,[2169],[2143],3580,0.1,358,1,0,1
14228,log_3526_1708943413.xes,0.0,na,[],0,0,0,0,no_drift,[0],[0],5096,0.1,509,1,0,1
14229,log_3526_1708943413.xes,0.0,na,[],0,0,0,0,sudden,[],[],5096,0.1,509,0,0,0
14230,log_3526_1708943413.xes,0.0,na,[],0,0,0,0,gradual_start,[],[],5096,0.1,509,0,0,0
14231,log_3526_1708943413.xes,0.0,na,[],0,0,0,0,gradual_end,[],[],5096,0.1,509,0,0,0
14232,log_2887_1708943407.xes,0.6,na,['gradual'],1,2,0,1,no_drift,[],[],3887,0.1,388,0,0,0
14233,log_2887_1708943407.xes,0.6,na,['gradual'],1,2,0,1,sudden,[],[],3887,0.1,388,0,0,0
14234,log_2887_1708943407.xes,0.6,na,['gradual'],1,2,0,1,gradual_start,[1917],[1901],3887,0.1,388,1,0,1
14235,log_2887_1708943407.xes,0.6,na,['gradual'],1,2,0,1,gradual_end,[2246],[2281],3887,0.1,388,1,0,1
14236,log_3256_1708943416.xes,0.0,na,['gradual'],1,2,0,1,no_drift,[],[],3135,0.1,313,0,0,0
14237,log_3256_1708943416.xes,0.0,na,['gradual'],1,2,0,1,sudden,[],[],3135,0.1,313,0,0,0
14238,log_3256_1708943416.xes,0.0,na,['gradual'],1,2,0,1,gradual_start,[1066],[1051],3135,0.1,313,1,0,1
14239,log_3256_1708943416.xes,0.0,na,['gradual'],1,2,0,1,gradual_end,[1521],[1501],3135,0.1,313,1,0,1
14240,log_3063_1708943413.xes,0.0,na,['sudden'],1,1,1,0,no_drift,[],[],3068,0.1,306,0,0,0
14241,log_3063_1708943413.xes,0.0,na,['sudden'],1,1,1,0,sudden,[1909],[1891],3068,0.1,306,1,0,1
14242,log_3063_1708943413.xes,0.0,na,['sudden'],1,1,1,0,gradual_start,[],[],3068,0.1,306,0,0,0
14243,log_3063_1708943413.xes,0.0,na,['sudden'],1,1,1,0,gradual_end,[],[],3068,0.1,306,0,0,0
14244,log_3150_1708943416.xes,0.3,na,[],0,0,0,0,no_drift,[0],[0],2670,0.1,267,1,0,1
14245,log_3150_1708943416.xes,0.3,na,[],0,0,0,0,sudden,[],[],2670,0.1,267,0,0,0
14246,log_3150_1708943416.xes,0.3,na,[],0,0,0,0,gradual_start,[],[],2670,0.1,267,0,0,0
14247,log_3150_1708943416.xes,0.3,na,[],0,0,0,0,gradual_end,[],[],2670,0.1,267,0,0,0
14248,log_3297_1708943417.xes,0.3,na,['gradual'],1,2,0,1,no_drift,[],[],3208,0.1,320,0,0,0
14249,log_3297_1708943417.xes,0.3,na,['gradual'],1,2,0,1,sudden,[],[],3208,0.1,320,0,0,0
14250,log_3297_1708943417.xes,0.3,na,['gradual'],1,2,0,1,gradual_start,[1193],[1153],3208,0.1,320,1,0,1
14251,log_3297_1708943417.xes,0.3,na,['gradual'],1,2,0,1,gradual_end,[1555],[1569],3208,0.1,320,1,0,1
14252,log_3705_1708943410.xes,0.0,na,"['sudden', 'sudden', 'sudden']",3,3,3,0,no_drift,[],[],6095,0.1,609,0,0,0
14253,log_3705_1708943410.xes,0.0,na,"['sudden', 'sudden', 'sudden']",3,3,3,0,sudden,"[1472, 2862, 4621]","[4591, 1441, 2821]",6095,0.1,609,3,0,3
14254,log_3705_1708943410.xes,0.0,na,"['sudden', 'sudden', 'sudden']",3,3,3,0,gradual_start,[],[],6095,0.1,609,0,0,0
14255,log_3705_1708943410.xes,0.0,na,"['sudden', 'sudden', 'sudden']",3,3,3,0,gradual_end,[],[],6095,0.1,609,0,0,0
14256,log_3667_1708943412.xes,0.0,na,"['gradual', 'sudden']",2,3,1,1,no_drift,[],[0],5184,0.1,518,0,1,0
14257,log_3667_1708943412.xes,0.0,na,"['gradual', 'sudden']",2,3,1,1,sudden,[3731],[],5184,0.1,518,0,0,1
14258,log_3667_1708943412.xes,0.0,na,"['gradual', 'sudden']",2,3,1,1,gradual_start,[1640],[],5184,0.1,518,0,0,1
14259,log_3667_1708943412.xes,0.0,na,"['gradual', 'sudden']",2,3,1,1,gradual_end,[1948],[],5184,0.1,518,0,0,1
14260,log_3446_1708943413.xes,0.0,na,"['gradual', 'sudden', 'sudden']",3,4,2,1,no_drift,[],[],5179,0.1,517,0,0,0
14261,log_3446_1708943413.xes,0.0,na,"['gradual', 'sudden', 'sudden']",3,4,2,1,sudden,"[2935, 4005]","[2901, 4001]",5179,0.1,517,2,0,2
14262,log_3446_1708943413.xes,0.0,na,"['gradual', 'sudden', 'sudden']",3,4,2,1,gradual_start,[1394],[1351],5179,0.1,517,1,0,1
14263,log_3446_1708943413.xes,0.0,na,"['gradual', 'sudden', 'sudden']",3,4,2,1,gradual_end,[1818],[1826],5179,0.1,517,1,0,1
14264,log_3374_1708943411.xes,0.3,na,"['sudden', 'gradual']",2,3,1,1,no_drift,[],[],3937,0.1,393,0,0,0
14265,log_3374_1708943411.xes,0.3,na,"['sudden', 'gradual']",2,3,1,1,sudden,[1171],[1160],3937,0.1,393,1,0,1
14266,log_3374_1708943411.xes,0.3,na,"['sudden', 'gradual']",2,3,1,1,gradual_start,[2354],[],3937,0.1,393,0,0,1
14267,log_3374_1708943411.xes,0.3,na,"['sudden', 'gradual']",2,3,1,1,gradual_end,[2658],[],3937,0.1,393,0,0,1
14268,log_3296_1708943411.xes,0.0,na,"['gradual', 'gradual', 'gradual']",3,6,0,3,no_drift,[],[0],7192,0.1,719,0,1,0
14269,log_3296_1708943411.xes,0.0,na,"['gradual', 'gradual', 'gradual']",3,6,0,3,sudden,[],[],7192,0.1,719,0,0,0
14270,log_3296_1708943411.xes,0.0,na,"['gradual', 'gradual', 'gradual']",3,6,0,3,gradual_start,"[1451, 3709, 5602]",[],7192,0.1,719,0,0,3
14271,log_3296_1708943411.xes,0.0,na,"['gradual', 'gradual', 'gradual']",3,6,0,3,gradual_end,"[2015, 4128, 6106]",[],7192,0.1,719,0,0,3
14272,log_3706_1708943416.xes,0.3,na,"['gradual', 'gradual', 'sudden']",3,5,1,2,no_drift,[],[],7110,0.1,711,0,0,0
14273,log_3706_1708943416.xes,0.3,na,"['gradual', 'gradual', 'sudden']",3,5,1,2,sudden,[6067],[6021],7110,0.1,711,1,0,1
14274,log_3706_1708943416.xes,0.3,na,"['gradual', 'gradual', 'sudden']",3,5,1,2,gradual_start,"[1275, 3576]",[],7110,0.1,711,0,0,2
14275,log_3706_1708943416.xes,0.3,na,"['gradual', 'gradual', 'sudden']",3,5,1,2,gradual_end,"[1689, 4097]",[],7110,0.1,711,0,0,2
14276,log_3636_1708943410.xes,0.6,na,"['sudden', 'sudden']",2,2,2,0,no_drift,[],[],4612,0.1,461,0,0,0
14277,log_3636_1708943410.xes,0.6,na,"['sudden', 'sudden']",2,2,2,0,sudden,"[1988, 3544]","[1979, 3520]",4612,0.1,461,2,0,2
14278,log_3636_1708943410.xes,0.6,na,"['sudden', 'sudden']",2,2,2,0,gradual_start,[],[],4612,0.1,461,0,0,0
14279,log_3636_1708943410.xes,0.6,na,"['sudden', 'sudden']",2,2,2,0,gradual_end,[],[],4612,0.1,461,0,0,0
14280,log_3637_1708943416.xes,0.3,na,['gradual'],1,2,0,1,no_drift,[],[],3626,0.1,362,0,0,0
14281,log_3637_1708943416.xes,0.3,na,['gradual'],1,2,0,1,sudden,[],[],3626,0.1,362,0,0,0
14282,log_3637_1708943416.xes,0.3,na,['gradual'],1,2,0,1,gradual_start,[1826],[1801],3626,0.1,362,1,0,1
14283,log_3637_1708943416.xes,0.3,na,['gradual'],1,2,0,1,gradual_end,[2246],[2233],3626,0.1,362,1,0,1
14284,log_3556_1708943418.xes,0.3,na,['sudden'],1,1,1,0,no_drift,[],[],3013,0.1,301,0,0,0
14285,log_3556_1708943418.xes,0.3,na,['sudden'],1,1,1,0,sudden,[1698],[1696],3013,0.1,301,1,0,1
14286,log_3556_1708943418.xes,0.3,na,['sudden'],1,1,1,0,gradual_start,[],[],3013,0.1,301,0,0,0
14287,log_3556_1708943418.xes,0.3,na,['sudden'],1,1,1,0,gradual_end,[],[],3013,0.1,301,0,0,0
14288,log_3527_1708943415.xes,0.3,na,[],0,0,0,0,no_drift,[0],[0],5968,0.1,596,1,0,1
14289,log_3527_1708943415.xes,0.3,na,[],0,0,0,0,sudden,[],[],5968,0.1,596,0,0,0
14290,log_3527_1708943415.xes,0.3,na,[],0,0,0,0,gradual_start,[],[],5968,0.1,596,0,0,0
14291,log_3527_1708943415.xes,0.3,na,[],0,0,0,0,gradual_end,[],[],5968,0.1,596,0,0,0
14292,log_2963_1708943411.xes,0.6,na,"['gradual', 'gradual', 'gradual']",3,6,0,3,no_drift,[],[0],7627,0.1,762,0,1,0
14293,log_2963_1708943411.xes,0.6,na,"['gradual', 'gradual', 'gradual']",3,6,0,3,sudden,[],[],7627,0.1,762,0,0,0
14294,log_2963_1708943411.xes,0.6,na,"['gradual', 'gradual', 'gradual']",3,6,0,3,gradual_start,"[1913, 4144, 5637]",[],7627,0.1,762,0,0,3
14295,log_2963_1708943411.xes,0.6,na,"['gradual', 'gradual', 'gradual']",3,6,0,3,gradual_end,"[2486, 4564, 6179]",[],7627,0.1,762,0,0,3
14296,log_3181_1708943407.xes,0.6,na,[],0,0,0,0,no_drift,[0],[0],5697,0.1,569,1,0,1
14297,log_3181_1708943407.xes,0.6,na,[],0,0,0,0,sudden,[],[],5697,0.1,569,0,0,0
14298,log_3181_1708943407.xes,0.6,na,[],0,0,0,0,gradual_start,[],[],5697,0.1,569,0,0,0
14299,log_3181_1708943407.xes,0.6,na,[],0,0,0,0,gradual_end,[],[],5697,0.1,569,0,0,0
14300,log_3111_1708943415.xes,0.6,na,"['gradual', 'sudden']",2,3,1,1,no_drift,[],[],5119,0.1,511,0,0,0
14301,log_3111_1708943415.xes,0.6,na,"['gradual', 'sudden']",2,3,1,1,sudden,[3553],[3526],5119,0.1,511,1,0,1
14302,log_3111_1708943415.xes,0.6,na,"['gradual', 'sudden']",2,3,1,1,gradual_start,[1365],[],5119,0.1,511,0,0,1
14303,log_3111_1708943415.xes,0.6,na,"['gradual', 'sudden']",2,3,1,1,gradual_end,[1781],[],5119,0.1,511,0,0,1
14304,log_3555_1708943412.xes,0.3,na,"['sudden', 'sudden', 'sudden']",3,3,3,0,no_drift,[],[],6857,0.1,685,0,0,0
14305,log_3555_1708943412.xes,0.3,na,"['sudden', 'sudden', 'sudden']",3,3,3,0,sudden,"[1855, 3802, 4934]","[3775, 4897, 1837]",6857,0.1,685,3,0,3
14306,log_3555_1708943412.xes,0.3,na,"['sudden', 'sudden', 'sudden']",3,3,3,0,gradual_start,[],[],6857,0.1,685,0,0,0
14307,log_3555_1708943412.xes,0.3,na,"['sudden', 'sudden', 'sudden']",3,3,3,0,gradual_end,[],[],6857,0.1,685,0,0,0
14308,log_3594_1708943409.xes,0.6,na,[],0,0,0,0,no_drift,[0],[0],6552,0.1,655,1,0,1
14309,log_3594_1708943409.xes,0.6,na,[],0,0,0,0,sudden,[],[],6552,0.1,655,0,0,0
14310,log_3594_1708943409.xes,0.6,na,[],0,0,0,0,gradual_start,[],[],6552,0.1,655,0,0,0
14311,log_3594_1708943409.xes,0.6,na,[],0,0,0,0,gradual_end,[],[],6552,0.1,655,0,0,0
14312,log_3557_1708943419.xes,0.0,na,['sudden'],1,1,1,0,no_drift,[],[],3139,0.1,313,0,0,0
14313,log_3557_1708943419.xes,0.0,na,['sudden'],1,1,1,0,sudden,[1905],[1876],3139,0.1,313,1,0,1
14314,log_3557_1708943419.xes,0.0,na,['sudden'],1,1,1,0,gradual_start,[],[],3139,0.1,313,0,0,0
14315,log_3557_1708943419.xes,0.0,na,['sudden'],1,1,1,0,gradual_end,[],[],3139,0.1,313,0,0,0
14316,log_3481_1708943417.xes,0.0,na,"['gradual', 'gradual', 'sudden']",3,5,1,2,no_drift,[],[],6425,0.1,642,0,0,0
14317,log_3481_1708943417.xes,0.0,na,"['gradual', 'gradual', 'sudden']",3,5,1,2,sudden,[5159],[5121],6425,0.1,642,1,0,1
14318,log_3481_1708943417.xes,0.0,na,"['gradual', 'gradual', 'sudden']",3,5,1,2,gradual_start,"[1115, 2961]",[1121],6425,0.1,642,1,0,2
14319,log_3481_1708943417.xes,0.0,na,"['gradual', 'gradual', 'sudden']",3,5,1,2,gradual_end,"[1651, 3491]",[1633],6425,0.1,642,1,0,2
14320,log_3217_1708943413.xes,0.0,na,"['sudden', 'gradual']",2,3,1,1,no_drift,[],[],4975,0.1,497,0,0,0
14321,log_3217_1708943413.xes,0.0,na,"['sudden', 'gradual']",2,3,1,1,sudden,[1359],[1321],4975,0.1,497,1,0,1
14322,log_3217_1708943413.xes,0.0,na,"['sudden', 'gradual']",2,3,1,1,gradual_start,[2535],[2521],4975,0.1,497,1,0,1
14323,log_3217_1708943413.xes,0.0,na,"['sudden', 'gradual']",2,3,1,1,gradual_end,[3035],[2977],4975,0.1,497,1,0,1
14324,log_3151_1708943417.xes,0.0,na,"['gradual', 'gradual']",2,4,0,2,no_drift,[],[],5294,0.1,529,0,0,0
14325,log_3151_1708943417.xes,0.0,na,"['gradual', 'gradual']",2,4,0,2,sudden,[],[],5294,0.1,529,0,0,0
14326,log_3151_1708943417.xes,0.0,na,"['gradual', 'gradual']",2,4,0,2,gradual_start,"[1657, 3712]","[3693, 1639]",5294,0.1,529,2,0,2
14327,log_3151_1708943417.xes,0.0,na,"['gradual', 'gradual']",2,4,0,2,gradual_end,"[2108, 4231]","[4187, 2107]",5294,0.1,529,2,0,2
14328,log_2888_1708943415.xes,0.0,na,"['sudden', 'sudden']",2,2,2,0,no_drift,[],[],4546,0.1,454,0,0,0
14329,log_2888_1708943415.xes,0.0,na,"['sudden', 'sudden']",2,2,2,0,sudden,"[1379, 3157]","[1365, 3147]",4546,0.1,454,2,0,2
14330,log_2888_1708943415.xes,0.0,na,"['sudden', 'sudden']",2,2,2,0,gradual_start,[],[],4546,0.1,454,0,0,0
14331,log_2888_1708943415.xes,0.0,na,"['sudden', 'sudden']",2,2,2,0,gradual_end,[],[],4546,0.1,454,0,0,0
14332,log_3375_1708943416.xes,0.6,na,"['sudden', 'gradual']",2,3,1,1,no_drift,[],[],4289,0.1,428,0,0,0
14333,log_3375_1708943416.xes,0.6,na,"['sudden', 'gradual']",2,3,1,1,sudden,[1331],[],4289,0.1,428,0,0,1
14334,log_3375_1708943416.xes,0.6,na,"['sudden', 'gradual']",2,3,1,1,gradual_start,[2361],[2374],4289,0.1,428,1,0,1
14335,log_3375_1708943416.xes,0.6,na,"['sudden', 'gradual']",2,3,1,1,gradual_end,[2779],[2773],4289,0.1,428,1,0,1
14336,log_3412_1708943408.xes,0.0,na,"['sudden', 'gradual']",2,3,1,1,no_drift,[],[],4524,0.1,452,0,0,0
14337,log_3412_1708943408.xes,0.0,na,"['sudden', 'gradual']",2,3,1,1,sudden,[1179],[1167],4524,0.1,452,1,0,1
14338,log_3412_1708943408.xes,0.0,na,"['sudden', 'gradual']",2,3,1,1,gradual_start,[2875],[2861],4524,0.1,452,1,0,1
14339,log_3412_1708943408.xes,0.0,na,"['sudden', 'gradual']",2,3,1,1,gradual_end,[3465],[3411],4524,0.1,452,1,0,1
14340,log_3257_1708943417.xes,0.0,na,"['gradual', 'gradual', 'gradual']",3,6,0,3,no_drift,[],[],7462,0.1,746,0,0,0
14341,log_3257_1708943417.xes,0.0,na,"['gradual', 'gradual', 'gradual']",3,6,0,3,sudden,[],[],7462,0.1,746,0,0,0
14342,log_3257_1708943417.xes,0.0,na,"['gradual', 'gradual', 'gradual']",3,6,0,3,gradual_start,"[1317, 3215, 5423]",[3220],7462,0.1,746,1,0,3
14343,log_3257_1708943417.xes,0.0,na,"['gradual', 'gradual', 'gradual']",3,6,0,3,gradual_end,"[1802, 3594, 5767]",[3590],7462,0.1,746,1,0,3
14344,log_3064_1708943416.xes,0.3,na,"['gradual', 'gradual']",2,4,0,2,no_drift,[],[],4852,0.1,485,0,0,0
14345,log_3064_1708943416.xes,0.3,na,"['gradual', 'gradual']",2,4,0,2,sudden,[],[],4852,0.1,485,0,0,0
14346,log_3064_1708943416.xes,0.3,na,"['gradual', 'gradual']",2,4,0,2,gradual_start,"[1441, 3220]","[3217, 1417]",4852,0.1,485,2,0,2
14347,log_3064_1708943416.xes,0.3,na,"['gradual', 'gradual']",2,4,0,2,gradual_end,"[1900, 3659]","[3625, 1897]",4852,0.1,485,2,0,2
14348,log_3558_1708943421.xes,0.0,na,['gradual'],1,2,0,1,no_drift,[],[0],3329,0.1,332,0,1,0
14349,log_3558_1708943421.xes,0.0,na,['gradual'],1,2,0,1,sudden,[],[],3329,0.1,332,0,0,0
14350,log_3558_1708943421.xes,0.0,na,['gradual'],1,2,0,1,gradual_start,[1839],[],3329,0.1,332,0,0,1
14351,log_3558_1708943421.xes,0.0,na,['gradual'],1,2,0,1,gradual_end,[2147],[],3329,0.1,332,0,0,1
14352,log_3606_1708943472.xes,0.3,na,"['sudden', 'sudden', 'sudden']",3,3,3,0,no_drift,[],[],7046,0.1,704,0,0,0
14353,log_3606_1708943472.xes,0.3,na,"['sudden', 'sudden', 'sudden']",3,3,3,0,sudden,"[1965, 3699, 5537]","[1926, 5531, 3676]",7046,0.1,704,3,0,3
14354,log_3606_1708943472.xes,0.3,na,"['sudden', 'sudden', 'sudden']",3,3,3,0,gradual_start,[],[],7046,0.1,704,0,0,0
14355,log_3606_1708943472.xes,0.3,na,"['sudden', 'sudden', 'sudden']",3,3,3,0,gradual_end,[],[],7046,0.1,704,0,0,0
14356,log_3528_1708943419.xes,0.0,na,"['sudden', 'gradual', 'sudden']",3,4,2,1,no_drift,[],[],6600,0.1,660,0,0,0
14357,log_3528_1708943419.xes,0.0,na,"['sudden', 'gradual', 'sudden']",3,4,2,1,sudden,"[1653, 5301]",[5281],6600,0.1,660,1,0,2
14358,log_3528_1708943419.xes,0.0,na,"['sudden', 'gradual', 'sudden']",3,4,2,1,gradual_start,[3246],[],6600,0.1,660,0,0,1
14359,log_3528_1708943419.xes,0.0,na,"['sudden', 'gradual', 'sudden']",3,4,2,1,gradual_end,[3655],[],6600,0.1,660,0,0,1
14360,log_3218_1708943419.xes,0.3,na,"['gradual', 'gradual']",2,4,0,2,no_drift,[],[],5771,0.1,577,0,0,0
14361,log_3218_1708943419.xes,0.3,na,"['gradual', 'gradual']",2,4,0,2,sudden,[],[],5771,0.1,577,0,0,0
14362,log_3218_1708943419.xes,0.3,na,"['gradual', 'gradual']",2,4,0,2,gradual_start,"[1575, 3910]",[3893],5771,0.1,577,1,0,2
14363,log_3218_1708943419.xes,0.3,na,"['gradual', 'gradual']",2,4,0,2,gradual_end,"[2021, 4499]",[4453],5771,0.1,577,1,0,2
14364,log_3219_1708943424.xes,0.0,na,[],0,0,0,0,no_drift,[0],[0],1074,0.1,107,1,0,1
14365,log_3219_1708943424.xes,0.0,na,[],0,0,0,0,sudden,[],[],1074,0.1,107,0,0,0
14366,log_3219_1708943424.xes,0.0,na,[],0,0,0,0,gradual_start,[],[],1074,0.1,107,0,0,0
14367,log_3219_1708943424.xes,0.0,na,[],0,0,0,0,gradual_end,[],[],1074,0.1,107,0,0,0
14368,log_3559_1708943422.xes,0.6,na,['sudden'],1,1,1,0,no_drift,[],[],2567,0.1,256,0,0,0
14369,log_3559_1708943422.xes,0.6,na,['sudden'],1,1,1,0,sudden,[1165],[1153],2567,0.1,256,1,0,1
14370,log_3559_1708943422.xes,0.6,na,['sudden'],1,1,1,0,gradual_start,[],[],2567,0.1,256,0,0,0
14371,log_3559_1708943422.xes,0.6,na,['sudden'],1,1,1,0,gradual_end,[],[],2567,0.1,256,0,0,0
14372,log_3413_1708943422.xes,0.6,na,[],0,0,0,0,no_drift,[0],[0],6980,0.1,698,1,0,1
14373,log_3413_1708943422.xes,0.6,na,[],0,0,0,0,sudden,[],[],6980,0.1,698,0,0,0
14374,log_3413_1708943422.xes,0.6,na,[],0,0,0,0,gradual_start,[],[],6980,0.1,698,0,0,0
14375,log_3413_1708943422.xes,0.6,na,[],0,0,0,0,gradual_end,[],[],6980,0.1,698,0,0,0
14376,log_3668_1708943415.xes,0.6,na,"['sudden', 'gradual', 'gradual']",3,5,1,2,no_drift,[],[],7061,0.1,706,0,0,0
14377,log_3668_1708943415.xes,0.6,na,"['sudden', 'gradual', 'gradual']",3,5,1,2,sudden,[1139],[1121],7061,0.1,706,1,0,1
14378,log_3668_1708943415.xes,0.6,na,"['sudden', 'gradual', 'gradual']",3,5,1,2,gradual_start,"[2696, 4809]",[2696],7061,0.1,706,1,0,2
14379,log_3668_1708943415.xes,0.6,na,"['sudden', 'gradual', 'gradual']",3,5,1,2,gradual_end,"[3124, 5361]",[3151],7061,0.1,706,1,0,2
14380,log_3638_1708943418.xes,0.3,na,"['sudden', 'sudden']",2,2,2,0,no_drift,[],[],4397,0.1,439,0,0,0
14381,log_3638_1708943418.xes,0.3,na,"['sudden', 'sudden']",2,2,2,0,sudden,"[1463, 3224]","[3214, 1429]",4397,0.1,439,2,0,2
14382,log_3638_1708943418.xes,0.3,na,"['sudden', 'sudden']",2,2,2,0,gradual_start,[],[],4397,0.1,439,0,0,0
14383,log_3638_1708943418.xes,0.3,na,"['sudden', 'sudden']",2,2,2,0,gradual_end,[],[],4397,0.1,439,0,0,0
14384,log_3482_1708943421.xes,0.0,na,['gradual'],1,2,0,1,no_drift,[],[],2931,0.1,293,0,0,0
14385,log_3482_1708943421.xes,0.0,na,['gradual'],1,2,0,1,sudden,[],[],2931,0.1,293,0,0,0
14386,log_3482_1708943421.xes,0.0,na,['gradual'],1,2,0,1,gradual_start,[1317],[1275],2931,0.1,293,1,0,1
14387,log_3482_1708943421.xes,0.0,na,['gradual'],1,2,0,1,gradual_end,[1626],[1639],2931,0.1,293,1,0,1
14388,log_3183_1708943425.xes,0.0,na,[],0,0,0,0,no_drift,[0],[0],1550,0.1,155,1,0,1
14389,log_3183_1708943425.xes,0.0,na,[],0,0,0,0,sudden,[],[],1550,0.1,155,0,0,0
14390,log_3183_1708943425.xes,0.0,na,[],0,0,0,0,gradual_start,[],[],1550,0.1,155,0,0,0
14391,log_3183_1708943425.xes,0.0,na,[],0,0,0,0,gradual_end,[],[],1550,0.1,155,0,0,0
14392,log_3707_1708943419.xes,0.6,na,[],0,0,0,0,no_drift,[0],[0],7716,0.1,771,1,0,1
14393,log_3707_1708943419.xes,0.6,na,[],0,0,0,0,sudden,[],[],7716,0.1,771,0,0,0
14394,log_3707_1708943419.xes,0.6,na,[],0,0,0,0,gradual_start,[],[],7716,0.1,771,0,0,0
14395,log_3707_1708943419.xes,0.6,na,[],0,0,0,0,gradual_end,[],[],7716,0.1,771,0,0,0
14396,log_3066_1708943425.xes,0.0,na,[],0,0,0,0,no_drift,[0],[0],1516,0.1,151,1,0,1
14397,log_3066_1708943425.xes,0.0,na,[],0,0,0,0,sudden,[],[],1516,0.1,151,0,0,0
14398,log_3066_1708943425.xes,0.0,na,[],0,0,0,0,gradual_start,[],[],1516,0.1,151,0,0,0
14399,log_3066_1708943425.xes,0.0,na,[],0,0,0,0,gradual_end,[],[],1516,0.1,151,0,0,0
14400,log_3745_1708943413.xes,0.3,na,"['gradual', 'gradual']",2,4,0,2,no_drift,[],[],6610,0.1,661,0,0,0
14401,log_3745_1708943413.xes,0.3,na,"['gradual', 'gradual']",2,4,0,2,sudden,[],[],6610,0.1,661,0,0,0
14402,log_3745_1708943413.xes,0.3,na,"['gradual', 'gradual']",2,4,0,2,gradual_start,"[1988, 4346]","[1849, 4324]",6610,0.1,661,2,0,2
14403,log_3745_1708943413.xes,0.3,na,"['gradual', 'gradual']",2,4,0,2,gradual_end,"[2587, 4739]","[2608, 4753]",6610,0.1,661,2,0,2
14404,log_3639_1708943425.xes,0.0,na,['gradual'],1,2,0,1,no_drift,[],[],3095,0.1,309,0,0,0
14405,log_3639_1708943425.xes,0.0,na,['gradual'],1,2,0,1,sudden,[],[],3095,0.1,309,0,0,0
14406,log_3639_1708943425.xes,0.0,na,['gradual'],1,2,0,1,gradual_start,[1340],[1351],3095,0.1,309,1,0,1
14407,log_3639_1708943425.xes,0.0,na,['gradual'],1,2,0,1,gradual_end,[1940],[1876],3095,0.1,309,1,0,1
14408,log_2926_1708943425.xes,0.0,na,"['gradual', 'sudden']",2,3,1,1,no_drift,[],[],4647,0.1,464,0,0,0
14409,log_2926_1708943425.xes,0.0,na,"['gradual', 'sudden']",2,3,1,1,sudden,[3276],[3244],4647,0.1,464,1,0,1
14410,log_2926_1708943425.xes,0.0,na,"['gradual', 'sudden']",2,3,1,1,gradual_start,[1646],[1634],4647,0.1,464,1,0,1
14411,log_2926_1708943425.xes,0.0,na,"['gradual', 'sudden']",2,3,1,1,gradual_end,[1974],[1933],4647,0.1,464,1,0,1
14412,log_3065_1708943421.xes,0.6,na,[],0,0,0,0,no_drift,[0],[0],3456,0.1,345,1,0,1
14413,log_3065_1708943421.xes,0.6,na,[],0,0,0,0,sudden,[],[],3456,0.1,345,0,0,0
14414,log_3065_1708943421.xes,0.6,na,[],0,0,0,0,gradual_start,[],[],3456,0.1,345,0,0,0
14415,log_3065_1708943421.xes,0.6,na,[],0,0,0,0,gradual_end,[],[],3456,0.1,345,0,0,0
14416,log_3182_1708943419.xes,0.0,na,"['sudden', 'sudden']",2,2,2,0,no_drift,[],[],4342,0.1,434,0,0,0
14417,log_3182_1708943419.xes,0.0,na,"['sudden', 'sudden']",2,2,2,0,sudden,"[1088, 2343]","[2332, 1072]",4342,0.1,434,2,0,2
14418,log_3182_1708943419.xes,0.0,na,"['sudden', 'sudden']",2,2,2,0,gradual_start,[],[],4342,0.1,434,0,0,0
14419,log_3182_1708943419.xes,0.0,na,"['sudden', 'sudden']",2,2,2,0,gradual_end,[],[],4342,0.1,434,0,0,0
14420,log_3152_1708943421.xes,0.3,na,"['sudden', 'gradual', 'gradual']",3,5,1,2,no_drift,[],[],7299,0.1,729,0,0,0
14421,log_3152_1708943421.xes,0.3,na,"['sudden', 'gradual', 'gradual']",3,5,1,2,sudden,[1938],[1909],7299,0.1,729,1,0,1
14422,log_3152_1708943421.xes,0.3,na,"['sudden', 'gradual', 'gradual']",3,5,1,2,gradual_start,"[3917, 5395]",[5365],7299,0.1,729,1,0,2
14423,log_3152_1708943421.xes,0.3,na,"['sudden', 'gradual', 'gradual']",3,5,1,2,gradual_end,"[4385, 5698]",[5725],7299,0.1,729,1,0,2
14424,log_3669_1708943423.xes,0.3,na,"['gradual', 'sudden']",2,3,1,1,no_drift,[],[],5172,0.1,517,0,0,0
14425,log_3669_1708943423.xes,0.3,na,"['gradual', 'sudden']",2,3,1,1,sudden,[3934],[3901],5172,0.1,517,1,0,1
14426,log_3669_1708943423.xes,0.3,na,"['gradual', 'sudden']",2,3,1,1,gradual_start,[1707],[1701],5172,0.1,517,1,0,1
14427,log_3669_1708943423.xes,0.3,na,"['gradual', 'sudden']",2,3,1,1,gradual_end,[2237],[2226],5172,0.1,517,1,0,1
14428,log_2925_1708943413.xes,0.3,na,"['gradual', 'gradual']",2,4,0,2,no_drift,[],[0],6609,0.1,660,0,1,0
14429,log_2925_1708943413.xes,0.3,na,"['gradual', 'gradual']",2,4,0,2,sudden,[],[],6609,0.1,660,0,0,0
14430,log_2925_1708943413.xes,0.3,na,"['gradual', 'gradual']",2,4,0,2,gradual_start,"[1938, 4197]",[],6609,0.1,660,0,0,2
14431,log_2925_1708943413.xes,0.3,na,"['gradual', 'gradual']",2,4,0,2,gradual_end,"[2289, 4745]",[],6609,0.1,660,0,0,2
14432,log_3332_1708943426.xes,0.0,na,['gradual'],1,2,0,1,no_drift,[],[],2856,0.1,285,0,0,0
14433,log_3332_1708943426.xes,0.0,na,['gradual'],1,2,0,1,sudden,[],[],2856,0.1,285,0,0,0
14434,log_3332_1708943426.xes,0.0,na,['gradual'],1,2,0,1,gradual_start,[1137],[1107],2856,0.1,285,1,0,1
14435,log_3332_1708943426.xes,0.0,na,['gradual'],1,2,0,1,gradual_end,[1442],[1415],2856,0.1,285,1,0,1
14436,log_3414_1708943428.xes,0.0,na,['sudden'],1,1,1,0,no_drift,[],[],2543,0.1,254,0,0,0
14437,log_3414_1708943428.xes,0.0,na,['sudden'],1,1,1,0,sudden,[1247],[1237],2543,0.1,254,1,0,1
14438,log_3414_1708943428.xes,0.0,na,['sudden'],1,1,1,0,gradual_start,[],[],2543,0.1,254,0,0,0
14439,log_3414_1708943428.xes,0.0,na,['sudden'],1,1,1,0,gradual_end,[],[],2543,0.1,254,0,0,0
14440,log_3640_1708943426.xes,0.3,na,"['gradual', 'sudden']",2,3,1,1,no_drift,[],[],5494,0.1,549,0,0,0
14441,log_3640_1708943426.xes,0.3,na,"['gradual', 'sudden']",2,3,1,1,sudden,[3548],[3511],5494,0.1,549,1,0,1
14442,log_3640_1708943426.xes,0.3,na,"['gradual', 'sudden']",2,3,1,1,gradual_start,[1292],[1297],5494,0.1,549,1,0,1
14443,log_3640_1708943426.xes,0.3,na,"['gradual', 'sudden']",2,3,1,1,gradual_end,[1887],[1837],5494,0.1,549,1,0,1
14444,log_3530_1708943428.xes,0.6,na,[],0,0,0,0,no_drift,[0],[0],1590,0.1,159,1,0,1
14445,log_3530_1708943428.xes,0.6,na,[],0,0,0,0,sudden,[],[],1590,0.1,159,0,0,0
14446,log_3530_1708943428.xes,0.6,na,[],0,0,0,0,gradual_start,[],[],1590,0.1,159,0,0,0
14447,log_3530_1708943428.xes,0.6,na,[],0,0,0,0,gradual_end,[],[],1590,0.1,159,0,0,0
14448,log_3529_1708943423.xes,0.3,na,"['gradual', 'sudden']",2,3,1,1,no_drift,[],[],5175,0.1,517,0,0,0
14449,log_3529_1708943423.xes,0.3,na,"['gradual', 'sudden']",2,3,1,1,sudden,[4166],[4151],5175,0.1,517,1,0,1
14450,log_3529_1708943423.xes,0.3,na,"['gradual', 'sudden']",2,3,1,1,gradual_start,[1837],[],5175,0.1,517,0,0,1
14451,log_3529_1708943423.xes,0.3,na,"['gradual', 'sudden']",2,3,1,1,gradual_end,[2397],[],5175,0.1,517,0,0,1
14452,log_3330_1708943409.xes,0.0,na,"['gradual', 'gradual', 'sudden']",3,5,1,2,no_drift,[],[],6480,0.1,648,0,0,0
14453,log_3330_1708943409.xes,0.0,na,"['gradual', 'gradual', 'sudden']",3,5,1,2,sudden,[5189],[5153],6480,0.1,648,1,0,1
14454,log_3330_1708943409.xes,0.0,na,"['gradual', 'gradual', 'sudden']",3,5,1,2,gradual_start,"[1409, 3744]",[3713],6480,0.1,648,1,0,2
14455,log_3330_1708943409.xes,0.0,na,"['gradual', 'gradual', 'sudden']",3,5,1,2,gradual_end,"[1752, 4151]",[4097],6480,0.1,648,1,0,2
14456,log_3331_1708943422.xes,0.0,na,[],0,0,0,0,no_drift,[0],[0],5943,0.1,594,1,0,1
14457,log_3331_1708943422.xes,0.0,na,[],0,0,0,0,sudden,[],[],5943,0.1,594,0,0,0
14458,log_3331_1708943422.xes,0.0,na,[],0,0,0,0,gradual_start,[],[],5943,0.1,594,0,0,0
14459,log_3331_1708943422.xes,0.0,na,[],0,0,0,0,gradual_end,[],[],5943,0.1,594,0,0,0
14460,log_3746_1708943423.xes,0.3,na,"['gradual', 'gradual', 'sudden']",3,5,1,2,no_drift,[],[],7596,0.1,759,0,0,0
14461,log_3746_1708943423.xes,0.3,na,"['gradual', 'gradual', 'sudden']",3,5,1,2,sudden,[5660],[5662],7596,0.1,759,1,0,1
14462,log_3746_1708943423.xes,0.3,na,"['gradual', 'gradual', 'sudden']",3,5,1,2,gradual_start,"[1832, 3610]",[3590],7596,0.1,759,1,0,2
14463,log_3746_1708943423.xes,0.3,na,"['gradual', 'gradual', 'sudden']",3,5,1,2,gradual_end,"[2256, 4192]",[4145],7596,0.1,759,1,0,2
14464,log_3641_1708943429.xes,0.3,na,['gradual'],1,2,0,1,no_drift,[],[0],2469,0.1,246,0,1,0
14465,log_3641_1708943429.xes,0.3,na,['gradual'],1,2,0,1,sudden,[],[],2469,0.1,246,0,0,0
14466,log_3641_1708943429.xes,0.3,na,['gradual'],1,2,0,1,gradual_start,[1048],[],2469,0.1,246,0,0,1
14467,log_3641_1708943429.xes,0.3,na,['gradual'],1,2,0,1,gradual_end,[1431],[],2469,0.1,246,0,0,1
14468,log_3560_1708943425.xes,0.0,na,"['sudden', 'sudden', 'sudden']",3,3,3,0,no_drift,[],[],5911,0.1,591,0,0,0
14469,log_3560_1708943425.xes,0.0,na,"['sudden', 'sudden', 'sudden']",3,3,3,0,sudden,"[1030, 2674, 4282]","[4264, 2640]",5911,0.1,591,2,0,3
14470,log_3560_1708943425.xes,0.0,na,"['sudden', 'sudden', 'sudden']",3,3,3,0,gradual_start,[],[],5911,0.1,591,0,0,0
14471,log_3560_1708943425.xes,0.0,na,"['sudden', 'sudden', 'sudden']",3,3,3,0,gradual_end,[],[],5911,0.1,591,0,0,0
14472,log_3259_1708943429.xes,0.0,na,['gradual'],1,2,0,1,no_drift,[],[],3541,0.1,354,0,0,0
14473,log_3259_1708943429.xes,0.0,na,['gradual'],1,2,0,1,sudden,[],[],3541,0.1,354,0,0,0
14474,log_3259_1708943429.xes,0.0,na,['gradual'],1,2,0,1,gradual_start,[1262],[1259],3541,0.1,354,1,0,1
14475,log_3259_1708943429.xes,0.0,na,['gradual'],1,2,0,1,gradual_end,[1697],[1667],3541,0.1,354,1,0,1
14476,log_3258_1708943422.xes,0.0,na,"['gradual', 'sudden']",2,3,1,1,no_drift,[],[],4625,0.1,462,0,0,0
14477,log_3258_1708943422.xes,0.0,na,"['gradual', 'sudden']",2,3,1,1,sudden,[2944],[2922],4625,0.1,462,1,0,1
14478,log_3258_1708943422.xes,0.0,na,"['gradual', 'sudden']",2,3,1,1,gradual_start,[1535],[],4625,0.1,462,0,0,1
14479,log_3258_1708943422.xes,0.0,na,"['gradual', 'sudden']",2,3,1,1,gradual_end,[1853],[],4625,0.1,462,0,0,1
14480,log_3447_1708943417.xes,0.3,na,[],0,0,0,0,no_drift,[0],[0],7596,0.1,759,1,0,1
14481,log_3447_1708943417.xes,0.3,na,[],0,0,0,0,sudden,[],[],7596,0.1,759,0,0,0
14482,log_3447_1708943417.xes,0.3,na,[],0,0,0,0,gradual_start,[],[],7596,0.1,759,0,0,0
14483,log_3447_1708943417.xes,0.3,na,[],0,0,0,0,gradual_end,[],[],7596,0.1,759,0,0,0
14484,log_3415_1708943429.xes,0.3,na,[],0,0,0,0,no_drift,[0],[0],3186,0.1,318,1,0,1
14485,log_3415_1708943429.xes,0.3,na,[],0,0,0,0,sudden,[],[],3186,0.1,318,0,0,0
14486,log_3415_1708943429.xes,0.3,na,[],0,0,0,0,gradual_start,[],[],3186,0.1,318,0,0,0
14487,log_3415_1708943429.xes,0.3,na,[],0,0,0,0,gradual_end,[],[],3186,0.1,318,0,0,0
14488,log_3708_1708943423.xes,0.3,na,"['sudden', 'sudden', 'sudden']",3,3,3,0,no_drift,[],[],5454,0.1,545,0,0,0
14489,log_3708_1708943423.xes,0.3,na,"['sudden', 'sudden', 'sudden']",3,3,3,0,sudden,"[1719, 3106, 4291]","[3106, 1702]",5454,0.1,545,2,0,3
14490,log_3708_1708943423.xes,0.3,na,"['sudden', 'sudden', 'sudden']",3,3,3,0,gradual_start,[],[],5454,0.1,545,0,0,0
14491,log_3708_1708943423.xes,0.3,na,"['sudden', 'sudden', 'sudden']",3,3,3,0,gradual_end,[],[],5454,0.1,545,0,0,0
14492,log_3595_1708943421.xes,0.6,na,"['sudden', 'gradual', 'sudden']",3,4,2,1,no_drift,[],[],6269,0.1,626,0,0,0
14493,log_3595_1708943421.xes,0.6,na,"['sudden', 'gradual', 'sudden']",3,4,2,1,sudden,"[1958, 5217]","[1923, 5178]",6269,0.1,626,2,0,2
14494,log_3595_1708943421.xes,0.6,na,"['sudden', 'gradual', 'sudden']",3,4,2,1,gradual_start,[3576],[3566],6269,0.1,626,1,0,1
14495,log_3595_1708943421.xes,0.6,na,"['sudden', 'gradual', 'sudden']",3,4,2,1,gradual_end,[4124],[4093],6269,0.1,626,1,0,1
14496,log_3112_1708943420.xes,0.6,na,"['sudden', 'sudden', 'gradual']",3,4,2,1,no_drift,[],[],6868,0.1,686,0,0,0
14497,log_3112_1708943420.xes,0.6,na,"['sudden', 'sudden', 'gradual']",3,4,2,1,sudden,"[1778, 3774]","[3741, 1769]",6868,0.1,686,2,0,2
14498,log_3112_1708943420.xes,0.6,na,"['sudden', 'sudden', 'gradual']",3,4,2,1,gradual_start,[5275],[5271],6868,0.1,686,1,0,1
14499,log_3112_1708943420.xes,0.6,na,"['sudden', 'sudden', 'gradual']",3,4,2,1,gradual_end,[5619],[5645],6868,0.1,686,1,0,1
14500,log_3448_1708943429.xes,0.0,na,['gradual'],1,2,0,1,no_drift,[],[],3343,0.1,334,0,0,0
14501,log_3448_1708943429.xes,0.0,na,['gradual'],1,2,0,1,sudden,[],[],3343,0.1,334,0,0,0
14502,log_3448_1708943429.xes,0.0,na,['gradual'],1,2,0,1,gradual_start,[1252],[1249],3343,0.1,334,1,0,1
14503,log_3448_1708943429.xes,0.0,na,['gradual'],1,2,0,1,gradual_end,[1565],[1553],3343,0.1,334,1,0,1
14504,log_3483_1708943425.xes,0.3,na,['sudden'],1,1,1,0,no_drift,[],[],3066,0.1,306,0,0,0
14505,log_3483_1708943425.xes,0.3,na,['sudden'],1,1,1,0,sudden,[1725],[1696],3066,0.1,306,1,0,1
14506,log_3483_1708943425.xes,0.3,na,['sudden'],1,1,1,0,gradual_start,[],[],3066,0.1,306,0,0,0
14507,log_3483_1708943425.xes,0.3,na,['sudden'],1,1,1,0,gradual_end,[],[],3066,0.1,306,0,0,0
14508,log_3260_1708943431.xes,0.6,na,[],0,0,0,0,no_drift,[0],[0],3244,0.1,324,1,0,1
14509,log_3260_1708943431.xes,0.6,na,[],0,0,0,0,sudden,[],[],3244,0.1,324,0,0,0
14510,log_3260_1708943431.xes,0.6,na,[],0,0,0,0,gradual_start,[],[],3244,0.1,324,0,0,0
14511,log_3260_1708943431.xes,0.6,na,[],0,0,0,0,gradual_end,[],[],3244,0.1,324,0,0,0
14512,log_3184_1708943426.xes,0.0,na,"['gradual', 'sudden', 'sudden']",3,4,2,1,no_drift,[],[],6203,0.1,620,0,0,0
14513,log_3184_1708943426.xes,0.0,na,"['gradual', 'sudden', 'sudden']",3,4,2,1,sudden,"[3286, 4575]","[4558, 3256]",6203,0.1,620,2,0,2
14514,log_3184_1708943426.xes,0.0,na,"['gradual', 'sudden', 'sudden']",3,4,2,1,gradual_start,[1386],[],6203,0.1,620,0,0,1
14515,log_3184_1708943426.xes,0.0,na,"['gradual', 'sudden', 'sudden']",3,4,2,1,gradual_end,[1837],[],6203,0.1,620,0,0,1
14516,log_3670_1708943429.xes,0.0,na,['gradual'],1,2,0,1,no_drift,[],[],3528,0.1,352,0,0,0
14517,log_3670_1708943429.xes,0.0,na,['gradual'],1,2,0,1,sudden,[],[],3528,0.1,352,0,0,0
14518,log_3670_1708943429.xes,0.0,na,['gradual'],1,2,0,1,gradual_start,[1468],[1429],3528,0.1,352,1,0,1
14519,log_3670_1708943429.xes,0.0,na,['gradual'],1,2,0,1,gradual_end,[2033],[2143],3528,0.1,352,1,0,1
14520,log_3596_1708943431.xes,0.6,na,[],0,0,0,0,no_drift,[0],[0],3708,0.1,370,1,0,1
14521,log_3596_1708943431.xes,0.6,na,[],0,0,0,0,sudden,[],[],3708,0.1,370,0,0,0
14522,log_3596_1708943431.xes,0.6,na,[],0,0,0,0,gradual_start,[],[],3708,0.1,370,0,0,0
14523,log_3596_1708943431.xes,0.6,na,[],0,0,0,0,gradual_end,[],[],3708,0.1,370,0,0,0
14524,log_3709_1708943430.xes,0.3,na,[],0,0,0,0,no_drift,[0],[0],4924,0.1,492,1,0,1
14525,log_3709_1708943430.xes,0.3,na,[],0,0,0,0,sudden,[],[],4924,0.1,492,0,0,0
14526,log_3709_1708943430.xes,0.3,na,[],0,0,0,0,gradual_start,[],[],4924,0.1,492,0,0,0
14527,log_3709_1708943430.xes,0.3,na,[],0,0,0,0,gradual_end,[],[],4924,0.1,492,0,0,0
14528,log_3747_1708943430.xes,0.0,na,"['sudden', 'gradual']",2,3,1,1,no_drift,[],[],5491,0.1,549,0,0,0
14529,log_3747_1708943430.xes,0.0,na,"['sudden', 'gradual']",2,3,1,1,sudden,[1510],[1486],5491,0.1,549,1,0,1
14530,log_3747_1708943430.xes,0.0,na,"['sudden', 'gradual']",2,3,1,1,gradual_start,[3203],[],5491,0.1,549,0,0,1
14531,log_3747_1708943430.xes,0.0,na,"['sudden', 'gradual']",2,3,1,1,gradual_end,[3566],[],5491,0.1,549,0,0,1
14532,log_3113_1708943431.xes,0.0,na,['sudden'],1,1,1,0,no_drift,[],[],2552,0.1,255,0,0,0
14533,log_3113_1708943431.xes,0.0,na,['sudden'],1,1,1,0,sudden,[1019],[1009],2552,0.1,255,1,0,1
14534,log_3113_1708943431.xes,0.0,na,['sudden'],1,1,1,0,gradual_start,[],[],2552,0.1,255,0,0,0
14535,log_3113_1708943431.xes,0.0,na,['sudden'],1,1,1,0,gradual_end,[],[],2552,0.1,255,0,0,0
14536,log_3153_1708943427.xes,0.6,na,"['gradual', 'gradual', 'sudden']",3,5,1,2,no_drift,[],[],5569,0.1,556,0,0,0
14537,log_3153_1708943427.xes,0.6,na,"['gradual', 'gradual', 'sudden']",3,5,1,2,sudden,[4328],[4321],5569,0.1,556,1,0,1
14538,log_3153_1708943427.xes,0.6,na,"['gradual', 'gradual', 'sudden']",3,5,1,2,gradual_start,"[1175, 2808]",[],5569,0.1,556,0,0,2
14539,log_3153_1708943427.xes,0.6,na,"['gradual', 'gradual', 'sudden']",3,5,1,2,gradual_end,"[1657, 3142]",[],5569,0.1,556,0,0,2
14540,log_3484_1708943430.xes,0.3,na,"['gradual', 'gradual']",2,4,0,2,no_drift,[],[],5279,0.1,527,0,0,0
14541,log_3484_1708943430.xes,0.3,na,"['gradual', 'gradual']",2,4,0,2,sudden,[],[],5279,0.1,527,0,0,0
14542,log_3484_1708943430.xes,0.3,na,"['gradual', 'gradual']",2,4,0,2,gradual_start,"[1233, 2986]",[1249],5279,0.1,527,1,0,2
14543,log_3484_1708943430.xes,0.3,na,"['gradual', 'gradual']",2,4,0,2,gradual_end,"[1819, 3380]",[1821],5279,0.1,527,1,0,2
14544,log_3185_1708943431.xes,0.0,na,[],0,0,0,0,no_drift,[0],[0],3550,0.1,355,1,0,1
14545,log_3185_1708943431.xes,0.0,na,[],0,0,0,0,sudden,[],[],3550,0.1,355,0,0,0
14546,log_3185_1708943431.xes,0.0,na,[],0,0,0,0,gradual_start,[],[],3550,0.1,355,0,0,0
14547,log_3185_1708943431.xes,0.0,na,[],0,0,0,0,gradual_end,[],[],3550,0.1,355,0,0,0
14548,log_3671_1708943432.xes,0.6,na,['sudden'],1,1,1,0,no_drift,[],[],3133,0.1,313,0,0,0
14549,log_3671_1708943432.xes,0.6,na,['sudden'],1,1,1,0,sudden,[1872],[1846],3133,0.1,313,1,0,1
14550,log_3671_1708943432.xes,0.6,na,['sudden'],1,1,1,0,gradual_start,[],[],3133,0.1,313,0,0,0
14551,log_3671_1708943432.xes,0.6,na,['sudden'],1,1,1,0,gradual_end,[],[],3133,0.1,313,0,0,0
14552,log_3597_1708943433.xes,0.0,na,"['sudden', 'sudden']",2,2,2,0,no_drift,[],[],4314,0.1,431,0,0,0
14553,log_3597_1708943433.xes,0.0,na,"['sudden', 'sudden']",2,2,2,0,sudden,"[1723, 3174]","[3151, 1702]",4314,0.1,431,2,0,2
14554,log_3597_1708943433.xes,0.0,na,"['sudden', 'sudden']",2,2,2,0,gradual_start,[],[],4314,0.1,431,0,0,0
14555,log_3597_1708943433.xes,0.0,na,"['sudden', 'sudden']",2,2,2,0,gradual_end,[],[],4314,0.1,431,0,0,0
14556,log_3416_1708943432.xes,0.0,na,"['gradual', 'sudden']",2,3,1,1,no_drift,[],[],4223,0.1,422,0,0,0
14557,log_3416_1708943432.xes,0.0,na,"['gradual', 'sudden']",2,3,1,1,sudden,[2975],[2962],4223,0.1,422,1,0,1
14558,log_3416_1708943432.xes,0.0,na,"['gradual', 'sudden']",2,3,1,1,gradual_start,[1383],[1366],4223,0.1,422,1,0,1
14559,log_3416_1708943432.xes,0.0,na,"['gradual', 'sudden']",2,3,1,1,gradual_end,[1822],[1828],4223,0.1,422,1,0,1
14560,log_3376_1708943421.xes,0.3,na,"['gradual', 'gradual', 'sudden']",3,5,1,2,no_drift,[],[],7018,0.1,701,0,0,0
14561,log_3376_1708943421.xes,0.3,na,"['gradual', 'gradual', 'sudden']",3,5,1,2,sudden,[5245],[],7018,0.1,701,0,0,1
14562,log_3376_1708943421.xes,0.3,na,"['gradual', 'gradual', 'sudden']",3,5,1,2,gradual_start,"[1413, 3555]",[1366],7018,0.1,701,1,0,2
14563,log_3376_1708943421.xes,0.3,na,"['gradual', 'gradual', 'sudden']",3,5,1,2,gradual_end,"[1737, 4028]",[1716],7018,0.1,701,1,0,2
14564,log_3116_1708943437.xes,0.6,na,"['gradual', 'gradual']",2,4,0,2,no_drift,[],[],5126,0.1,512,0,0,0
14565,log_3116_1708943437.xes,0.6,na,"['gradual', 'gradual']",2,4,0,2,sudden,[],[],5126,0.1,512,0,0,0
14566,log_3116_1708943437.xes,0.6,na,"['gradual', 'gradual']",2,4,0,2,gradual_start,"[1660, 3346]","[1676, 3326]",5126,0.1,512,2,0,2
14567,log_3116_1708943437.xes,0.6,na,"['gradual', 'gradual']",2,4,0,2,gradual_end,"[2244, 3807]","[2251, 3776]",5126,0.1,512,2,0,2
14568,log_3067_1708943426.xes,0.6,na,"['sudden', 'gradual', 'gradual']",3,5,1,2,no_drift,[],[],7520,0.1,752,0,0,0
14569,log_3067_1708943426.xes,0.6,na,"['sudden', 'gradual', 'gradual']",3,5,1,2,sudden,[1954],[],7520,0.1,752,0,0,1
14570,log_3067_1708943426.xes,0.6,na,"['sudden', 'gradual', 'gradual']",3,5,1,2,gradual_start,"[3354, 5633]",[3331],7520,0.1,752,1,0,2
14571,log_3067_1708943426.xes,0.6,na,"['sudden', 'gradual', 'gradual']",3,5,1,2,gradual_end,"[3780, 6147]",[3812],7520,0.1,752,1,0,2
14572,log_3378_1708943438.xes,0.3,na,['sudden'],1,1,1,0,no_drift,[],[],3067,0.1,306,0,0,0
14573,log_3378_1708943438.xes,0.3,na,['sudden'],1,1,1,0,sudden,[1870],[1861],3067,0.1,306,1,0,1
14574,log_3378_1708943438.xes,0.3,na,['sudden'],1,1,1,0,gradual_start,[],[],3067,0.1,306,0,0,0
14575,log_3378_1708943438.xes,0.3,na,['sudden'],1,1,1,0,gradual_end,[],[],3067,0.1,306,0,0,0
14576,log_3561_1708943430.xes,0.0,na,[],0,0,0,0,no_drift,[0],[0],6272,0.1,627,1,0,1
14577,log_3561_1708943430.xes,0.0,na,[],0,0,0,0,sudden,[],[],6272,0.1,627,0,0,0
14578,log_3561_1708943430.xes,0.0,na,[],0,0,0,0,gradual_start,[],[],6272,0.1,627,0,0,0
14579,log_3561_1708943430.xes,0.0,na,[],0,0,0,0,gradual_end,[],[],6272,0.1,627,0,0,0
14580,log_3334_1708943438.xes,0.6,na,['gradual'],1,2,0,1,no_drift,[],[],3596,0.1,359,0,0,0
14581,log_3334_1708943438.xes,0.6,na,['gradual'],1,2,0,1,sudden,[],[],3596,0.1,359,0,0,0
14582,log_3334_1708943438.xes,0.6,na,['gradual'],1,2,0,1,gradual_start,[1509],[1463],3596,0.1,359,1,0,1
14583,log_3334_1708943438.xes,0.6,na,['gradual'],1,2,0,1,gradual_end,[1976],[1990],3596,0.1,359,1,0,1
14584,log_3487_1708943439.xes,0.0,na,"['sudden', 'sudden']",2,2,2,0,no_drift,[],[],4441,0.1,444,0,0,0
14585,log_3487_1708943439.xes,0.0,na,"['sudden', 'sudden']",2,2,2,0,sudden,"[1542, 2911]","[2905, 1519]",4441,0.1,444,2,0,2
14586,log_3487_1708943439.xes,0.0,na,"['sudden', 'sudden']",2,2,2,0,gradual_start,[],[],4441,0.1,444,0,0,0
14587,log_3487_1708943439.xes,0.0,na,"['sudden', 'sudden']",2,2,2,0,gradual_end,[],[],4441,0.1,444,0,0,0
14588,log_3748_1708943432.xes,0.0,na,['gradual'],1,2,0,1,no_drift,[],[],2913,0.1,291,0,0,0
14589,log_3748_1708943432.xes,0.0,na,['gradual'],1,2,0,1,sudden,[],[],2913,0.1,291,0,0,0
14590,log_3748_1708943432.xes,0.0,na,['gradual'],1,2,0,1,gradual_start,[1370],[1345],2913,0.1,291,1,0,1
14591,log_3748_1708943432.xes,0.0,na,['gradual'],1,2,0,1,gradual_end,[1753],[1765],2913,0.1,291,1,0,1
14592,log_3265_1708943440.xes,0.6,na,[],0,0,0,0,no_drift,[0],[0],1682,0.1,168,1,0,1
14593,log_3265_1708943440.xes,0.6,na,[],0,0,0,0,sudden,[],[],1682,0.1,168,0,0,0
14594,log_3265_1708943440.xes,0.6,na,[],0,0,0,0,gradual_start,[],[],1682,0.1,168,0,0,0
14595,log_3265_1708943440.xes,0.6,na,[],0,0,0,0,gradual_end,[],[],1682,0.1,168,0,0,0
14596,log_3264_1708943438.xes,0.6,na,['sudden'],1,1,1,0,no_drift,[],[0],3353,0.1,335,0,1,0
14597,log_3264_1708943438.xes,0.6,na,['sudden'],1,1,1,0,sudden,[1911],[],3353,0.1,335,0,0,1
14598,log_3264_1708943438.xes,0.6,na,['sudden'],1,1,1,0,gradual_start,[],[],3353,0.1,335,0,0,0
14599,log_3264_1708943438.xes,0.6,na,['sudden'],1,1,1,0,gradual_end,[],[],3353,0.1,335,0,0,0
14600,log_3380_1708943441.xes,0.0,na,[],0,0,0,0,no_drift,[0],[0],1415,0.1,141,1,0,1
14601,log_3380_1708943441.xes,0.0,na,[],0,0,0,0,sudden,[],[],1415,0.1,141,0,0,0
14602,log_3380_1708943441.xes,0.0,na,[],0,0,0,0,gradual_start,[],[],1415,0.1,141,0,0,0
14603,log_3380_1708943441.xes,0.0,na,[],0,0,0,0,gradual_end,[],[],1415,0.1,141,0,0,0
14604,log_3644_1708943442.xes,0.3,na,['sudden'],1,1,1,0,no_drift,[],[],2637,0.1,263,0,0,0
14605,log_3644_1708943442.xes,0.3,na,['sudden'],1,1,1,0,sudden,[1134],[1132],2637,0.1,263,1,0,1
14606,log_3644_1708943442.xes,0.3,na,['sudden'],1,1,1,0,gradual_start,[],[],2637,0.1,263,0,0,0
14607,log_3644_1708943442.xes,0.3,na,['sudden'],1,1,1,0,gradual_end,[],[],2637,0.1,263,0,0,0
14608,log_3710_1708943433.xes,0.6,na,"['sudden', 'gradual', 'gradual']",3,5,1,2,no_drift,[],[],7809,0.1,780,0,0,0
14609,log_3710_1708943433.xes,0.6,na,"['sudden', 'gradual', 'gradual']",3,5,1,2,sudden,[1992],[1951],7809,0.1,780,1,0,1
14610,log_3710_1708943433.xes,0.6,na,"['sudden', 'gradual', 'gradual']",3,5,1,2,gradual_start,"[3273, 5479]",[3238],7809,0.1,780,1,0,2
14611,log_3710_1708943433.xes,0.6,na,"['sudden', 'gradual', 'gradual']",3,5,1,2,gradual_end,"[3699, 5854]",[3706],7809,0.1,780,1,0,2
14612,log_3750_1708943435.xes,0.6,na,[],0,0,0,0,no_drift,[0],[0],4356,0.1,435,1,0,1
14613,log_3750_1708943435.xes,0.6,na,[],0,0,0,0,sudden,[],[],4356,0.1,435,0,0,0
14614,log_3750_1708943435.xes,0.6,na,[],0,0,0,0,gradual_start,[],[],4356,0.1,435,0,0,0
14615,log_3750_1708943435.xes,0.6,na,[],0,0,0,0,gradual_end,[],[],4356,0.1,435,0,0,0
14616,log_3379_1708943440.xes,0.0,na,['sudden'],1,1,1,0,no_drift,[],[],3141,0.1,314,0,0,0
14617,log_3379_1708943440.xes,0.0,na,['sudden'],1,1,1,0,sudden,[1292],[1276],3141,0.1,314,1,0,1
14618,log_3379_1708943440.xes,0.0,na,['sudden'],1,1,1,0,gradual_start,[],[],3141,0.1,314,0,0,0
14619,log_3379_1708943440.xes,0.0,na,['sudden'],1,1,1,0,gradual_end,[],[],3141,0.1,314,0,0,0
14620,log_3266_1708943441.xes,0.0,na,['sudden'],1,1,1,0,no_drift,[],[],3382,0.1,338,0,0,0
14621,log_3266_1708943441.xes,0.0,na,['sudden'],1,1,1,0,sudden,[1630],[1617],3382,0.1,338,1,0,1
14622,log_3266_1708943441.xes,0.0,na,['sudden'],1,1,1,0,gradual_start,[],[],3382,0.1,338,0,0,0
14623,log_3266_1708943441.xes,0.0,na,['sudden'],1,1,1,0,gradual_end,[],[],3382,0.1,338,0,0,0
14624,log_3674_1708943436.xes,0.0,na,"['sudden', 'gradual', 'sudden']",3,4,2,1,no_drift,[],[],6518,0.1,651,0,0,0
14625,log_3674_1708943436.xes,0.0,na,"['sudden', 'gradual', 'sudden']",3,4,2,1,sudden,"[1480, 5345]",[5313],6518,0.1,651,1,0,2
14626,log_3674_1708943436.xes,0.0,na,"['sudden', 'gradual', 'sudden']",3,4,2,1,gradual_start,[3095],[],6518,0.1,651,0,0,1
14627,log_3674_1708943436.xes,0.0,na,"['sudden', 'gradual', 'sudden']",3,4,2,1,gradual_end,[3654],[],6518,0.1,651,0,0,1
14628,log_3643_1708943438.xes,0.6,na,"['sudden', 'sudden']",2,2,2,0,no_drift,[],[],5270,0.1,527,0,0,0
14629,log_3643_1708943438.xes,0.6,na,"['sudden', 'sudden']",2,2,2,0,sudden,"[1878, 3511]","[3485, 1873]",5270,0.1,527,2,0,2
14630,log_3643_1708943438.xes,0.6,na,"['sudden', 'sudden']",2,2,2,0,gradual_start,[],[],5270,0.1,527,0,0,0
14631,log_3643_1708943438.xes,0.6,na,"['sudden', 'sudden']",2,2,2,0,gradual_end,[],[],5270,0.1,527,0,0,0
14632,log_3333_1708943428.xes,0.3,na,[],0,0,0,0,no_drift,[0],[0],3966,0.1,396,1,0,1
14633,log_3333_1708943428.xes,0.3,na,[],0,0,0,0,sudden,[],[],3966,0.1,396,0,0,0
14634,log_3333_1708943428.xes,0.3,na,[],0,0,0,0,gradual_start,[],[],3966,0.1,396,0,0,0
14635,log_3333_1708943428.xes,0.3,na,[],0,0,0,0,gradual_end,[],[],3966,0.1,396,0,0,0
14636,log_2964_1708943417.xes,0.6,na,"['gradual', 'gradual', 'gradual']",3,6,0,3,no_drift,[],[],7808,0.1,780,0,0,0
14637,log_2964_1708943417.xes,0.6,na,"['gradual', 'gradual', 'gradual']",3,6,0,3,sudden,[],[],7808,0.1,780,0,0,0
14638,log_2964_1708943417.xes,0.6,na,"['gradual', 'gradual', 'gradual']",3,6,0,3,gradual_start,"[1904, 3700, 5892]","[1834, 5890, 3706]",7808,0.1,780,3,0,3
14639,log_2964_1708943417.xes,0.6,na,"['gradual', 'gradual', 'gradual']",3,6,0,3,gradual_end,"[2209, 4197, 6390]","[2185, 6319, 4135]",7808,0.1,780,3,0,3
14640,log_3450_1708943437.xes,0.3,na,"['sudden', 'gradual', 'gradual']",3,5,1,2,no_drift,[],[],6098,0.1,609,0,0,0
14641,log_3450_1708943437.xes,0.3,na,"['sudden', 'gradual', 'gradual']",3,5,1,2,sudden,[1436],[1411],6098,0.1,609,1,0,1
14642,log_3450_1708943437.xes,0.3,na,"['sudden', 'gradual', 'gradual']",3,5,1,2,gradual_start,"[2725, 4275]",[],6098,0.1,609,0,0,2
14643,log_3450_1708943437.xes,0.3,na,"['sudden', 'gradual', 'gradual']",3,5,1,2,gradual_end,"[3086, 4636]",[],6098,0.1,609,0,0,2
14644,log_3221_1708943438.xes,0.0,na,[],0,0,0,0,no_drift,[0],[0],1870,0.1,187,1,0,1
14645,log_3221_1708943438.xes,0.0,na,[],0,0,0,0,sudden,[],[],1870,0.1,187,0,0,0
14646,log_3221_1708943438.xes,0.0,na,[],0,0,0,0,gradual_start,[],[],1870,0.1,187,0,0,0
14647,log_3221_1708943438.xes,0.0,na,[],0,0,0,0,gradual_end,[],[],1870,0.1,187,0,0,0
14648,log_3532_1708943441.xes,0.0,na,"['sudden', 'gradual', 'gradual']",3,5,1,2,no_drift,[],[],7032,0.1,703,0,0,0
14649,log_3532_1708943441.xes,0.0,na,"['sudden', 'gradual', 'gradual']",3,5,1,2,sudden,[1802],[1786],7032,0.1,703,1,0,1
14650,log_3532_1708943441.xes,0.0,na,"['sudden', 'gradual', 'gradual']",3,5,1,2,gradual_start,"[3201, 4752]",[3151],7032,0.1,703,1,0,2
14651,log_3532_1708943441.xes,0.0,na,"['sudden', 'gradual', 'gradual']",3,5,1,2,gradual_end,"[3639, 5155]",[3606],7032,0.1,703,1,0,2
14652,log_3711_1708943443.xes,0.0,na,['sudden'],1,1,1,0,no_drift,[],[],2999,0.1,299,0,0,0
14653,log_3711_1708943443.xes,0.0,na,['sudden'],1,1,1,0,sudden,[1202],[1191],2999,0.1,299,1,0,1
14654,log_3711_1708943443.xes,0.0,na,['sudden'],1,1,1,0,gradual_start,[],[],2999,0.1,299,0,0,0
14655,log_3711_1708943443.xes,0.0,na,['sudden'],1,1,1,0,gradual_end,[],[],2999,0.1,299,0,0,0
14656,log_3220_1708943426.xes,0.6,na,['gradual'],1,2,0,1,no_drift,[],[],3462,0.1,346,0,0,0
14657,log_3220_1708943426.xes,0.6,na,['gradual'],1,2,0,1,sudden,[],[],3462,0.1,346,0,0,0
14658,log_3220_1708943426.xes,0.6,na,['gradual'],1,2,0,1,gradual_start,[1809],[1820],3462,0.1,346,1,0,1
14659,log_3220_1708943426.xes,0.6,na,['gradual'],1,2,0,1,gradual_end,[2309],[2296],3462,0.1,346,1,0,1
14660,log_3418_1708943440.xes,0.0,na,[],0,0,0,0,no_drift,[0],[0],3008,0.1,300,1,0,1
14661,log_3418_1708943440.xes,0.0,na,[],0,0,0,0,sudden,[],[],3008,0.1,300,0,0,0
14662,log_3418_1708943440.xes,0.0,na,[],0,0,0,0,gradual_start,[],[],3008,0.1,300,0,0,0
14663,log_3418_1708943440.xes,0.0,na,[],0,0,0,0,gradual_end,[],[],3008,0.1,300,0,0,0
14664,log_3267_1708943443.xes,0.3,na,['gradual'],1,2,0,1,no_drift,[],[],3401,0.1,340,0,0,0
14665,log_3267_1708943443.xes,0.3,na,['gradual'],1,2,0,1,sudden,[],[],3401,0.1,340,0,0,0
14666,log_3267_1708943443.xes,0.3,na,['gradual'],1,2,0,1,gradual_start,[1534],[1514],3401,0.1,340,1,0,1
14667,log_3267_1708943443.xes,0.3,na,['gradual'],1,2,0,1,gradual_end,[1913],[1905],3401,0.1,340,1,0,1
14668,log_3419_1708943444.xes,0.0,na,['gradual'],1,2,0,1,no_drift,[],[],3577,0.1,357,0,0,0
14669,log_3419_1708943444.xes,0.0,na,['gradual'],1,2,0,1,sudden,[],[],3577,0.1,357,0,0,0
14670,log_3419_1708943444.xes,0.0,na,['gradual'],1,2,0,1,gradual_start,[1223],[1225],3577,0.1,357,1,0,1
14671,log_3419_1708943444.xes,0.0,na,['gradual'],1,2,0,1,gradual_end,[1777],[1752],3577,0.1,357,1,0,1
14672,log_3452_1708943444.xes,0.0,na,['gradual'],1,2,0,1,no_drift,[],[],3787,0.1,378,0,0,0
14673,log_3452_1708943444.xes,0.0,na,['gradual'],1,2,0,1,sudden,[],[],3787,0.1,378,0,0,0
14674,log_3452_1708943444.xes,0.0,na,['gradual'],1,2,0,1,gradual_start,[1332],[1297],3787,0.1,378,1,0,1
14675,log_3452_1708943444.xes,0.0,na,['gradual'],1,2,0,1,gradual_end,[1916],[1909],3787,0.1,378,1,0,1
14676,log_3222_1708943441.xes,0.0,na,['sudden'],1,1,1,0,no_drift,[],[],3482,0.1,348,0,0,0
14677,log_3222_1708943441.xes,0.0,na,['sudden'],1,1,1,0,sudden,[1930],[1905],3482,0.1,348,1,0,1
14678,log_3222_1708943441.xes,0.0,na,['sudden'],1,1,1,0,gradual_start,[],[],3482,0.1,348,0,0,0
14679,log_3222_1708943441.xes,0.0,na,['sudden'],1,1,1,0,gradual_end,[],[],3482,0.1,348,0,0,0
14680,log_3298_1708943419.xes,0.3,na,"['sudden', 'gradual', 'gradual']",3,5,1,2,no_drift,[],[],6670,0.1,667,0,0,0
14681,log_3298_1708943419.xes,0.3,na,"['sudden', 'gradual', 'gradual']",3,5,1,2,sudden,[1135],[1123],6670,0.1,667,1,0,1
14682,log_3298_1708943419.xes,0.3,na,"['sudden', 'gradual', 'gradual']",3,5,1,2,gradual_start,"[2725, 4810]","[2707, 4786]",6670,0.1,667,2,0,2
14683,log_3298_1708943419.xes,0.3,na,"['sudden', 'gradual', 'gradual']",3,5,1,2,gradual_end,"[3133, 5188]","[3136, 5149]",6670,0.1,667,2,0,2
14684,log_3382_1708943446.xes,0.0,na,['sudden'],1,1,1,0,no_drift,[],[],3215,0.1,321,0,0,0
14685,log_3382_1708943446.xes,0.0,na,['sudden'],1,1,1,0,sudden,[1659],[1649],3215,0.1,321,1,0,1
14686,log_3382_1708943446.xes,0.0,na,['sudden'],1,1,1,0,gradual_start,[],[],3215,0.1,321,0,0,0
14687,log_3382_1708943446.xes,0.0,na,['sudden'],1,1,1,0,gradual_end,[],[],3215,0.1,321,0,0,0
14688,log_3451_1708943442.xes,0.0,na,[],0,0,0,0,no_drift,[0],[0],3216,0.1,321,1,0,1
14689,log_3451_1708943442.xes,0.0,na,[],0,0,0,0,sudden,[],[],3216,0.1,321,0,0,0
14690,log_3451_1708943442.xes,0.0,na,[],0,0,0,0,gradual_start,[],[],3216,0.1,321,0,0,0
14691,log_3451_1708943442.xes,0.0,na,[],0,0,0,0,gradual_end,[],[],3216,0.1,321,0,0,0
14692,log_3300_1708943445.xes,0.6,na,[],0,0,0,0,no_drift,[0],[0],1480,0.1,148,1,0,1
14693,log_3300_1708943445.xes,0.6,na,[],0,0,0,0,sudden,[],[],1480,0.1,148,0,0,0
14694,log_3300_1708943445.xes,0.6,na,[],0,0,0,0,gradual_start,[],[],1480,0.1,148,0,0,0
14695,log_3300_1708943445.xes,0.6,na,[],0,0,0,0,gradual_end,[],[],1480,0.1,148,0,0,0
14696,log_3069_1708943441.xes,0.0,na,"['gradual', 'sudden']",2,3,1,1,no_drift,[],[],4742,0.1,474,0,0,0
14697,log_3069_1708943441.xes,0.0,na,"['gradual', 'sudden']",2,3,1,1,sudden,[3494],[3451],4742,0.1,474,1,0,1
14698,log_3069_1708943441.xes,0.0,na,"['gradual', 'sudden']",2,3,1,1,gradual_start,[1377],[1358],4742,0.1,474,1,0,1
14699,log_3069_1708943441.xes,0.0,na,"['gradual', 'sudden']",2,3,1,1,gradual_end,[1765],[1749],4742,0.1,474,1,0,1
14700,log_3563_1708943439.xes,0.0,na,"['gradual', 'sudden', 'gradual']",3,5,1,2,no_drift,[],[],6548,0.1,654,0,0,0
14701,log_3563_1708943439.xes,0.0,na,"['gradual', 'sudden', 'gradual']",3,5,1,2,sudden,[2982],[2945],6548,0.1,654,1,0,1
14702,log_3563_1708943439.xes,0.0,na,"['gradual', 'sudden', 'gradual']",3,5,1,2,gradual_start,"[1021, 4723]","[4737, 993]",6548,0.1,654,2,0,2
14703,log_3563_1708943439.xes,0.0,na,"['gradual', 'sudden', 'gradual']",3,5,1,2,gradual_end,"[1365, 5079]","[5089, 1345]",6548,0.1,654,2,0,2
14704,log_3224_1708943447.xes,0.6,na,['sudden'],1,1,1,0,no_drift,[],[],2752,0.1,275,0,0,0
14705,log_3224_1708943447.xes,0.6,na,['sudden'],1,1,1,0,sudden,[1556],[1535],2752,0.1,275,1,0,1
14706,log_3224_1708943447.xes,0.6,na,['sudden'],1,1,1,0,gradual_start,[],[],2752,0.1,275,0,0,0
14707,log_3224_1708943447.xes,0.6,na,['sudden'],1,1,1,0,gradual_end,[],[],2752,0.1,275,0,0,0
14708,log_3070_1708943443.xes,0.3,na,[],0,0,0,0,no_drift,[0],[0],5928,0.1,592,1,0,1
14709,log_3070_1708943443.xes,0.3,na,[],0,0,0,0,sudden,[],[],5928,0.1,592,0,0,0
14710,log_3070_1708943443.xes,0.3,na,[],0,0,0,0,gradual_start,[],[],5928,0.1,592,0,0,0
14711,log_3070_1708943443.xes,0.3,na,[],0,0,0,0,gradual_end,[],[],5928,0.1,592,0,0,0
14712,log_3453_1708943445.xes,0.0,na,[],0,0,0,0,no_drift,[0],[0],1507,0.1,150,1,0,1
14713,log_3453_1708943445.xes,0.0,na,[],0,0,0,0,sudden,[],[],1507,0.1,150,0,0,0
14714,log_3453_1708943445.xes,0.0,na,[],0,0,0,0,gradual_start,[],[],1507,0.1,150,0,0,0
14715,log_3453_1708943445.xes,0.0,na,[],0,0,0,0,gradual_end,[],[],1507,0.1,150,0,0,0
14716,log_3381_1708943442.xes,0.0,na,"['gradual', 'sudden', 'gradual']",3,5,1,2,no_drift,[],[],6193,0.1,619,0,0,0
14717,log_3381_1708943442.xes,0.0,na,"['gradual', 'sudden', 'gradual']",3,5,1,2,sudden,[3136],[3121],6193,0.1,619,1,0,1
14718,log_3381_1708943442.xes,0.0,na,"['gradual', 'sudden', 'gradual']",3,5,1,2,gradual_start,"[1695, 4701]",[4681],6193,0.1,619,1,0,2
14719,log_3381_1708943442.xes,0.0,na,"['gradual', 'sudden', 'gradual']",3,5,1,2,gradual_end,"[2020, 5086]",[5071],6193,0.1,619,1,0,2
14720,log_3564_1708943444.xes,0.3,na,[],0,0,0,0,no_drift,[0],[0],2800,0.1,280,1,0,1
14721,log_3564_1708943444.xes,0.3,na,[],0,0,0,0,sudden,[],[],2800,0.1,280,0,0,0
14722,log_3564_1708943444.xes,0.3,na,[],0,0,0,0,gradual_start,[],[],2800,0.1,280,0,0,0
14723,log_3564_1708943444.xes,0.3,na,[],0,0,0,0,gradual_end,[],[],2800,0.1,280,0,0,0
14724,log_3301_1708943446.xes,0.6,na,"['gradual', 'gradual', 'sudden']",3,5,1,2,no_drift,[],[],6702,0.1,670,0,0,0
14725,log_3301_1708943446.xes,0.6,na,"['gradual', 'gradual', 'sudden']",3,5,1,2,sudden,[4714],[4687],6702,0.1,670,1,0,1
14726,log_3301_1708943446.xes,0.6,na,"['gradual', 'gradual', 'sudden']",3,5,1,2,gradual_start,"[1549, 3180]","[3202, 1552]",6702,0.1,670,2,0,2
14727,log_3301_1708943446.xes,0.6,na,"['gradual', 'gradual', 'sudden']",3,5,1,2,gradual_end,"[2012, 3533]","[3532, 1981]",6702,0.1,670,2,0,2
14728,log_3186_1708943433.xes,0.3,na,"['gradual', 'gradual']",2,4,0,2,no_drift,[],[],5059,0.1,505,0,0,0
14729,log_3186_1708943433.xes,0.3,na,"['gradual', 'gradual']",2,4,0,2,sudden,[],[],5059,0.1,505,0,0,0
14730,log_3186_1708943433.xes,0.3,na,"['gradual', 'gradual']",2,4,0,2,gradual_start,"[1330, 3345]","[3326, 1326]",5059,0.1,505,2,0,2
14731,log_3186_1708943433.xes,0.3,na,"['gradual', 'gradual']",2,4,0,2,gradual_end,"[1658, 3924]","[3901, 1626]",5059,0.1,505,2,0,2
14732,log_3223_1708943443.xes,0.6,na,"['sudden', 'sudden', 'sudden']",3,3,3,0,no_drift,[],[],6630,0.1,663,0,0,0
14733,log_3223_1708943443.xes,0.6,na,"['sudden', 'sudden', 'sudden']",3,3,3,0,sudden,"[1568, 2733, 4648]","[4621, 2707, 1552]",6630,0.1,663,3,0,3
14734,log_3223_1708943443.xes,0.6,na,"['sudden', 'sudden', 'sudden']",3,3,3,0,gradual_start,[],[],6630,0.1,663,0,0,0
14735,log_3223_1708943443.xes,0.6,na,"['sudden', 'sudden', 'sudden']",3,3,3,0,gradual_end,[],[],6630,0.1,663,0,0,0
14736,log_3268_1708943446.xes,0.6,na,"['gradual', 'gradual']",2,4,0,2,no_drift,[],[0],6453,0.1,645,0,1,0
14737,log_3268_1708943446.xes,0.6,na,"['gradual', 'gradual']",2,4,0,2,sudden,[],[],6453,0.1,645,0,0,0
14738,log_3268_1708943446.xes,0.6,na,"['gradual', 'gradual']",2,4,0,2,gradual_start,"[1984, 4206]",[],6453,0.1,645,0,0,2
14739,log_3268_1708943446.xes,0.6,na,"['gradual', 'gradual']",2,4,0,2,gradual_end,"[2472, 4538]",[],6453,0.1,645,0,0,2
14740,log_3299_1708943439.xes,0.0,na,"['sudden', 'gradual', 'sudden']",3,4,2,1,no_drift,[],[],5907,0.1,590,0,0,0
14741,log_3299_1708943439.xes,0.0,na,"['sudden', 'gradual', 'sudden']",3,4,2,1,sudden,"[1162, 4537]","[1132, 4496]",5907,0.1,590,2,0,2
14742,log_3299_1708943439.xes,0.0,na,"['sudden', 'gradual', 'sudden']",3,4,2,1,gradual_start,[2501],[],5907,0.1,590,0,0,1
14743,log_3299_1708943439.xes,0.0,na,"['sudden', 'gradual', 'sudden']",3,4,2,1,gradual_end,[2893],[],5907,0.1,590,0,0,1
14744,log_3565_1708943447.xes,0.3,na,"['sudden', 'sudden']",2,2,2,0,no_drift,[],[],3968,0.1,396,0,0,0
14745,log_3565_1708943447.xes,0.3,na,"['sudden', 'sudden']",2,2,2,0,sudden,"[1515, 2966]",[1502],3968,0.1,396,1,0,2
14746,log_3565_1708943447.xes,0.3,na,"['sudden', 'sudden']",2,2,2,0,gradual_start,[],[],3968,0.1,396,0,0,0
14747,log_3565_1708943447.xes,0.3,na,"['sudden', 'sudden']",2,2,2,0,gradual_end,[],[],3968,0.1,396,0,0,0
14748,log_3645_1708943442.xes,0.0,na,"['gradual', 'sudden', 'sudden']",3,4,2,1,no_drift,[],[],7257,0.1,725,0,0,0
14749,log_3645_1708943442.xes,0.0,na,"['gradual', 'sudden', 'sudden']",3,4,2,1,sudden,"[3842, 5831]","[5797, 3817]",7257,0.1,725,2,0,2
14750,log_3645_1708943442.xes,0.0,na,"['gradual', 'sudden', 'sudden']",3,4,2,1,gradual_start,[1410],[1405],7257,0.1,725,1,0,1
14751,log_3645_1708943442.xes,0.0,na,"['gradual', 'sudden', 'sudden']",3,4,2,1,gradual_end,[1955],[1945],7257,0.1,725,1,0,1
14752,log_3225_1708943448.xes,0.0,na,"['sudden', 'sudden']",2,2,2,0,no_drift,[],[],4366,0.1,436,0,0,0
14753,log_3225_1708943448.xes,0.0,na,"['sudden', 'sudden']",2,2,2,0,sudden,"[1590, 2891]",[1555],4366,0.1,436,1,0,2
14754,log_3225_1708943448.xes,0.0,na,"['sudden', 'sudden']",2,2,2,0,gradual_start,[],[],4366,0.1,436,0,0,0
14755,log_3225_1708943448.xes,0.0,na,"['sudden', 'sudden']",2,2,2,0,gradual_end,[],[],4366,0.1,436,0,0,0
14756,log_3646_1708943448.xes,0.3,na,"['sudden', 'sudden', 'gradual']",3,4,2,1,no_drift,[],[],6242,0.1,624,0,0,0
14757,log_3646_1708943448.xes,0.3,na,"['sudden', 'sudden', 'gradual']",3,4,2,1,sudden,"[1207, 2955]","[2946, 1179]",6242,0.1,624,2,0,2
14758,log_3646_1708943448.xes,0.3,na,"['sudden', 'sudden', 'gradual']",3,4,2,1,gradual_start,[4355],[],6242,0.1,624,0,0,1
14759,log_3646_1708943448.xes,0.3,na,"['sudden', 'sudden', 'gradual']",3,4,2,1,gradual_end,[4656],[],6242,0.1,624,0,0,1
14760,log_3420_1708943445.xes,0.6,na,"['sudden', 'sudden']",2,2,2,0,no_drift,[],[],4619,0.1,461,0,0,0
14761,log_3420_1708943445.xes,0.6,na,"['sudden', 'sudden']",2,2,2,0,sudden,"[1020, 2737]",[2715],4619,0.1,461,1,0,2
14762,log_3420_1708943445.xes,0.6,na,"['sudden', 'sudden']",2,2,2,0,gradual_start,[],[],4619,0.1,461,0,0,0
14763,log_3420_1708943445.xes,0.6,na,"['sudden', 'sudden']",2,2,2,0,gradual_end,[],[],4619,0.1,461,0,0,0
14764,log_3598_1708943435.xes,0.0,na,"['sudden', 'gradual']",2,3,1,1,no_drift,[],[],5071,0.1,507,0,0,0
14765,log_3598_1708943435.xes,0.0,na,"['sudden', 'gradual']",2,3,1,1,sudden,[1940],[1901],5071,0.1,507,1,0,1
14766,log_3598_1708943435.xes,0.0,na,"['sudden', 'gradual']",2,3,1,1,gradual_start,[3308],[3301],5071,0.1,507,1,0,1
14767,log_3598_1708943435.xes,0.0,na,"['sudden', 'gradual']",2,3,1,1,gradual_end,[3747],[3776],5071,0.1,507,1,0,1
14768,log_3454_1708943446.xes,0.0,na,"['gradual', 'gradual']",2,4,0,2,no_drift,[],[],6214,0.1,621,0,0,0
14769,log_3454_1708943446.xes,0.0,na,"['gradual', 'gradual']",2,4,0,2,sudden,[],[],6214,0.1,621,0,0,0
14770,log_3454_1708943446.xes,0.0,na,"['gradual', 'gradual']",2,4,0,2,gradual_start,"[1916, 4304]",[4279],6214,0.1,621,1,0,2
14771,log_3454_1708943446.xes,0.0,na,"['gradual', 'gradual']",2,4,0,2,gradual_end,"[2316, 4717]",[4713],6214,0.1,621,1,0,2
14772,log_3187_1708943443.xes,0.6,na,"['sudden', 'gradual', 'sudden']",3,4,2,1,no_drift,[],[],7539,0.1,753,0,0,0
14773,log_3187_1708943443.xes,0.6,na,"['sudden', 'gradual', 'sudden']",3,4,2,1,sudden,"[1619, 5768]","[1592, 5699]",7539,0.1,753,2,0,2
14774,log_3187_1708943443.xes,0.6,na,"['sudden', 'gradual', 'sudden']",3,4,2,1,gradual_start,[3423],[3405],7539,0.1,753,1,0,1
14775,log_3187_1708943443.xes,0.6,na,"['sudden', 'gradual', 'sudden']",3,4,2,1,gradual_end,[3830],[3812],7539,0.1,753,1,0,1
14776,log_3713_1708943449.xes,0.0,na,['sudden'],1,1,1,0,no_drift,[],[],3382,0.1,338,0,0,0
14777,log_3713_1708943449.xes,0.0,na,['sudden'],1,1,1,0,sudden,[1408],[1393],3382,0.1,338,1,0,1
14778,log_3713_1708943449.xes,0.0,na,['sudden'],1,1,1,0,gradual_start,[],[],3382,0.1,338,0,0,0
14779,log_3713_1708943449.xes,0.0,na,['sudden'],1,1,1,0,gradual_end,[],[],3382,0.1,338,0,0,0
14780,log_3302_1708943449.xes,0.0,na,"['gradual', 'gradual', 'gradual']",3,6,0,3,no_drift,[],[],7551,0.1,755,0,0,0
14781,log_3302_1708943449.xes,0.0,na,"['gradual', 'gradual', 'gradual']",3,6,0,3,sudden,[],[],7551,0.1,755,0,0,0
14782,log_3302_1708943449.xes,0.0,na,"['gradual', 'gradual', 'gradual']",3,6,0,3,gradual_start,"[1586, 3496, 5161]","[3479, 5144]",7551,0.1,755,2,0,3
14783,log_3302_1708943449.xes,0.0,na,"['gradual', 'gradual', 'gradual']",3,6,0,3,gradual_end,"[2095, 4087, 5593]","[4034, 5551]",7551,0.1,755,2,0,3
14784,log_3647_1708943450.xes,0.6,na,['sudden'],1,1,1,0,no_drift,[],[0],2970,0.1,297,0,1,0
14785,log_3647_1708943450.xes,0.6,na,['sudden'],1,1,1,0,sudden,[1438],[],2970,0.1,297,0,0,1
14786,log_3647_1708943450.xes,0.6,na,['sudden'],1,1,1,0,gradual_start,[],[],2970,0.1,297,0,0,0
14787,log_3647_1708943450.xes,0.6,na,['sudden'],1,1,1,0,gradual_end,[],[],2970,0.1,297,0,0,0
14788,log_3072_1708943451.xes,0.3,na,[],0,0,0,0,no_drift,[0],[0],1501,0.1,150,1,0,1
14789,log_3072_1708943451.xes,0.3,na,[],0,0,0,0,sudden,[],[],1501,0.1,150,0,0,0
14790,log_3072_1708943451.xes,0.3,na,[],0,0,0,0,gradual_start,[],[],1501,0.1,150,0,0,0
14791,log_3072_1708943451.xes,0.3,na,[],0,0,0,0,gradual_end,[],[],1501,0.1,150,0,0,0
14792,log_3455_1708943449.xes,0.6,na,['gradual'],1,2,0,1,no_drift,[],[],3090,0.1,309,0,0,0
14793,log_3455_1708943449.xes,0.6,na,['gradual'],1,2,0,1,sudden,[],[],3090,0.1,309,0,0,0
14794,log_3455_1708943449.xes,0.6,na,['gradual'],1,2,0,1,gradual_start,[1203],[1216],3090,0.1,309,1,0,1
14795,log_3455_1708943449.xes,0.6,na,['gradual'],1,2,0,1,gradual_end,[1635],[1606],3090,0.1,309,1,0,1
14796,log_3071_1708943448.xes,0.0,na,"['gradual', 'sudden', 'gradual']",3,5,1,2,no_drift,[],[],5930,0.1,593,0,0,0
14797,log_3071_1708943448.xes,0.0,na,"['gradual', 'sudden', 'gradual']",3,5,1,2,sudden,[2789],[2785],5930,0.1,593,1,0,1
14798,log_3071_1708943448.xes,0.0,na,"['gradual', 'sudden', 'gradual']",3,5,1,2,gradual_start,"[1119, 3965]",[3974],5930,0.1,593,1,0,2
14799,log_3071_1708943448.xes,0.0,na,"['gradual', 'sudden', 'gradual']",3,5,1,2,gradual_end,"[1481, 4318]",[4293],5930,0.1,593,1,0,2
14800,log_3712_1708943444.xes,0.0,na,['gradual'],1,2,0,1,no_drift,[],[],4181,0.1,418,0,0,0
14801,log_3712_1708943444.xes,0.0,na,['gradual'],1,2,0,1,sudden,[],[],4181,0.1,418,0,0,0
14802,log_3712_1708943444.xes,0.0,na,['gradual'],1,2,0,1,gradual_start,[1992],[1941],4181,0.1,418,1,0,1
14803,log_3712_1708943444.xes,0.0,na,['gradual'],1,2,0,1,gradual_end,[2432],[2361],4181,0.1,418,1,0,1
14804,log_3676_1708943450.xes,0.0,na,"['gradual', 'gradual']",2,4,0,2,no_drift,[],[],5474,0.1,547,0,0,0
14805,log_3676_1708943450.xes,0.0,na,"['gradual', 'gradual']",2,4,0,2,sudden,[],[],5474,0.1,547,0,0,0
14806,log_3676_1708943450.xes,0.0,na,"['gradual', 'gradual']",2,4,0,2,gradual_start,"[1198, 3154]","[3133, 1243]",5474,0.1,547,2,0,2
14807,log_3676_1708943450.xes,0.0,na,"['gradual', 'gradual']",2,4,0,2,gradual_end,"[1589, 3720]","[3700, 1594]",5474,0.1,547,2,0,2
14808,log_3456_1708943452.xes,0.3,na,[],0,0,0,0,no_drift,[0],[0],5256,0.1,525,1,0,1
14809,log_3456_1708943452.xes,0.3,na,[],0,0,0,0,sudden,[],[],5256,0.1,525,0,0,0
14810,log_3456_1708943452.xes,0.3,na,[],0,0,0,0,gradual_start,[],[],5256,0.1,525,0,0,0
14811,log_3456_1708943452.xes,0.3,na,[],0,0,0,0,gradual_end,[],[],5256,0.1,525,0,0,0
14812,log_3534_1708943451.xes,0.3,na,"['sudden', 'gradual']",2,3,1,1,no_drift,[],[],4149,0.1,414,0,0,0
14813,log_3534_1708943451.xes,0.3,na,"['sudden', 'gradual']",2,3,1,1,sudden,[1079],[1061],4149,0.1,414,1,0,1
14814,log_3534_1708943451.xes,0.3,na,"['sudden', 'gradual']",2,3,1,1,gradual_start,[2692],[],4149,0.1,414,0,0,1
14815,log_3534_1708943451.xes,0.3,na,"['sudden', 'gradual']",2,3,1,1,gradual_end,[3066],[],4149,0.1,414,0,0,1
14816,log_3714_1708943453.xes,0.0,na,[],0,0,0,0,no_drift,[0],[0],3166,0.1,316,1,0,1
14817,log_3714_1708943453.xes,0.0,na,[],0,0,0,0,sudden,[],[],3166,0.1,316,0,0,0
14818,log_3714_1708943453.xes,0.0,na,[],0,0,0,0,gradual_start,[],[],3166,0.1,316,0,0,0
14819,log_3714_1708943453.xes,0.0,na,[],0,0,0,0,gradual_end,[],[],3166,0.1,316,0,0,0
14820,log_3336_1708943453.xes,0.0,na,['gradual'],1,2,0,1,no_drift,[],[],3689,0.1,368,0,0,0
14821,log_3336_1708943453.xes,0.0,na,['gradual'],1,2,0,1,sudden,[],[],3689,0.1,368,0,0,0
14822,log_3336_1708943453.xes,0.0,na,['gradual'],1,2,0,1,gradual_start,[1439],[1405],3689,0.1,368,1,0,1
14823,log_3336_1708943453.xes,0.0,na,['gradual'],1,2,0,1,gradual_end,[2012],[1999],3689,0.1,368,1,0,1
14824,log_3189_1708943456.xes,0.0,na,[],0,0,0,0,no_drift,[0],[0],5940,0.1,594,1,0,1
14825,log_3189_1708943456.xes,0.0,na,[],0,0,0,0,sudden,[],[],5940,0.1,594,0,0,0
14826,log_3189_1708943456.xes,0.0,na,[],0,0,0,0,gradual_start,[],[],5940,0.1,594,0,0,0
14827,log_3189_1708943456.xes,0.0,na,[],0,0,0,0,gradual_end,[],[],5940,0.1,594,0,0,0
14828,log_3073_1708943453.xes,0.0,na,"['sudden', 'gradual']",2,3,1,1,no_drift,[],[],5027,0.1,502,0,0,0
14829,log_3073_1708943453.xes,0.0,na,"['sudden', 'gradual']",2,3,1,1,sudden,[1887],[1851],5027,0.1,502,1,0,1
14830,log_3073_1708943453.xes,0.0,na,"['sudden', 'gradual']",2,3,1,1,gradual_start,[2926],[],5027,0.1,502,0,0,1
14831,log_3073_1708943453.xes,0.0,na,"['sudden', 'gradual']",2,3,1,1,gradual_end,[3344],[],5027,0.1,502,0,0,1
14832,log_3677_1708943452.xes,0.3,na,[],0,0,0,0,no_drift,[0],[0],5109,0.1,510,1,0,1
14833,log_3677_1708943452.xes,0.3,na,[],0,0,0,0,sudden,[],[],5109,0.1,510,0,0,0
14834,log_3677_1708943452.xes,0.3,na,[],0,0,0,0,gradual_start,[],[],5109,0.1,510,0,0,0
14835,log_3677_1708943452.xes,0.3,na,[],0,0,0,0,gradual_end,[],[],5109,0.1,510,0,0,0
14836,log_3489_1708943455.xes,0.6,na,['gradual'],1,2,0,1,no_drift,[],[],3357,0.1,335,0,0,0
14837,log_3489_1708943455.xes,0.6,na,['gradual'],1,2,0,1,sudden,[],[],3357,0.1,335,0,0,0
14838,log_3489_1708943455.xes,0.6,na,['gradual'],1,2,0,1,gradual_start,[1413],[1441],3357,0.1,335,1,0,1
14839,log_3489_1708943455.xes,0.6,na,['gradual'],1,2,0,1,gradual_end,[1868],[1841],3357,0.1,335,1,0,1
14840,log_3678_1708943455.xes,0.3,na,['gradual'],1,2,0,1,no_drift,[],[],4422,0.1,442,0,0,0
14841,log_3678_1708943455.xes,0.3,na,['gradual'],1,2,0,1,sudden,[],[],4422,0.1,442,0,0,0
14842,log_3678_1708943455.xes,0.3,na,['gradual'],1,2,0,1,gradual_start,[1887],[1827],4422,0.1,442,1,0,1
14843,log_3678_1708943455.xes,0.3,na,['gradual'],1,2,0,1,gradual_end,[2440],[2421],4422,0.1,442,1,0,1
14844,log_3648_1708943452.xes,0.3,na,[],0,0,0,0,no_drift,[0],[0],4239,0.1,423,1,0,1
14845,log_3648_1708943452.xes,0.3,na,[],0,0,0,0,sudden,[],[],4239,0.1,423,0,0,0
14846,log_3648_1708943452.xes,0.3,na,[],0,0,0,0,gradual_start,[],[],4239,0.1,423,0,0,0
14847,log_3648_1708943452.xes,0.3,na,[],0,0,0,0,gradual_end,[],[],4239,0.1,423,0,0,0
14848,log_3675_1708943440.xes,0.0,na,"['sudden', 'sudden', 'sudden']",3,3,3,0,no_drift,[],[],6201,0.1,620,0,0,0
14849,log_3675_1708943440.xes,0.0,na,"['sudden', 'sudden', 'sudden']",3,3,3,0,sudden,"[1046, 2697, 4418]","[4403, 1024]",6201,0.1,620,2,0,3
14850,log_3675_1708943440.xes,0.0,na,"['sudden', 'sudden', 'sudden']",3,3,3,0,gradual_start,[],[],6201,0.1,620,0,0,0
14851,log_3675_1708943440.xes,0.0,na,"['sudden', 'sudden', 'sudden']",3,3,3,0,gradual_end,[],[],6201,0.1,620,0,0,0
14852,log_3533_1708943443.xes,0.6,na,[],0,0,0,0,no_drift,[0],[0],5319,0.1,531,1,0,1
14853,log_3533_1708943443.xes,0.6,na,[],0,0,0,0,sudden,[],[],5319,0.1,531,0,0,0
14854,log_3533_1708943443.xes,0.6,na,[],0,0,0,0,gradual_start,[],[],5319,0.1,531,0,0,0
14855,log_3533_1708943443.xes,0.6,na,[],0,0,0,0,gradual_end,[],[],5319,0.1,531,0,0,0
14856,log_3228_1708943459.xes,0.0,na,['gradual'],1,2,0,1,no_drift,[],[],3014,0.1,301,0,0,0
14857,log_3228_1708943459.xes,0.0,na,['gradual'],1,2,0,1,sudden,[],[],3014,0.1,301,0,0,0
14858,log_3228_1708943459.xes,0.0,na,['gradual'],1,2,0,1,gradual_start,[1033],[1021],3014,0.1,301,1,0,1
14859,log_3228_1708943459.xes,0.0,na,['gradual'],1,2,0,1,gradual_end,[1372],[1366],3014,0.1,301,1,0,1
14860,log_3458_1708943457.xes,0.6,na,[],0,0,0,0,no_drift,[0],[0],4140,0.1,414,1,0,1
14861,log_3458_1708943457.xes,0.6,na,[],0,0,0,0,sudden,[],[],4140,0.1,414,0,0,0
14862,log_3458_1708943457.xes,0.6,na,[],0,0,0,0,gradual_start,[],[],4140,0.1,414,0,0,0
14863,log_3458_1708943457.xes,0.6,na,[],0,0,0,0,gradual_end,[],[],4140,0.1,414,0,0,0
14864,log_3457_1708943453.xes,0.6,na,"['sudden', 'sudden', 'sudden']",3,3,3,0,no_drift,[],[],6499,0.1,649,0,0,0
14865,log_3457_1708943453.xes,0.6,na,"['sudden', 'sudden', 'sudden']",3,3,3,0,sudden,"[1917, 3219, 4542]","[4513, 1889, 3201]",6499,0.1,649,3,0,3
14866,log_3457_1708943453.xes,0.6,na,"['sudden', 'sudden', 'sudden']",3,3,3,0,gradual_start,[],[],6499,0.1,649,0,0,0
14867,log_3457_1708943453.xes,0.6,na,"['sudden', 'sudden', 'sudden']",3,3,3,0,gradual_end,[],[],6499,0.1,649,0,0,0
14868,log_3227_1708943456.xes,0.3,na,"['gradual', 'gradual']",2,4,0,2,no_drift,[],[],5387,0.1,538,0,0,0
14869,log_3227_1708943456.xes,0.3,na,"['gradual', 'gradual']",2,4,0,2,sudden,[],[],5387,0.1,538,0,0,0
14870,log_3227_1708943456.xes,0.3,na,"['gradual', 'gradual']",2,4,0,2,gradual_start,"[1671, 3385]","[1639, 3381]",5387,0.1,538,2,0,2
14871,log_3227_1708943456.xes,0.3,na,"['gradual', 'gradual']",2,4,0,2,gradual_end,"[2240, 3843]","[2185, 3849]",5387,0.1,538,2,0,2
14872,log_3490_1708943457.xes,0.0,na,"['sudden', 'sudden']",2,2,2,0,no_drift,[],[],4322,0.1,432,0,0,0
14873,log_3490_1708943457.xes,0.0,na,"['sudden', 'sudden']",2,2,2,0,sudden,"[1892, 3073]","[1870, 3067]",4322,0.1,432,2,0,2
14874,log_3490_1708943457.xes,0.0,na,"['sudden', 'sudden']",2,2,2,0,gradual_start,[],[],4322,0.1,432,0,0,0
14875,log_3490_1708943457.xes,0.0,na,"['sudden', 'sudden']",2,2,2,0,gradual_end,[],[],4322,0.1,432,0,0,0
14876,log_3715_1708943454.xes,0.0,na,"['sudden', 'sudden', 'gradual']",3,4,2,1,no_drift,[],[],7503,0.1,750,0,0,0
14877,log_3715_1708943454.xes,0.0,na,"['sudden', 'sudden', 'gradual']",3,4,2,1,sudden,"[1442, 3436]","[3368, 1407]",7503,0.1,750,2,0,2
14878,log_3715_1708943454.xes,0.0,na,"['sudden', 'sudden', 'gradual']",3,4,2,1,gradual_start,[5022],[4996],7503,0.1,750,1,0,1
14879,log_3715_1708943454.xes,0.0,na,"['sudden', 'sudden', 'gradual']",3,4,2,1,gradual_end,[5592],[5551],7503,0.1,750,1,0,1
14880,log_3226_1708943451.xes,0.3,na,"['gradual', 'sudden']",2,3,1,1,no_drift,[],[],4918,0.1,491,0,0,0
14881,log_3226_1708943451.xes,0.3,na,"['gradual', 'sudden']",2,3,1,1,sudden,[3151],[],4918,0.1,491,0,0,1
14882,log_3226_1708943451.xes,0.3,na,"['gradual', 'sudden']",2,3,1,1,gradual_start,[1447],[1393],4918,0.1,491,1,0,1
14883,log_3226_1708943451.xes,0.3,na,"['gradual', 'sudden']",2,3,1,1,gradual_end,[1873],[1873],4918,0.1,491,1,0,1
14884,log_3566_1708943449.xes,0.0,na,"['sudden', 'sudden', 'gradual']",3,4,2,1,no_drift,[],[],7425,0.1,742,0,0,0
14885,log_3566_1708943449.xes,0.0,na,"['sudden', 'sudden', 'gradual']",3,4,2,1,sudden,"[1145, 2884]","[2850, 1111]",7425,0.1,742,2,0,2
14886,log_3566_1708943449.xes,0.0,na,"['sudden', 'sudden', 'gradual']",3,4,2,1,gradual_start,[4864],[4848],7425,0.1,742,1,0,1
14887,log_3566_1708943449.xes,0.0,na,"['sudden', 'sudden', 'gradual']",3,4,2,1,gradual_end,[5448],[5440],7425,0.1,742,1,0,1
14888,log_3337_1708943456.xes,0.0,na,['gradual'],1,2,0,1,no_drift,[],[],3570,0.1,357,0,0,0
14889,log_3337_1708943456.xes,0.0,na,['gradual'],1,2,0,1,sudden,[],[],3570,0.1,357,0,0,0
14890,log_3337_1708943456.xes,0.0,na,['gradual'],1,2,0,1,gradual_start,[1687],[1667],3570,0.1,357,1,0,1
14891,log_3337_1708943456.xes,0.0,na,['gradual'],1,2,0,1,gradual_end,[2058],[2092],3570,0.1,357,1,0,1
14892,log_3600_1708943456.xes,0.0,na,"['gradual', 'sudden']",2,3,1,1,no_drift,[],[],5210,0.1,521,0,0,0
14893,log_3600_1708943456.xes,0.0,na,"['gradual', 'sudden']",2,3,1,1,sudden,[3281],[3277],5210,0.1,521,1,0,1
14894,log_3600_1708943456.xes,0.0,na,"['gradual', 'sudden']",2,3,1,1,gradual_start,[1682],[],5210,0.1,521,0,0,1
14895,log_3600_1708943456.xes,0.0,na,"['gradual', 'sudden']",2,3,1,1,gradual_end,[1987],[],5210,0.1,521,0,0,1
14896,log_3601_1708943459.xes,0.0,na,"['gradual', 'sudden', 'gradual']",3,5,1,2,no_drift,[],[],7709,0.1,770,0,0,0
14897,log_3601_1708943459.xes,0.0,na,"['gradual', 'sudden', 'gradual']",3,5,1,2,sudden,[3983],[3953],7709,0.1,770,1,0,1
14898,log_3601_1708943459.xes,0.0,na,"['gradual', 'sudden', 'gradual']",3,5,1,2,gradual_start,"[1715, 5694]","[5701, 1673]",7709,0.1,770,2,0,2
14899,log_3601_1708943459.xes,0.0,na,"['gradual', 'sudden', 'gradual']",3,5,1,2,gradual_end,"[2269, 6065]","[6081, 2243]",7709,0.1,770,2,0,2
14900,log_3188_1708943450.xes,0.3,na,"['gradual', 'sudden', 'sudden']",3,4,2,1,no_drift,[],[],5963,0.1,596,0,0,0
14901,log_3188_1708943450.xes,0.3,na,"['gradual', 'sudden', 'sudden']",3,4,2,1,sudden,"[3793, 4942]","[4931, 3800]",5963,0.1,596,2,0,2
14902,log_3188_1708943450.xes,0.3,na,"['gradual', 'sudden', 'sudden']",3,4,2,1,gradual_start,[1990],[],5963,0.1,596,0,0,1
14903,log_3188_1708943450.xes,0.3,na,"['gradual', 'sudden', 'sudden']",3,4,2,1,gradual_end,[2435],[],5963,0.1,596,0,0,1
14904,log_3229_1708943460.xes,0.0,na,[],0,0,0,0,no_drift,[0],[0],1973,0.1,197,1,0,1
14905,log_3229_1708943460.xes,0.0,na,[],0,0,0,0,sudden,[],[],1973,0.1,197,0,0,0
14906,log_3229_1708943460.xes,0.0,na,[],0,0,0,0,gradual_start,[],[],1973,0.1,197,0,0,0
14907,log_3229_1708943460.xes,0.0,na,[],0,0,0,0,gradual_end,[],[],1973,0.1,197,0,0,0
14908,log_3567_1708943455.xes,0.3,na,['sudden'],1,1,1,0,no_drift,[],[],3404,0.1,340,0,0,0
14909,log_3567_1708943455.xes,0.3,na,['sudden'],1,1,1,0,sudden,[1477],[1463],3404,0.1,340,1,0,1
14910,log_3567_1708943455.xes,0.3,na,['sudden'],1,1,1,0,gradual_start,[],[],3404,0.1,340,0,0,0
14911,log_3567_1708943455.xes,0.3,na,['sudden'],1,1,1,0,gradual_end,[],[],3404,0.1,340,0,0,0
14912,log_3335_1708943440.xes,0.3,na,"['gradual', 'sudden', 'sudden']",3,4,2,1,no_drift,[],[],6600,0.1,660,0,0,0
14913,log_3335_1708943440.xes,0.3,na,"['gradual', 'sudden', 'sudden']",3,4,2,1,sudden,"[3947, 5435]","[3928, 5380]",6600,0.1,660,2,0,2
14914,log_3335_1708943440.xes,0.3,na,"['gradual', 'sudden', 'sudden']",3,4,2,1,gradual_start,[1819],[],6600,0.1,660,0,0,1
14915,log_3335_1708943440.xes,0.3,na,"['gradual', 'sudden', 'sudden']",3,4,2,1,gradual_end,[2158],[],6600,0.1,660,0,0,1
14916,log_3491_1708943458.xes,0.0,na,"['gradual', 'sudden', 'sudden']",3,4,2,1,no_drift,[],[],5908,0.1,590,0,0,0
14917,log_3491_1708943458.xes,0.0,na,"['gradual', 'sudden', 'sudden']",3,4,2,1,sudden,"[2945, 4317]",[4293],5908,0.1,590,1,0,2
14918,log_3491_1708943458.xes,0.0,na,"['gradual', 'sudden', 'sudden']",3,4,2,1,gradual_start,[1410],[],5908,0.1,590,0,0,1
14919,log_3491_1708943458.xes,0.0,na,"['gradual', 'sudden', 'sudden']",3,4,2,1,gradual_end,[1907],[],5908,0.1,590,0,0,1
14920,log_3679_1708943459.xes,0.3,na,"['sudden', 'sudden']",2,2,2,0,no_drift,[],[0],5397,0.1,539,0,1,0
14921,log_3679_1708943459.xes,0.3,na,"['sudden', 'sudden']",2,2,2,0,sudden,"[1854, 3425]",[],5397,0.1,539,0,0,2
14922,log_3679_1708943459.xes,0.3,na,"['sudden', 'sudden']",2,2,2,0,gradual_start,[],[],5397,0.1,539,0,0,0
14923,log_3679_1708943459.xes,0.3,na,"['sudden', 'sudden']",2,2,2,0,gradual_end,[],[],5397,0.1,539,0,0,0
14924,log_3338_1708943458.xes,0.0,na,"['sudden', 'sudden']",2,2,2,0,no_drift,[],[],4921,0.1,492,0,0,0
14925,log_3338_1708943458.xes,0.0,na,"['sudden', 'sudden']",2,2,2,0,sudden,"[1833, 3762]",[1801],4921,0.1,492,1,0,2
14926,log_3338_1708943458.xes,0.0,na,"['sudden', 'sudden']",2,2,2,0,gradual_start,[],[],4921,0.1,492,0,0,0
14927,log_3338_1708943458.xes,0.0,na,"['sudden', 'sudden']",2,2,2,0,gradual_end,[],[],4921,0.1,492,0,0,0
14928,log_3680_1708943461.xes,0.0,na,"['sudden', 'sudden', 'gradual']",3,4,2,1,no_drift,[],[],5950,0.1,595,0,0,0
14929,log_3680_1708943461.xes,0.0,na,"['sudden', 'sudden', 'gradual']",3,4,2,1,sudden,"[1617, 2797]",[1596],5950,0.1,595,1,0,2
14930,log_3680_1708943461.xes,0.0,na,"['sudden', 'sudden', 'gradual']",3,4,2,1,gradual_start,[4386],[],5950,0.1,595,0,0,1
14931,log_3680_1708943461.xes,0.0,na,"['sudden', 'sudden', 'gradual']",3,4,2,1,gradual_end,[4752],[],5950,0.1,595,0,0,1
14932,log_3074_1708943456.xes,0.0,na,"['sudden', 'gradual', 'gradual']",3,5,1,2,no_drift,[],[],6663,0.1,666,0,0,0
14933,log_3074_1708943456.xes,0.0,na,"['sudden', 'gradual', 'gradual']",3,5,1,2,sudden,[1647],[1651],6663,0.1,666,1,0,1
14934,log_3074_1708943456.xes,0.0,na,"['sudden', 'gradual', 'gradual']",3,5,1,2,gradual_start,"[3242, 4743]",[],6663,0.1,666,0,0,2
14935,log_3074_1708943456.xes,0.0,na,"['sudden', 'gradual', 'gradual']",3,5,1,2,gradual_end,"[3709, 5289]",[],6663,0.1,666,0,0,2
14936,log_3230_1708943461.xes,0.6,na,"['gradual', 'gradual']",2,4,0,2,no_drift,[],[0],5667,0.1,566,0,1,0
14937,log_3230_1708943461.xes,0.6,na,"['gradual', 'gradual']",2,4,0,2,sudden,[],[],5667,0.1,566,0,0,0
14938,log_3230_1708943461.xes,0.6,na,"['gradual', 'gradual']",2,4,0,2,gradual_start,"[1484, 3784]",[],5667,0.1,566,0,0,2
14939,log_3230_1708943461.xes,0.6,na,"['gradual', 'gradual']",2,4,0,2,gradual_end,"[1817, 4164]",[],5667,0.1,566,0,0,2
14940,log_3492_1708943461.xes,0.0,na,[],0,0,0,0,no_drift,[0],[0],4028,0.1,402,1,0,1
14941,log_3492_1708943461.xes,0.0,na,[],0,0,0,0,sudden,[],[],4028,0.1,402,0,0,0
14942,log_3492_1708943461.xes,0.0,na,[],0,0,0,0,gradual_start,[],[],4028,0.1,402,0,0,0
14943,log_3492_1708943461.xes,0.0,na,[],0,0,0,0,gradual_end,[],[],4028,0.1,402,0,0,0
14944,log_3599_1708943445.xes,0.3,na,"['sudden', 'gradual', 'gradual']",3,5,1,2,no_drift,[],[],7151,0.1,715,0,0,0
14945,log_3599_1708943445.xes,0.3,na,"['sudden', 'gradual', 'gradual']",3,5,1,2,sudden,[1967],[1926],7151,0.1,715,1,0,1
14946,log_3599_1708943445.xes,0.3,na,"['sudden', 'gradual', 'gradual']",3,5,1,2,gradual_start,"[3297, 5739]","[5741, 3291]",7151,0.1,715,2,0,2
14947,log_3599_1708943445.xes,0.3,na,"['sudden', 'gradual', 'gradual']",3,5,1,2,gradual_end,"[3849, 6111]","[6126, 3851]",7151,0.1,715,2,0,2
14948,log_3488_1708943440.xes,0.0,na,"['gradual', 'sudden', 'sudden']",3,4,2,1,no_drift,[],[],6984,0.1,698,0,0,0
14949,log_3488_1708943440.xes,0.0,na,"['gradual', 'sudden', 'sudden']",3,4,2,1,sudden,"[3666, 5245]","[5237, 3639]",6984,0.1,698,2,0,2
14950,log_3488_1708943440.xes,0.0,na,"['gradual', 'sudden', 'sudden']",3,4,2,1,gradual_start,[1390],[1395],6984,0.1,698,1,0,1
14951,log_3488_1708943440.xes,0.0,na,"['gradual', 'sudden', 'sudden']",3,4,2,1,gradual_end,[1989],[1939],6984,0.1,698,1,0,1
14952,log_3190_1708943458.xes,0.0,na,"['gradual', 'gradual', 'gradual']",3,6,0,3,no_drift,[],[],6683,0.1,668,0,0,0
14953,log_3190_1708943458.xes,0.0,na,"['gradual', 'gradual', 'gradual']",3,6,0,3,sudden,[],[],6683,0.1,668,0,0,0
14954,log_3190_1708943458.xes,0.0,na,"['gradual', 'gradual', 'gradual']",3,6,0,3,gradual_start,"[1304, 3515, 5037]",[3466],6683,0.1,668,1,0,3
14955,log_3190_1708943458.xes,0.0,na,"['gradual', 'gradual', 'gradual']",3,6,0,3,gradual_end,"[1838, 3837, 5429]",[3796],6683,0.1,668,1,0,3
14956,log_3602_1708943462.xes,0.6,na,['gradual'],1,2,0,1,no_drift,[],[],3248,0.1,324,0,0,0
14957,log_3602_1708943462.xes,0.6,na,['gradual'],1,2,0,1,sudden,[],[],3248,0.1,324,0,0,0
14958,log_3602_1708943462.xes,0.6,na,['gradual'],1,2,0,1,gradual_start,[1821],[1825],3248,0.1,324,1,0,1
14959,log_3602_1708943462.xes,0.6,na,['gradual'],1,2,0,1,gradual_end,[2140],[2177],3248,0.1,324,1,0,1
14960,log_3716_1708943458.xes,0.6,na,"['sudden', 'sudden', 'sudden']",3,3,3,0,no_drift,[],[],5969,0.1,596,0,0,0
14961,log_3716_1708943458.xes,0.6,na,"['sudden', 'sudden', 'sudden']",3,3,3,0,sudden,"[1372, 2381, 4335]","[4293, 1335]",5969,0.1,596,2,0,3
14962,log_3716_1708943458.xes,0.6,na,"['sudden', 'sudden', 'sudden']",3,3,3,0,gradual_start,[],[],5969,0.1,596,0,0,0
14963,log_3716_1708943458.xes,0.6,na,"['sudden', 'sudden', 'sudden']",3,3,3,0,gradual_end,[],[],5969,0.1,596,0,0,0
14964,log_3339_1708943461.xes,0.0,na,"['gradual', 'gradual', 'gradual']",3,6,0,3,no_drift,[],[],6755,0.1,675,0,0,0
14965,log_3339_1708943461.xes,0.0,na,"['gradual', 'gradual', 'gradual']",3,6,0,3,sudden,[],[],6755,0.1,675,0,0,0
14966,log_3339_1708943461.xes,0.0,na,"['gradual', 'gradual', 'gradual']",3,6,0,3,gradual_start,"[1042, 2705, 4498]",[1024],6755,0.1,675,1,0,3
14967,log_3339_1708943461.xes,0.0,na,"['gradual', 'gradual', 'gradual']",3,6,0,3,gradual_end,"[1606, 3036, 4975]",[1618],6755,0.1,675,1,0,3
14968,log_3570_1708943464.xes,0.0,na,['gradual'],1,2,0,1,no_drift,[],[],3404,0.1,340,0,0,0
14969,log_3570_1708943464.xes,0.0,na,['gradual'],1,2,0,1,sudden,[],[],3404,0.1,340,0,0,0
14970,log_3570_1708943464.xes,0.0,na,['gradual'],1,2,0,1,gradual_start,[1400],[1361],3404,0.1,340,1,0,1
14971,log_3570_1708943464.xes,0.0,na,['gradual'],1,2,0,1,gradual_end,[1817],[1803],3404,0.1,340,1,0,1
14972,log_3569_1708943463.xes,0.3,na,[],0,0,0,0,no_drift,[0],[0],3182,0.1,318,1,0,1
14973,log_3569_1708943463.xes,0.3,na,[],0,0,0,0,sudden,[],[],3182,0.1,318,0,0,0
14974,log_3569_1708943463.xes,0.3,na,[],0,0,0,0,gradual_start,[],[],3182,0.1,318,0,0,0
14975,log_3569_1708943463.xes,0.3,na,[],0,0,0,0,gradual_end,[],[],3182,0.1,318,0,0,0
14976,log_3603_1708943463.xes,0.3,na,[],0,0,0,0,no_drift,[0],[0],5396,0.1,539,1,0,1
14977,log_3603_1708943463.xes,0.3,na,[],0,0,0,0,sudden,[],[],5396,0.1,539,0,0,0
14978,log_3603_1708943463.xes,0.3,na,[],0,0,0,0,gradual_start,[],[],5396,0.1,539,0,0,0
14979,log_3603_1708943463.xes,0.3,na,[],0,0,0,0,gradual_end,[],[],5396,0.1,539,0,0,0
14980,log_3191_1708943462.xes,0.3,na,[],0,0,0,0,no_drift,[0],[0],5583,0.1,558,1,0,1
14981,log_3191_1708943462.xes,0.3,na,[],0,0,0,0,sudden,[],[],5583,0.1,558,0,0,0
14982,log_3191_1708943462.xes,0.3,na,[],0,0,0,0,gradual_start,[],[],5583,0.1,558,0,0,0
14983,log_3191_1708943462.xes,0.3,na,[],0,0,0,0,gradual_end,[],[],5583,0.1,558,0,0,0
14984,log_3568_1708943459.xes,0.0,na,"['gradual', 'sudden', 'gradual']",3,5,1,2,no_drift,[],[],7512,0.1,751,0,0,0
14985,log_3568_1708943459.xes,0.0,na,"['gradual', 'sudden', 'gradual']",3,5,1,2,sudden,[3667],[3627],7512,0.1,751,1,0,1
14986,log_3568_1708943459.xes,0.0,na,"['gradual', 'sudden', 'gradual']",3,5,1,2,gradual_start,"[1265, 5653]",[],7512,0.1,751,0,0,2
14987,log_3568_1708943459.xes,0.0,na,"['gradual', 'sudden', 'gradual']",3,5,1,2,gradual_end,"[1760, 6084]",[],7512,0.1,751,0,0,2
14988,log_3304_1708943464.xes,0.6,na,[],0,0,0,0,no_drift,[0],[0],4684,0.1,468,1,0,1
14989,log_3304_1708943464.xes,0.6,na,[],0,0,0,0,sudden,[],[],4684,0.1,468,0,0,0
14990,log_3304_1708943464.xes,0.6,na,[],0,0,0,0,gradual_start,[],[],4684,0.1,468,0,0,0
14991,log_3304_1708943464.xes,0.6,na,[],0,0,0,0,gradual_end,[],[],4684,0.1,468,0,0,0
14992,log_3075_1708943460.xes,0.0,na,"['gradual', 'gradual']",2,4,0,2,no_drift,[],[],4908,0.1,490,0,0,0
14993,log_3075_1708943460.xes,0.0,na,"['gradual', 'gradual']",2,4,0,2,sudden,[],[],4908,0.1,490,0,0,0
14994,log_3075_1708943460.xes,0.0,na,"['gradual', 'gradual']",2,4,0,2,gradual_start,"[1076, 3218]",[3217],4908,0.1,490,1,0,2
14995,log_3075_1708943460.xes,0.0,na,"['gradual', 'gradual']",2,4,0,2,gradual_end,"[1378, 3601]",[3601],4908,0.1,490,1,0,2
14996,log_3303_1708943453.xes,0.3,na,[],0,0,0,0,no_drift,[0],[0],7788,0.1,778,1,0,1
14997,log_3303_1708943453.xes,0.3,na,[],0,0,0,0,sudden,[],[],7788,0.1,778,0,0,0
14998,log_3303_1708943453.xes,0.3,na,[],0,0,0,0,gradual_start,[],[],7788,0.1,778,0,0,0
14999,log_3303_1708943453.xes,0.3,na,[],0,0,0,0,gradual_end,[],[],7788,0.1,778,0,0,0
